 0.00000 0.00000 
0.00000 0.00000 
0.00000 0.00000 
0.00000 0.00000 
0.00000 0.00000 
0.00000 0.00000 
0.00000 0.00000 
0.00000 0.00000 
0.00000 0.00000 
0.00000 0.00000 
0.00000 0.00000 
0.00000 0.00000 
0.00000 0.00000 
0.00000 0.00000 
0.00000 0.00000 
0.00000 0.00000 
0.00000 0.00000 
0.00000 0.00000 
0.00000 0.00000 
0.00000 0.00000 
0.00000 0.00000 
0.00000 0.00000 
0.00000 0.00000 
0.00000 0.00000 
0.00000 0.00000 
0.00000 0.00000 
0.00000 0.00000 
0.00000 0.00000 
0.00000 0.00000 
0.00000 0.00000 
0.00000 0.00000 
0.00000 0.00000 
0.00000 0.00000 
0.00000 0.00000 
0.00000 0.00000 
0.00000 0.00000 
0.00000 0.00000 
0.00000 0.00000 
0.00000 0.00000 
0.00000 0.00000 
0.00000 0.00000 
0.00000 0.00000 
0.00000 0.00000 
0.00000 0.00000 
0.00000 0.00000 
0.00000 0.00000 
0.00000 0.00000 
0.00000 0.00000 
0.00000 0.00000 
0.00000 0.00000 
0.00000 0.00000 
0.00000 0.00000 
0.00000 0.00000 
0.00000 0.00000 
0.00000 0.00000 
0.00000 0.00000 
0.00000 0.00000 
0.00000 0.00000 
0.00000 0.00000 
0.00000 0.00000 
0.00000 0.00000 
0.00000 0.00000 
0.00000 0.00000 
0.00000 0.00000 
0.00000 0.00000 
0.00000 0.00000 
0.00000 0.00000 
0.00000 0.00000 
0.00000 0.00000 
0.00000 0.00000 
0.00000 0.00000 
0.00000 0.00000 
0.00000 0.00000 
0.00000 0.00000 
0.00000 0.00000 
0.00000 0.00000 
0.00000 0.00000 
0.00000 0.00000 
0.00000 0.00000 
0.00000 0.00000 
0.00000 0.00000 
0.00000 0.00000 
0.00000 0.00000 
0.00000 0.00000 
0.00000 0.00000 
0.00000 0.00000 
0.00000 0.00000 
0.00000 0.00000 
0.00000 0.00000 
0.00000 0.00000 
0.00000 0.00000 
0.00000 0.00000 
0.00000 0.00000 
0.00000 0.00000 
0.00000 0.00000 
0.00000 0.00000 
0.00000 0.00000 
0.00000 0.00000 
0.00000 0.00000 
0.00000 0.00000 
0.00000 0.00000 
0.00000 0.00000 
0.00000 0.00000 
0.00000 0.00000 
0.00000 0.00000 
0.00000 0.00000 
317.65100 1.00000 
321.76001 1.00000 
321.65100 1.00000 
324.06601 1.00000 
324.31601 1.00000 
323.68500 1.00000 
325.82300 1.00000 
326.06799 1.00000 
325.78601 1.00000 
327.26599 1.00000 
327.64200 1.00000 
327.97699 1.00000 
329.78101 1.00000 
329.98599 1.00000 
330.24301 1.00000 
331.67099 1.00000 
332.24200 1.00000 
332.33600 1.00000 
332.72800 1.00000 
333.00000 1.00000 
332.97299 1.00000 
333.12500 1.00000 
333.38000 1.00000 
333.45300 1.00000 
333.66800 1.00000 
334.24899 1.00000 
334.87701 1.00000 
335.30701 1.00000 
335.88901 1.00000 
336.50000 1.00000 
336.77499 1.00000 
336.71899 1.00000 
336.18799 1.00000 
335.46799 1.00000 
334.83401 1.00000 
334.27200 1.00000 
333.36200 1.00000 
332.79901 1.00000 
331.66800 1.00000 
330.32401 1.00000 
329.26199 1.00000 
328.12399 1.00000 
326.81799 1.00000 
326.11401 1.00000 
324.30600 1.00000 
323.08600 1.00000 
327.62601 1.00000 
346.35501 1.00000 
342.92200 1.00000 
330.03699 1.00000 
305.55399 1.00000 
309.64001 1.00000 
311.90100 1.00000 
315.18301 1.00000 
320.85999 1.00000 
321.84399 1.00000 
326.79599 1.00000 
329.25400 1.00000 
329.48901 1.00000 
332.18500 1.00000 
333.35901 1.00000 
334.79599 1.00000 
336.43799 1.00000 
336.98801 1.00000 
337.08200 1.00000 
335.57101 1.00000 
337.11099 1.00000 
335.73099 1.00000 
334.64700 1.00000 
335.08600 1.00000 
333.67401 1.00000 
333.43301 1.00000 
331.41199 1.00000 
329.99301 1.00000 
327.95300 1.00000 
325.38300 1.00000 
321.78500 1.00000 
320.16000 1.00000 
322.19199 1.00000 
322.12201 1.00000 
323.04599 1.00000 
324.96100 1.00000 
326.29999 1.00000 
327.20200 1.00000 
328.25000 1.00000 
330.52499 1.00000 
332.06100 1.00000 
333.12000 1.00000 
334.65500 1.00000 
335.59399 1.00000 
336.46899 1.00000 
336.65500 1.00000 
337.20901 1.00000 
336.53201 1.00000 
336.48700 1.00000 
336.73599 1.00000 
336.46201 1.00000 
337.27701 1.00000 
337.43201 1.00000 
337.67401 1.00000 
336.30701 1.00000 
335.92001 1.00000 
335.16101 1.00000 
333.54501 1.00000 
333.23901 1.00000 
332.65799 1.00000 
331.86801 1.00000 
331.20200 1.00000 
330.34399 1.00000 
329.94901 1.00000 
329.53799 1.00000 
329.39401 1.00000 
329.21201 1.00000 
329.21600 1.00000 
329.58899 1.00000 
330.11700 1.00000 
330.67801 1.00000 
331.29599 1.00000 
332.30301 1.00000 
332.91599 1.00000 
333.13699 1.00000 
333.37399 1.00000 
334.16101 1.00000 
334.41400 1.00000 
334.67499 1.00000 
335.30600 1.00000 
336.03601 1.00000 
336.35501 1.00000 
337.33499 1.00000 
338.32199 1.00000 
337.73700 1.00000 
337.63101 1.00000 
335.64999 1.00000 
332.11401 1.00000 
334.01700 1.00000 
332.41299 1.00000 
332.52399 1.00000 
335.41299 1.00000 
316.70700 1.00000 
321.34299 1.00000 
328.15500 1.00000 
329.46600 1.00000 
331.19501 1.00000 
330.95200 1.00000 
330.79501 1.00000 
331.67801 1.00000 
332.58899 1.00000 
333.04800 1.00000 
333.55701 1.00000 
333.90799 1.00000 
333.95700 1.00000 
334.23999 1.00000 
333.83401 1.00000 
333.96500 1.00000 
334.06799 1.00000 
333.96201 1.00000 
334.36301 1.00000 
334.58899 1.00000 
335.38199 1.00000 
335.95599 1.00000 
336.56601 1.00000 
337.56201 1.00000 
337.65302 1.00000 
337.85300 1.00000 
337.72501 1.00000 
337.44101 1.00000 
337.17801 1.00000 
337.06100 1.00000 
337.07401 1.00000 
336.76501 1.00000 
336.95999 1.00000 
336.51001 1.00000 
336.59601 1.00000 
336.35001 1.00000 
335.72000 1.00000 
335.33099 1.00000 
334.81500 1.00000 
336.68701 1.00000 
339.56500 1.00000 
339.98001 1.00000 
0.00000 0.00000 
0.00000 0.00000 
0.00000 0.00000 
441.35199 1.00000 
444.47400 1.00000 
449.25400 1.00000 
448.64001 1.00000 
449.89499 1.00000 
450.34299 1.00000 
450.29199 1.00000 
451.60800 1.00000 
450.84299 1.00000 
450.45999 1.00000 
451.19800 1.00000 
450.89899 1.00000 
449.84799 1.00000 
448.97400 1.00000 
448.78101 1.00000 
447.57101 1.00000 
445.95001 1.00000 
444.50201 1.00000 
442.84900 1.00000 
441.84000 1.00000 
441.27802 1.00000 
441.03000 1.00000 
441.32401 1.00000 
442.40399 1.00000 
442.49899 1.00000 
443.23801 1.00000 
444.19400 1.00000 
445.20300 1.00000 
446.14899 1.00000 
446.45499 1.00000 
447.13599 1.00000 
447.68301 1.00000 
448.51300 1.00000 
449.35101 1.00000 
450.82700 1.00000 
452.06299 1.00000 
452.07800 1.00000 
452.21100 1.00000 
452.54199 1.00000 
452.83801 1.00000 
452.73999 1.00000 
452.61099 1.00000 
452.24200 1.00000 
451.49600 1.00000 
450.73499 1.00000 
449.92099 1.00000 
448.83899 1.00000 
447.53101 1.00000 
446.45099 1.00000 
445.79999 1.00000 
444.93500 1.00000 
444.36801 1.00000 
443.61600 1.00000 
442.95599 1.00000 
442.39801 1.00000 
441.96500 1.00000 
441.84399 1.00000 
441.35001 1.00000 
441.56100 1.00000 
441.93201 1.00000 
442.44800 1.00000 
443.44800 1.00000 
444.72601 1.00000 
444.79001 1.00000 
445.42700 1.00000 
446.35999 1.00000 
447.21399 1.00000 
447.65201 1.00000 
448.67300 1.00000 
449.07199 1.00000 
450.97699 1.00000 
451.35999 1.00000 
451.15500 1.00000 
451.25299 1.00000 
450.76501 1.00000 
448.56299 1.00000 
428.85599 1.00000 
428.40201 1.00000 
423.82800 1.00000 
429.93399 1.00000 
435.87299 1.00000 
444.21399 1.00000 
447.32199 1.00000 
450.21701 1.00000 
447.57300 1.00000 
447.19699 1.00000 
449.50699 1.00000 
449.32101 1.00000 
448.59100 1.00000 
448.20499 1.00000 
449.48300 1.00000 
449.33801 1.00000 
448.74200 1.00000 
448.95901 1.00000 
449.12701 1.00000 
449.04700 1.00000 
448.61700 1.00000 
448.57300 1.00000 
448.84299 1.00000 
448.47000 1.00000 
448.35699 1.00000 
448.42999 1.00000 
448.58401 1.00000 
448.51300 1.00000 
447.67099 1.00000 
447.84500 1.00000 
447.50299 1.00000 
446.87799 1.00000 
446.01599 1.00000 
445.39499 1.00000 
444.94299 1.00000 
444.59100 1.00000 
445.05801 1.00000 
445.45499 1.00000 
443.80499 1.00000 
435.92899 1.00000 
405.93799 1.00000 
392.89700 1.00000 
390.59201 1.00000 
394.15500 1.00000 
0.00000 0.00000 
383.95001 1.00000 
388.03000 1.00000 
391.29700 1.00000 
393.24600 1.00000 
394.28101 1.00000 
394.46500 1.00000 
393.73700 1.00000 
392.53500 1.00000 
390.98199 1.00000 
389.51001 1.00000 
387.91299 1.00000 
386.06799 1.00000 
384.36700 1.00000 
384.01300 1.00000 
384.69501 1.00000 
385.94199 1.00000 
386.90399 1.00000 
388.15100 1.00000 
389.59900 1.00000 
390.56500 1.00000 
391.13400 1.00000 
391.52701 1.00000 
392.85501 1.00000 
394.46201 1.00000 
396.01700 1.00000 
397.18900 1.00000 
398.66501 1.00000 
399.54199 1.00000 
399.34799 1.00000 
398.75400 1.00000 
398.68900 1.00000 
399.13800 1.00000 
398.97101 1.00000 
398.87299 1.00000 
398.87100 1.00000 
398.54001 1.00000 
398.17599 1.00000 
397.82700 1.00000 
397.30600 1.00000 
396.71201 1.00000 
395.96399 1.00000 
395.10199 1.00000 
394.25699 1.00000 
393.34799 1.00000 
392.62100 1.00000 
392.00000 1.00000 
391.76099 1.00000 
391.92001 1.00000 
392.01501 1.00000 
391.98700 1.00000 
392.01999 1.00000 
392.28101 1.00000 
392.61801 1.00000 
393.08200 1.00000 
393.74799 1.00000 
394.65302 1.00000 
395.45099 1.00000 
395.93500 1.00000 
396.71201 1.00000 
397.05701 1.00000 
397.24500 1.00000 
397.29999 1.00000 
397.73801 1.00000 
397.99701 1.00000 
398.17700 1.00000 
398.13800 1.00000 
397.84698 1.00000 
397.79099 1.00000 
397.49500 1.00000 
397.05801 1.00000 
396.50000 1.00000 
396.16000 1.00000 
395.64401 1.00000 
395.08899 1.00000 
394.51300 1.00000 
393.60199 1.00000 
393.20401 1.00000 
392.22299 1.00000 
391.28799 1.00000 
390.79401 1.00000 
391.08600 1.00000 
390.93399 1.00000 
389.81400 1.00000 
388.54700 1.00000 
386.99500 1.00000 
388.77899 1.00000 
394.23801 1.00000 
395.81900 1.00000 
387.19400 1.00000 
386.63699 1.00000 
387.92700 1.00000 
391.04501 1.00000 
394.35999 1.00000 
396.49899 1.00000 
397.55499 1.00000 
398.01599 1.00000 
398.16199 1.00000 
398.52399 1.00000 
398.78900 1.00000 
398.92499 1.00000 
398.78500 1.00000 
398.42001 1.00000 
398.20200 1.00000 
398.15799 1.00000 
398.15701 1.00000 
398.05499 1.00000 
398.05801 1.00000 
398.04300 1.00000 
397.92200 1.00000 
397.69199 1.00000 
397.69501 1.00000 
397.67300 1.00000 
397.63199 1.00000 
397.46399 1.00000 
397.25900 1.00000 
397.03699 1.00000 
397.12399 1.00000 
397.01199 1.00000 
396.98901 1.00000 
397.76099 1.00000 
399.35199 1.00000 
399.78799 1.00000 
398.68399 1.00000 
397.29700 1.00000 
395.98300 1.00000 
395.77600 1.00000 
396.44199 1.00000 
395.49600 1.00000 
396.68201 1.00000 
397.01999 1.00000 
396.75699 1.00000 
395.65500 1.00000 
401.15701 1.00000 
394.40302 1.00000 
382.65302 1.00000 
394.49899 1.00000 
384.02100 1.00000 
371.36801 1.00000 
373.68600 1.00000 
361.23999 1.00000 
357.34601 1.00000 
340.72501 1.00000 
335.54300 1.00000 
341.19501 1.00000 
333.16400 1.00000 
331.70599 1.00000 
335.12000 1.00000 
328.17099 1.00000 
329.97501 1.00000 
333.34000 1.00000 
327.35101 1.00000 
332.12299 1.00000 
331.67401 1.00000 
327.66699 1.00000 
332.12201 1.00000 
332.16501 1.00000 
329.18201 1.00000 
333.17300 1.00000 
333.43701 1.00000 
331.04599 1.00000 
334.45001 1.00000 
335.30899 1.00000 
332.47198 1.00000 
334.11801 1.00000 
335.56699 1.00000 
333.65500 1.00000 
334.26700 1.00000 
336.67899 1.00000 
335.37601 1.00000 
334.73599 1.00000 
336.84201 1.00000 
335.44800 1.00000 
334.07800 1.00000 
334.56100 1.00000 
333.79501 1.00000 
332.95401 1.00000 
333.39401 1.00000 
333.39700 1.00000 
332.82501 1.00000 
333.33499 1.00000 
333.60599 1.00000 
333.34100 1.00000 
333.86200 1.00000 
334.54700 1.00000 
333.94400 1.00000 
334.49100 1.00000 
334.75500 1.00000 
334.57001 1.00000 
334.76099 1.00000 
334.78000 1.00000 
336.41699 1.00000 
338.09000 1.00000 
334.18500 1.00000 
333.78699 1.00000 
335.81299 1.00000 
330.04199 1.00000 
339.27701 1.00000 
339.17300 1.00000 
340.14099 1.00000 
343.32999 1.00000 
337.28500 1.00000 
343.26300 1.00000 
0.00000 0.00000 
0.00000 0.00000 
0.00000 0.00000 
0.00000 0.00000 
0.00000 0.00000 
0.00000 0.00000 
0.00000 0.00000 
0.00000 0.00000 
0.00000 0.00000 
266.43600 1.00000 
265.59500 1.00000 
266.70001 1.00000 
267.91699 1.00000 
267.51599 1.00000 
267.52499 1.00000 
268.06699 1.00000 
267.65799 1.00000 
267.48300 1.00000 
268.00101 1.00000 
267.84500 1.00000 
267.22198 1.00000 
267.27600 1.00000 
266.50699 1.00000 
266.44000 1.00000 
266.51001 1.00000 
266.46301 1.00000 
266.33301 1.00000 
266.20099 1.00000 
266.22501 1.00000 
266.31100 1.00000 
266.08701 1.00000 
266.00900 1.00000 
266.31500 1.00000 
266.15201 1.00000 
265.85699 1.00000 
266.08499 1.00000 
266.04800 1.00000 
266.08301 1.00000 
266.10101 1.00000 
266.17499 1.00000 
266.14200 1.00000 
266.28400 1.00000 
266.35699 1.00000 
266.32001 1.00000 
266.49200 1.00000 
266.51599 1.00000 
266.77899 1.00000 
266.90399 1.00000 
266.98801 1.00000 
266.70200 1.00000 
272.79599 1.00000 
272.75000 1.00000 
266.20200 1.00000 
0.00000 0.00000 
0.00000 0.00000 
0.00000 0.00000 
0.00000 0.00000 
0.00000 0.00000 
276.94101 1.00000 
276.63599 1.00000 
277.88000 1.00000 
278.98300 1.00000 
279.73499 1.00000 
280.45700 1.00000 
281.34500 1.00000 
282.62201 1.00000 
283.47699 1.00000 
283.88199 1.00000 
286.25101 1.00000 
287.79300 1.00000 
287.91800 1.00000 
289.40201 1.00000 
290.27701 1.00000 
291.68301 1.00000 
291.60901 1.00000 
291.62100 1.00000 
292.67001 1.00000 
293.34399 1.00000 
294.39600 1.00000 
294.43600 1.00000 
294.53201 1.00000 
294.69601 1.00000 
294.78799 1.00000 
295.38501 1.00000 
295.86600 1.00000 
296.19000 1.00000 
296.56299 1.00000 
296.53900 1.00000 
296.87201 1.00000 
296.63800 1.00000 
296.53101 1.00000 
295.80600 1.00000 
296.01599 1.00000 
296.46600 1.00000 
296.51401 1.00000 
296.60599 1.00000 
296.51700 1.00000 
296.37100 1.00000 
296.48099 1.00000 
296.76199 1.00000 
296.57999 1.00000 
296.45001 1.00000 
295.91000 1.00000 
295.42099 1.00000 
295.41800 1.00000 
295.23001 1.00000 
294.83099 1.00000 
294.56100 1.00000 
294.16901 1.00000 
294.21201 1.00000 
294.41501 1.00000 
293.99200 1.00000 
293.62900 1.00000 
293.23700 1.00000 
292.99701 1.00000 
292.71600 1.00000 
292.68500 1.00000 
292.70300 1.00000 
292.82501 1.00000 
292.81100 1.00000 
292.60901 1.00000 
292.73401 1.00000 
292.75699 1.00000 
292.75299 1.00000 
292.53299 1.00000 
292.57101 1.00000 
292.46399 1.00000 
292.94101 1.00000 
293.09799 1.00000 
293.70599 1.00000 
293.95901 1.00000 
294.19000 1.00000 
294.32300 1.00000 
294.43900 1.00000 
294.95099 1.00000 
295.02100 1.00000 
295.11301 1.00000 
294.92899 1.00000 
294.24100 1.00000 
292.81601 1.00000 
291.57599 1.00000 
290.33401 1.00000 
291.43900 1.00000 
292.12399 1.00000 
297.06000 1.00000 
293.46399 1.00000 
290.93900 1.00000 
294.72000 1.00000 
295.62900 1.00000 
295.41501 1.00000 
296.06500 1.00000 
296.26401 1.00000 
296.12201 1.00000 
296.80399 1.00000 
296.02100 1.00000 
296.44101 1.00000 
296.59698 1.00000 
296.57501 1.00000 
296.35901 1.00000 
296.57300 1.00000 
296.50500 1.00000 
296.25500 1.00000 
296.44400 1.00000 
296.56799 1.00000 
296.53799 1.00000 
296.58099 1.00000 
296.69901 1.00000 
296.76300 1.00000 
296.70300 1.00000 
296.89499 1.00000 
296.85999 1.00000 
296.80301 1.00000 
296.77399 1.00000 
296.55499 1.00000 
296.65399 1.00000 
296.24301 1.00000 
295.14499 1.00000 
296.84698 1.00000 
296.14001 1.00000 
296.86301 1.00000 
296.71301 1.00000 
295.43500 1.00000 
296.01300 1.00000 
295.00500 1.00000 
0.00000 0.00000 
0.00000 0.00000 
387.63501 1.00000 
385.98199 1.00000 
386.40500 1.00000 
387.66000 1.00000 
388.38699 1.00000 
388.45901 1.00000 
387.19601 1.00000 
385.22198 1.00000 
383.27200 1.00000 
381.89801 1.00000 
381.88300 1.00000 
382.87799 1.00000 
384.23499 1.00000 
385.80701 1.00000 
387.51401 1.00000 
388.99500 1.00000 
389.87100 1.00000 
390.84201 1.00000 
391.97299 1.00000 
393.37900 1.00000 
395.42001 1.00000 
397.00900 1.00000 
397.26199 1.00000 
397.00900 1.00000 
396.49899 1.00000 
396.45001 1.00000 
396.31601 1.00000 
396.02200 1.00000 
396.26700 1.00000 
396.29199 1.00000 
395.90399 1.00000 
395.71701 1.00000 
395.16599 1.00000 
394.53500 1.00000 
393.90701 1.00000 
393.37799 1.00000 
392.69601 1.00000 
392.07700 1.00000 
391.20700 1.00000 
390.40201 1.00000 
389.64401 1.00000 
389.31000 1.00000 
389.43600 1.00000 
389.57700 1.00000 
389.44699 1.00000 
389.62000 1.00000 
389.68301 1.00000 
390.11499 1.00000 
390.03000 1.00000 
390.10901 1.00000 
390.20801 1.00000 
390.55701 1.00000 
391.06799 1.00000 
391.97299 1.00000 
393.32599 1.00000 
394.65399 1.00000 
395.93100 1.00000 
396.65500 1.00000 
396.57999 1.00000 
396.14200 1.00000 
396.06500 1.00000 
395.95499 1.00000 
395.46500 1.00000 
395.42700 1.00000 
395.19000 1.00000 
395.18799 1.00000 
394.79800 1.00000 
394.42700 1.00000 
393.60501 1.00000 
392.93201 1.00000 
392.31601 1.00000 
391.78799 1.00000 
391.12500 1.00000 
390.55301 1.00000 
389.61600 1.00000 
388.44800 1.00000 
386.80801 1.00000 
384.91599 1.00000 
380.97800 1.00000 
379.56400 1.00000 
384.92899 1.00000 
386.46500 1.00000 
385.39700 1.00000 
376.09100 1.00000 
381.26199 1.00000 
386.18201 1.00000 
388.98199 1.00000 
389.62900 1.00000 
390.26700 1.00000 
391.51401 1.00000 
391.95401 1.00000 
392.50201 1.00000 
393.45999 1.00000 
394.19501 1.00000 
394.42499 1.00000 
394.66000 1.00000 
394.60101 1.00000 
394.52200 1.00000 
394.38901 1.00000 
394.06500 1.00000 
393.47501 1.00000 
393.26901 1.00000 
393.39200 1.00000 
393.26801 1.00000 
393.02200 1.00000 
393.07999 1.00000 
392.90201 1.00000 
392.72800 1.00000 
392.26700 1.00000 
391.95099 1.00000 
391.43201 1.00000 
390.77301 1.00000 
389.98801 1.00000 
389.69800 1.00000 
389.85501 1.00000 
389.17499 1.00000 
388.90900 1.00000 
389.31100 1.00000 
388.97501 1.00000 
388.36499 1.00000 
387.75201 1.00000 
387.44901 1.00000 
388.70999 1.00000 
390.00500 1.00000 
389.34500 1.00000 
386.33801 1.00000 
375.59500 1.00000 
366.96399 1.00000 
382.07700 1.00000 
387.72800 1.00000 
383.59601 1.00000 
315.45401 1.00000 
324.63800 1.00000 
323.02600 1.00000 
320.26901 1.00000 
325.35101 1.00000 
325.32700 1.00000 
325.01501 1.00000 
326.03699 1.00000 
324.31100 1.00000 
323.26501 1.00000 
322.69601 1.00000 
321.86401 1.00000 
320.58899 1.00000 
320.04800 1.00000 
319.34799 1.00000 
319.60599 1.00000 
319.60199 1.00000 
319.63800 1.00000 
320.13199 1.00000 
320.03000 1.00000 
320.07999 1.00000 
320.45801 1.00000 
320.96899 1.00000 
321.87900 1.00000 
322.90799 1.00000 
323.33401 1.00000 
323.93201 1.00000 
324.47800 1.00000 
325.04700 1.00000 
325.35999 1.00000 
326.10199 1.00000 
326.53101 1.00000 
327.15799 1.00000 
327.37000 1.00000 
327.62201 1.00000 
327.78201 1.00000 
327.70001 1.00000 
327.78799 1.00000 
327.69501 1.00000 
327.83899 1.00000 
327.58200 1.00000 
326.96100 1.00000 
326.50601 1.00000 
325.98801 1.00000 
325.22198 1.00000 
324.71399 1.00000 
324.27100 1.00000 
323.35699 1.00000 
322.90500 1.00000 
322.69699 1.00000 
322.81500 1.00000 
322.88400 1.00000 
322.85199 1.00000 
322.97900 1.00000 
323.10001 1.00000 
323.25400 1.00000 
323.00400 1.00000 
322.83600 1.00000 
324.21100 1.00000 
324.15399 1.00000 
324.14301 1.00000 
325.20999 1.00000 
325.06100 1.00000 
325.31900 1.00000 
326.25601 1.00000 
326.26700 1.00000 
326.53900 1.00000 
327.21799 1.00000 
327.56500 1.00000 
327.62500 1.00000 
328.00800 1.00000 
328.66599 1.00000 
328.79700 1.00000 
328.70901 1.00000 
328.70901 1.00000 
328.45099 1.00000 
327.88300 1.00000 
327.39899 1.00000 
327.20401 1.00000 
326.96201 1.00000 
326.30099 1.00000 
326.07501 1.00000 
325.48999 1.00000 
325.28299 1.00000 
324.70801 1.00000 
324.12701 1.00000 
324.19299 1.00000 
324.01901 1.00000 
323.88699 1.00000 
324.10999 1.00000 
324.38101 1.00000 
324.55399 1.00000 
325.29300 1.00000 
325.06201 1.00000 
324.83899 1.00000 
325.50201 1.00000 
325.57800 1.00000 
325.87100 1.00000 
326.57101 1.00000 
326.96799 1.00000 
327.05899 1.00000 
327.48199 1.00000 
328.30099 1.00000 
328.67499 1.00000 
329.08499 1.00000 
329.30701 1.00000 
329.89600 1.00000 
330.18301 1.00000 
330.63501 1.00000 
330.93100 1.00000 
330.17801 1.00000 
330.16800 1.00000 
330.29001 1.00000 
329.85300 1.00000 
329.23999 1.00000 
329.45001 1.00000 
328.89099 1.00000 
329.24600 1.00000 
329.44901 1.00000 
328.77399 1.00000 
329.00201 1.00000 
329.29901 1.00000 
328.87201 1.00000 
328.69501 1.00000 
329.45099 1.00000 
328.87100 1.00000 
328.76300 1.00000 
329.47900 1.00000 
329.14499 1.00000 
329.85800 1.00000 
329.95499 1.00000 
329.34201 1.00000 
329.44400 1.00000 
328.61600 1.00000 
328.02701 1.00000 
330.22299 1.00000 
329.76199 1.00000 
329.13199 1.00000 
330.42401 1.00000 
330.31000 1.00000 
330.07999 1.00000 
330.00201 1.00000 
329.00800 1.00000 
332.66501 1.00000 
329.02200 1.00000 
328.85599 1.00000 
330.37799 1.00000 
329.48801 1.00000 
328.84299 1.00000 
331.00400 1.00000 
330.65799 1.00000 
331.57599 1.00000 
332.45001 1.00000 
331.81900 1.00000 
332.23999 1.00000 
329.84500 1.00000 
327.34100 1.00000 
327.26700 1.00000 
330.44601 1.00000 
327.63400 1.00000 
327.35800 1.00000 
334.83801 1.00000 
0.00000 0.00000 
0.00000 0.00000 
0.00000 0.00000 
0.00000 0.00000 
0.00000 0.00000 
0.00000 0.00000 
0.00000 0.00000 
0.00000 0.00000 
0.00000 0.00000 
0.00000 0.00000 
0.00000 0.00000 
0.00000 0.00000 
0.00000 0.00000 
0.00000 0.00000 
0.00000 0.00000 
0.00000 0.00000 
0.00000 0.00000 
0.00000 0.00000 
0.00000 0.00000 
0.00000 0.00000 
0.00000 0.00000 
0.00000 0.00000 
0.00000 0.00000 
0.00000 0.00000 
0.00000 0.00000 
0.00000 0.00000 
0.00000 0.00000 
0.00000 0.00000 
0.00000 0.00000 
403.43500 1.00000 
415.41299 1.00000 
438.12000 1.00000 
439.48199 1.00000 
443.52802 1.00000 
442.08301 1.00000 
441.51599 1.00000 
441.73599 1.00000 
442.30600 1.00000 
443.46100 1.00000 
442.96399 1.00000 
442.18900 1.00000 
442.45200 1.00000 
442.85001 1.00000 
443.08801 1.00000 
442.81900 1.00000 
442.62299 1.00000 
443.18701 1.00000 
443.31100 1.00000 
443.23801 1.00000 
443.07199 1.00000 
443.12000 1.00000 
443.28799 1.00000 
443.39401 1.00000 
443.03900 1.00000 
443.07800 1.00000 
443.01099 1.00000 
443.19101 1.00000 
443.02301 1.00000 
442.85001 1.00000 
442.67200 1.00000 
443.09299 1.00000 
443.03699 1.00000 
442.93701 1.00000 
442.68900 1.00000 
442.78900 1.00000 
442.60001 1.00000 
442.77600 1.00000 
442.36801 1.00000 
442.53799 1.00000 
442.22000 1.00000 
298.03900 1.00000 
295.86200 1.00000 
294.64899 1.00000 
295.25400 1.00000 
295.07999 1.00000 
294.60599 1.00000 
295.04501 1.00000 
294.55301 1.00000 
294.64001 1.00000 
294.04001 1.00000 
294.23099 1.00000 
292.42899 1.00000 
0.00000 0.00000 
0.00000 0.00000 
0.00000 0.00000 
441.94101 1.00000 
439.36801 1.00000 
439.73099 1.00000 
442.22699 1.00000 
443.02399 1.00000 
443.32401 1.00000 
443.80801 1.00000 
443.87100 1.00000 
443.91699 1.00000 
443.92200 1.00000 
444.16400 1.00000 
444.44601 1.00000 
444.31000 1.00000 
444.38199 1.00000 
444.34100 1.00000 
444.31201 1.00000 
444.22900 1.00000 
444.19000 1.00000 
444.00400 1.00000 
443.90601 1.00000 
443.88000 1.00000 
443.80099 1.00000 
443.94501 1.00000 
443.88800 1.00000 
443.88400 1.00000 
443.91699 1.00000 
443.93201 1.00000 
443.85001 1.00000 
443.70901 1.00000 
443.52100 1.00000 
443.56299 1.00000 
443.41800 1.00000 
443.27499 1.00000 
442.98401 1.00000 
442.99899 1.00000 
442.90601 1.00000 
442.46201 1.00000 
0.00000 0.00000 
0.00000 0.00000 
439.31400 1.00000 
439.07800 1.00000 
438.92499 1.00000 
441.75699 1.00000 
442.44199 1.00000 
442.68799 1.00000 
443.10199 1.00000 
443.09000 1.00000 
443.35400 1.00000 
443.33099 1.00000 
443.37601 1.00000 
443.61899 1.00000 
443.76801 1.00000 
443.77802 1.00000 
443.71500 1.00000 
443.59299 1.00000 
443.51001 1.00000 
443.71500 1.00000 
443.55099 1.00000 
443.48801 1.00000 
443.54501 1.00000 
443.52301 1.00000 
443.73901 1.00000 
443.48199 1.00000 
443.53900 1.00000 
443.47800 1.00000 
443.42499 1.00000 
443.43799 1.00000 
443.34100 1.00000 
443.27701 1.00000 
443.26099 1.00000 
443.39999 1.00000 
443.23901 1.00000 
442.94101 1.00000 
442.81900 1.00000 
443.03500 1.00000 
443.08499 1.00000 
442.88400 1.00000 
442.83801 1.00000 
442.84601 1.00000 
442.69400 1.00000 
442.74200 1.00000 
442.63599 1.00000 
442.57101 1.00000 
442.56799 1.00000 
442.57999 1.00000 
442.35901 1.00000 
441.97198 1.00000 
441.76999 1.00000 
440.89001 1.00000 
438.65201 1.00000 
437.82501 1.00000 
436.54901 1.00000 
436.78799 1.00000 
440.40302 1.00000 
443.80600 1.00000 
438.58600 1.00000 
0.00000 0.00000 
0.00000 0.00000 
0.00000 0.00000 
0.00000 0.00000 
0.00000 0.00000 
458.44501 1.00000 
463.89099 1.00000 
465.78201 1.00000 
466.11499 1.00000 
467.91101 1.00000 
468.40601 1.00000 
468.97400 1.00000 
469.77499 1.00000 
470.46899 1.00000 
471.26901 1.00000 
472.17200 1.00000 
473.40799 1.00000 
475.75601 1.00000 
478.37799 1.00000 
481.11099 1.00000 
483.57300 1.00000 
486.49100 1.00000 
491.02701 1.00000 
493.32101 1.00000 
494.74200 1.00000 
496.53900 1.00000 
499.42401 1.00000 
501.70999 1.00000 
503.08600 1.00000 
503.68701 1.00000 
504.00400 1.00000 
504.00101 1.00000 
504.06500 1.00000 
504.35101 1.00000 
503.87100 1.00000 
503.27499 1.00000 
503.40500 1.00000 
503.10999 1.00000 
502.29001 1.00000 
502.18799 1.00000 
501.72299 1.00000 
501.76199 1.00000 
501.51599 1.00000 
501.69800 1.00000 
501.31100 1.00000 
501.56699 1.00000 
501.53201 1.00000 
501.47601 1.00000 
501.45901 1.00000 
501.57001 1.00000 
501.62399 1.00000 
502.01999 1.00000 
502.03201 1.00000 
502.39401 1.00000 
502.34299 1.00000 
502.40201 1.00000 
502.75800 1.00000 
502.99600 1.00000 
502.77802 1.00000 
502.98499 1.00000 
503.22699 1.00000 
503.55200 1.00000 
503.11801 1.00000 
503.60101 1.00000 
503.67801 1.00000 
504.14700 1.00000 
503.77499 1.00000 
503.88800 1.00000 
503.44501 1.00000 
503.36200 1.00000 
503.76901 1.00000 
503.69901 1.00000 
503.50400 1.00000 
502.79099 1.00000 
502.54199 1.00000 
502.57300 1.00000 
502.56000 1.00000 
500.20901 1.00000 
497.70099 1.00000 
497.26901 1.00000 
482.62799 1.00000 
443.98300 1.00000 
440.98901 1.00000 
441.85001 1.00000 
441.95300 1.00000 
442.35999 1.00000 
441.97501 1.00000 
442.59601 1.00000 
442.06000 1.00000 
442.31100 1.00000 
442.48999 1.00000 
442.28299 1.00000 
442.38101 1.00000 
442.51901 1.00000 
442.63901 1.00000 
442.35699 1.00000 
442.73001 1.00000 
442.51801 1.00000 
442.41901 1.00000 
442.48901 1.00000 
442.54300 1.00000 
442.43900 1.00000 
442.41699 1.00000 
442.66101 1.00000 
442.42700 1.00000 
442.43799 1.00000 
442.58401 1.00000 
442.39099 1.00000 
442.68399 1.00000 
442.32501 1.00000 
442.39001 1.00000 
442.37601 1.00000 
442.34201 1.00000 
442.44299 1.00000 
442.24399 1.00000 
442.32001 1.00000 
442.18399 1.00000 
442.12299 1.00000 
442.20999 1.00000 
442.06201 1.00000 
441.98199 1.00000 
441.96701 1.00000 
442.24301 1.00000 
441.96600 1.00000 
441.50699 1.00000 
441.61301 1.00000 
442.05600 1.00000 
442.64899 1.00000 
441.91101 1.00000 
441.39499 1.00000 
437.39999 1.00000 
438.99399 1.00000 
427.80801 1.00000 
429.41199 1.00000 
428.28299 1.00000 
439.87601 1.00000 
429.04099 1.00000 
445.02499 1.00000 
443.32001 1.00000 
426.73401 1.00000 
397.35101 1.00000 
392.87201 1.00000 
394.33301 1.00000 
395.56601 1.00000 
397.46701 1.00000 
396.36899 1.00000 
395.77200 1.00000 
396.29800 1.00000 
394.61099 1.00000 
393.64700 1.00000 
392.74500 1.00000 
391.71301 1.00000 
390.61401 1.00000 
388.97501 1.00000 
386.94699 1.00000 
385.38300 1.00000 
383.73300 1.00000 
383.31299 1.00000 
384.44601 1.00000 
385.57700 1.00000 
386.48599 1.00000 
387.86099 1.00000 
388.89001 1.00000 
389.29800 1.00000 
389.73099 1.00000 
390.57001 1.00000 
391.25201 1.00000 
392.20999 1.00000 
393.06400 1.00000 
393.99301 1.00000 
394.78201 1.00000 
394.74701 1.00000 
394.48401 1.00000 
394.14099 1.00000 
393.74301 1.00000 
392.55399 1.00000 
391.99600 1.00000 
392.14999 1.00000 
392.87500 1.00000 
393.19601 1.00000 
393.95499 1.00000 
395.08301 1.00000 
388.66599 1.00000 
382.07599 1.00000 
383.46100 1.00000 
375.33301 1.00000 
371.31201 1.00000 
369.84299 1.00000 
371.01599 1.00000 
329.37100 1.00000 
328.77499 1.00000 
332.97900 1.00000 
332.19800 1.00000 
331.32901 1.00000 
336.25000 1.00000 
329.39600 1.00000 
328.15799 1.00000 
325.38901 1.00000 
322.51599 1.00000 
321.75101 1.00000 
323.17599 1.00000 
323.01999 1.00000 
324.66901 1.00000 
329.71201 1.00000 
326.76999 1.00000 
327.19299 1.00000 
328.91199 1.00000 
325.69601 1.00000 
326.15799 1.00000 
325.97601 1.00000 
324.47699 1.00000 
324.93900 1.00000 
325.29901 1.00000 
325.18500 1.00000 
326.46399 1.00000 
326.75601 1.00000 
326.70999 1.00000 
328.54199 1.00000 
327.61600 1.00000 
327.88101 1.00000 
328.32599 1.00000 
327.41599 1.00000 
327.52499 1.00000 
328.31799 1.00000 
328.00699 1.00000 
328.90201 1.00000 
329.80899 1.00000 
329.81900 1.00000 
330.35400 1.00000 
330.69501 1.00000 
329.94000 1.00000 
329.94901 1.00000 
330.10800 1.00000 
329.69901 1.00000 
329.75500 1.00000 
330.15100 1.00000 
330.03400 1.00000 
330.32800 1.00000 
330.59100 1.00000 
330.42200 1.00000 
330.53699 1.00000 
330.35400 1.00000 
330.23599 1.00000 
329.93799 1.00000 
329.98499 1.00000 
329.98801 1.00000 
329.76199 1.00000 
330.22000 1.00000 
330.29901 1.00000 
330.04300 1.00000 
329.54401 1.00000 
329.05701 1.00000 
328.54401 1.00000 
328.46301 1.00000 
328.69000 1.00000 
328.84201 1.00000 
330.05301 1.00000 
329.36099 1.00000 
329.02802 1.00000 
328.82401 1.00000 
328.34201 1.00000 
323.55899 1.00000 
325.78500 1.00000 
325.85400 1.00000 
0.00000 0.00000 
0.00000 0.00000 
0.00000 0.00000 
0.00000 0.00000 
265.97299 1.00000 
264.58600 1.00000 
266.03601 1.00000 
265.84500 1.00000 
266.34299 1.00000 
265.82901 1.00000 
265.77399 1.00000 
265.54599 1.00000 
264.68799 1.00000 
263.85501 1.00000 
262.92899 1.00000 
261.92700 1.00000 
260.78299 1.00000 
259.71301 1.00000 
258.44101 1.00000 
257.61499 1.00000 
257.13400 1.00000 
257.15799 1.00000 
257.62601 1.00000 
257.80600 1.00000 
257.99301 1.00000 
258.19901 1.00000 
258.60501 1.00000 
259.00699 1.00000 
259.96600 1.00000 
260.89600 1.00000 
261.72900 1.00000 
262.65302 1.00000 
263.95901 1.00000 
264.57401 1.00000 
265.05099 1.00000 
265.89001 1.00000 
266.37100 1.00000 
266.58200 1.00000 
268.46701 1.00000 
268.48901 1.00000 
266.69400 1.00000 
266.59698 1.00000 
266.55099 1.00000 
266.46201 1.00000 
266.23801 1.00000 
266.27499 1.00000 
266.09799 1.00000 
265.51501 1.00000 
265.13501 1.00000 
264.85400 1.00000 
264.19400 1.00000 
263.69699 1.00000 
263.19501 1.00000 
262.57599 1.00000 
262.02701 1.00000 
261.65601 1.00000 
261.61700 1.00000 
261.21301 1.00000 
260.21701 1.00000 
260.67401 1.00000 
260.22900 1.00000 
260.87500 1.00000 
261.27499 1.00000 
261.65900 1.00000 
262.01199 1.00000 
262.38000 1.00000 
262.91800 1.00000 
263.41101 1.00000 
263.62399 1.00000 
264.24701 1.00000 
265.04999 1.00000 
265.35001 1.00000 
265.42801 1.00000 
265.54700 1.00000 
265.38199 1.00000 
265.36899 1.00000 
265.43399 1.00000 
265.25101 1.00000 
265.14801 1.00000 
265.13300 1.00000 
265.25299 1.00000 
265.36301 1.00000 
268.50400 1.00000 
273.24799 1.00000 
272.60901 1.00000 
265.30801 1.00000 
256.95599 1.00000 
254.11600 1.00000 
256.21399 1.00000 
279.80600 1.00000 
283.65701 1.00000 
286.03299 1.00000 
289.07199 1.00000 
292.15302 1.00000 
291.32901 1.00000 
290.21899 1.00000 
289.89099 1.00000 
290.80301 1.00000 
290.93701 1.00000 
291.45599 1.00000 
291.41199 1.00000 
291.76700 1.00000 
291.47000 1.00000 
291.05899 1.00000 
291.38599 1.00000 
291.63199 1.00000 
291.71500 1.00000 
291.79501 1.00000 
291.82901 1.00000 
291.66199 1.00000 
291.75000 1.00000 
291.60501 1.00000 
291.56699 1.00000 
291.42999 1.00000 
291.44800 1.00000 
291.51300 1.00000 
291.35199 1.00000 
291.29199 1.00000 
291.21899 1.00000 
290.96100 1.00000 
290.92999 1.00000 
290.73199 1.00000 
290.44199 1.00000 
289.99799 1.00000 
289.97101 1.00000 
289.78799 1.00000 
289.66101 1.00000 
289.71799 1.00000 
289.07599 1.00000 
289.35400 1.00000 
291.66101 1.00000 
299.02499 1.00000 
0.00000 0.00000 
0.00000 0.00000 
0.00000 0.00000 
0.00000 0.00000 
0.00000 0.00000 
310.18799 1.00000 
309.51999 1.00000 
310.92999 1.00000 
311.84201 1.00000 
312.44901 1.00000 
312.71500 1.00000 
312.87900 1.00000 
313.31601 1.00000 
314.41199 1.00000 
315.22699 1.00000 
316.95801 1.00000 
318.08600 1.00000 
319.80899 1.00000 
321.82599 1.00000 
323.67300 1.00000 
325.93301 1.00000 
327.63300 1.00000 
329.62701 1.00000 
331.58401 1.00000 
333.55701 1.00000 
334.47900 1.00000 
334.96701 1.00000 
335.66299 1.00000 
336.00900 1.00000 
335.57401 1.00000 
335.36801 1.00000 
335.46100 1.00000 
334.99200 1.00000 
334.46500 1.00000 
334.01901 1.00000 
334.17499 1.00000 
333.75500 1.00000 
334.03400 1.00000 
333.91901 1.00000 
332.94699 1.00000 
333.09299 1.00000 
332.86600 1.00000 
332.09299 1.00000 
332.27802 1.00000 
332.60999 1.00000 
332.44400 1.00000 
333.18600 1.00000 
332.69400 1.00000 
330.78101 1.00000 
330.37701 1.00000 
329.72601 1.00000 
331.27499 1.00000 
325.50101 1.00000 
324.85101 1.00000 
323.57199 1.00000 
296.40201 1.00000 
290.31900 1.00000 
296.20499 1.00000 
293.81601 1.00000 
293.60999 1.00000 
295.93301 1.00000 
293.44101 1.00000 
293.43701 1.00000 
295.10699 1.00000 
293.78400 1.00000 
293.57999 1.00000 
294.26901 1.00000 
292.36801 1.00000 
293.01401 1.00000 
293.99301 1.00000 
293.17801 1.00000 
293.38699 1.00000 
293.39099 1.00000 
293.11499 1.00000 
294.19501 1.00000 
294.01401 1.00000 
293.41599 1.00000 
293.79099 1.00000 
293.70801 1.00000 
293.82599 1.00000 
294.12299 1.00000 
293.47400 1.00000 
292.78900 1.00000 
293.28000 1.00000 
293.62601 1.00000 
293.53601 1.00000 
293.04700 1.00000 
292.67300 1.00000 
292.72400 1.00000 
293.18600 1.00000 
292.86499 1.00000 
292.76401 1.00000 
292.91599 1.00000 
292.94699 1.00000 
293.23401 1.00000 
293.10001 1.00000 
292.94299 1.00000 
293.18500 1.00000 
293.13501 1.00000 
293.35400 1.00000 
293.29001 1.00000 
292.95001 1.00000 
292.79199 1.00000 
293.20300 1.00000 
293.10501 1.00000 
293.18900 1.00000 
293.03299 1.00000 
293.12900 1.00000 
293.34299 1.00000 
293.46701 1.00000 
293.25601 1.00000 
293.20801 1.00000 
293.29099 1.00000 
293.25400 1.00000 
293.02399 1.00000 
293.06500 1.00000 
293.28799 1.00000 
293.79501 1.00000 
294.18701 1.00000 
293.66000 1.00000 
294.15302 1.00000 
294.51999 1.00000 
295.03101 1.00000 
293.37799 1.00000 
294.45599 1.00000 
283.63599 1.00000 
296.56100 1.00000 
300.35599 1.00000 
295.15100 1.00000 
264.14600 1.00000 
262.70401 1.00000 
264.55499 1.00000 
265.19699 1.00000 
265.53101 1.00000 
265.77100 1.00000 
267.09299 1.00000 
267.77100 1.00000 
267.86499 1.00000 
267.90399 1.00000 
267.87701 1.00000 
267.88800 1.00000 
267.76501 1.00000 
267.50101 1.00000 
267.23999 1.00000 
266.90302 1.00000 
266.20001 1.00000 
265.36801 1.00000 
264.28799 1.00000 
263.43600 1.00000 
262.62500 1.00000 
260.30301 1.00000 
260.23801 1.00000 
260.15201 1.00000 
259.43600 1.00000 
259.56500 1.00000 
259.78699 1.00000 
259.97198 1.00000 
259.98099 1.00000 
260.46600 1.00000 
260.77301 1.00000 
260.32901 1.00000 
261.87799 1.00000 
260.53201 1.00000 
263.08401 1.00000 
260.73300 1.00000 
264.51300 1.00000 
260.98599 1.00000 
266.79401 1.00000 
267.32101 1.00000 
267.39099 1.00000 
266.60400 1.00000 
265.94101 1.00000 
265.81201 1.00000 
265.30301 1.00000 
265.02499 1.00000 
265.06000 1.00000 
264.69101 1.00000 
264.45300 1.00000 
264.07001 1.00000 
263.59399 1.00000 
263.14899 1.00000 
263.04599 1.00000 
262.52200 1.00000 
262.27301 1.00000 
261.79901 1.00000 
261.40302 1.00000 
261.10699 1.00000 
260.99100 1.00000 
260.93600 1.00000 
261.05099 1.00000 
261.21301 1.00000 
261.25900 1.00000 
261.69501 1.00000 
262.01199 1.00000 
262.48700 1.00000 
262.66599 1.00000 
263.44299 1.00000 
263.80801 1.00000 
263.88699 1.00000 
263.97198 1.00000 
264.04501 1.00000 
263.94901 1.00000 
263.79300 1.00000 
263.24701 1.00000 
262.83099 1.00000 
261.33301 1.00000 
260.15399 1.00000 
258.41299 1.00000 
257.86499 1.00000 
256.13800 1.00000 
0.00000 0.00000 
0.00000 0.00000 
0.00000 0.00000 
0.00000 0.00000 
0.00000 0.00000 
0.00000 0.00000 
0.00000 0.00000 
0.00000 0.00000 
0.00000 0.00000 
0.00000 0.00000 
0.00000 0.00000 
0.00000 0.00000 
0.00000 0.00000 
0.00000 0.00000 
0.00000 0.00000 
0.00000 0.00000 
0.00000 0.00000 
0.00000 0.00000 
0.00000 0.00000 
0.00000 0.00000 
0.00000 0.00000 
0.00000 0.00000 
0.00000 0.00000 
0.00000 0.00000 
0.00000 0.00000 
0.00000 0.00000 
0.00000 0.00000 
0.00000 0.00000 
0.00000 0.00000 
0.00000 0.00000 
0.00000 0.00000 
0.00000 0.00000 
0.00000 0.00000 
0.00000 0.00000 
0.00000 0.00000 
0.00000 0.00000 
0.00000 0.00000 
0.00000 0.00000 
0.00000 0.00000 
0.00000 0.00000 
0.00000 0.00000 
0.00000 0.00000 
0.00000 0.00000 
0.00000 0.00000 
0.00000 0.00000 
0.00000 0.00000 
0.00000 0.00000 
0.00000 0.00000 
0.00000 0.00000 
0.00000 0.00000 
0.00000 0.00000 
0.00000 0.00000 
0.00000 0.00000 
0.00000 0.00000 
0.00000 0.00000 
0.00000 0.00000 
0.00000 0.00000 
0.00000 0.00000 
0.00000 0.00000 
0.00000 0.00000 
0.00000 0.00000 
0.00000 0.00000 
0.00000 0.00000 
0.00000 0.00000 
0.00000 0.00000 
0.00000 0.00000 
0.00000 0.00000 
0.00000 0.00000 
0.00000 0.00000 
0.00000 0.00000 
0.00000 0.00000 
0.00000 0.00000 
0.00000 0.00000 
0.00000 0.00000 
0.00000 0.00000 
0.00000 0.00000 
0.00000 0.00000 
0.00000 0.00000 
0.00000 0.00000 
0.00000 0.00000 
0.00000 0.00000 
0.00000 0.00000 
0.00000 0.00000 
0.00000 0.00000 
0.00000 0.00000 
0.00000 0.00000 
0.00000 0.00000 
0.00000 0.00000 
0.00000 0.00000 
0.00000 0.00000 
0.00000 0.00000 
0.00000 0.00000 
0.00000 0.00000 
0.00000 0.00000 
0.00000 0.00000 
0.00000 0.00000 
0.00000 0.00000 
0.00000 0.00000 
0.00000 0.00000 
0.00000 0.00000 
0.00000 0.00000 
0.00000 0.00000 
0.00000 0.00000 
0.00000 0.00000 
0.00000 0.00000 
0.00000 0.00000 
0.00000 0.00000 
0.00000 0.00000 
0.00000 0.00000 
0.00000 0.00000 
0.00000 0.00000 
0.00000 0.00000 
0.00000 0.00000 
0.00000 0.00000 
0.00000 0.00000 
0.00000 0.00000 
0.00000 0.00000 
0.00000 0.00000 
0.00000 0.00000 
0.00000 0.00000 
0.00000 0.00000 
0.00000 0.00000 
0.00000 0.00000 
0.00000 0.00000 
0.00000 0.00000 
0.00000 0.00000 
0.00000 0.00000 
0.00000 0.00000 
0.00000 0.00000 
0.00000 0.00000 
0.00000 0.00000 
0.00000 0.00000 
0.00000 0.00000 
0.00000 0.00000 
0.00000 0.00000 
0.00000 0.00000 
0.00000 0.00000 
0.00000 0.00000 
0.00000 0.00000 
0.00000 0.00000 
0.00000 0.00000 
0.00000 0.00000 
0.00000 0.00000 
0.00000 0.00000 
0.00000 0.00000 
0.00000 0.00000 
0.00000 0.00000 
0.00000 0.00000 
0.00000 0.00000 
0.00000 0.00000 
0.00000 0.00000 
0.00000 0.00000 
0.00000 0.00000 
0.00000 0.00000 
0.00000 0.00000 
0.00000 0.00000 
0.00000 0.00000 
0.00000 0.00000 
0.00000 0.00000 
0.00000 0.00000 
0.00000 0.00000 
0.00000 0.00000 
0.00000 0.00000 
0.00000 0.00000 
0.00000 0.00000 
0.00000 0.00000 
0.00000 0.00000 
0.00000 0.00000 
0.00000 0.00000 
0.00000 0.00000 
0.00000 0.00000 
0.00000 0.00000 
0.00000 0.00000 
0.00000 0.00000 
0.00000 0.00000 
0.00000 0.00000 
0.00000 0.00000 
0.00000 0.00000 
0.00000 0.00000 
0.00000 0.00000 
0.00000 0.00000 
0.00000 0.00000 
0.00000 0.00000 
0.00000 0.00000 
0.00000 0.00000 
0.00000 0.00000 
0.00000 0.00000 
0.00000 0.00000 
0.00000 0.00000 
0.00000 0.00000 
0.00000 0.00000 
0.00000 0.00000 
0.00000 0.00000 
0.00000 0.00000 
0.00000 0.00000 
0.00000 0.00000 
0.00000 0.00000 
0.00000 0.00000 
0.00000 0.00000 
0.00000 0.00000 
0.00000 0.00000 
0.00000 0.00000 
0.00000 0.00000 
0.00000 0.00000 
0.00000 0.00000 
0.00000 0.00000 
0.00000 0.00000 
0.00000 0.00000 
0.00000 0.00000 
0.00000 0.00000 
0.00000 0.00000 
0.00000 0.00000 
0.00000 0.00000 
0.00000 0.00000 
0.00000 0.00000 
0.00000 0.00000 
0.00000 0.00000 
0.00000 0.00000 
0.00000 0.00000 
0.00000 0.00000 
0.00000 0.00000 
248.95399 1.00000 
250.60500 1.00000 
251.47000 1.00000 
249.44701 1.00000 
249.63100 1.00000 
250.00900 1.00000 
250.53101 1.00000 
250.49100 1.00000 
250.26601 1.00000 
250.33200 1.00000 
250.57700 1.00000 
250.13600 1.00000 
250.19701 1.00000 
250.17999 1.00000 
250.47301 1.00000 
250.63300 1.00000 
250.43300 1.00000 
250.23399 1.00000 
250.33200 1.00000 
250.39799 1.00000 
250.18600 1.00000 
249.77000 1.00000 
250.44200 1.00000 
253.72900 1.00000 
257.18600 1.00000 
257.98001 1.00000 
257.78799 1.00000 
256.90799 1.00000 
256.50000 1.00000 
260.30701 1.00000 
260.29300 1.00000 
262.17599 1.00000 
263.31900 1.00000 
263.80399 1.00000 
264.51501 1.00000 
264.80200 1.00000 
264.99100 1.00000 
265.16699 1.00000 
265.31100 1.00000 
265.09100 1.00000 
265.37399 1.00000 
265.44901 1.00000 
265.67001 1.00000 
265.56500 1.00000 
265.56201 1.00000 
265.49600 1.00000 
265.38800 1.00000 
265.31000 1.00000 
265.25201 1.00000 
265.05399 1.00000 
264.97101 1.00000 
264.95300 1.00000 
264.84601 1.00000 
264.76801 1.00000 
264.78699 1.00000 
264.62100 1.00000 
264.37601 1.00000 
264.61099 1.00000 
264.52200 1.00000 
264.43701 1.00000 
264.46201 1.00000 
264.67801 1.00000 
264.71301 1.00000 
264.58499 1.00000 
263.74301 1.00000 
263.21100 1.00000 
263.68900 1.00000 
265.97900 1.00000 
268.81699 1.00000 
268.88699 1.00000 
267.55701 1.00000 
267.88599 1.00000 
264.44601 1.00000 
284.89999 1.00000 
292.43100 1.00000 
297.85699 1.00000 
298.84201 1.00000 
299.10599 1.00000 
299.57101 1.00000 
299.91299 1.00000 
299.64001 1.00000 
300.31699 1.00000 
300.05200 1.00000 
300.01901 1.00000 
299.99899 1.00000 
298.83301 1.00000 
297.92200 1.00000 
297.12701 1.00000 
295.57001 1.00000 
294.42401 1.00000 
293.38800 1.00000 
292.60501 1.00000 
291.81000 1.00000 
291.06299 1.00000 
290.71100 1.00000 
290.76401 1.00000 
291.27200 1.00000 
291.47900 1.00000 
291.41101 1.00000 
291.78101 1.00000 
292.81400 1.00000 
293.53500 1.00000 
294.69000 1.00000 
295.26199 1.00000 
296.33701 1.00000 
297.22800 1.00000 
297.73700 1.00000 
297.97101 1.00000 
298.62601 1.00000 
298.82700 1.00000 
298.91199 1.00000 
298.86600 1.00000 
298.80600 1.00000 
298.84500 1.00000 
298.45300 1.00000 
298.28900 1.00000 
297.87000 1.00000 
297.18399 1.00000 
296.67001 1.00000 
296.16800 1.00000 
295.53201 1.00000 
294.28400 1.00000 
293.38000 1.00000 
292.42499 1.00000 
291.25400 1.00000 
290.43900 1.00000 
289.14499 1.00000 
289.05200 1.00000 
289.05600 1.00000 
289.71500 1.00000 
289.91599 1.00000 
290.63501 1.00000 
290.71701 1.00000 
290.76999 1.00000 
291.27200 1.00000 
292.29700 1.00000 
293.66199 1.00000 
294.47900 1.00000 
296.43701 1.00000 
297.24701 1.00000 
296.83499 1.00000 
297.61099 1.00000 
298.44299 1.00000 
298.74500 1.00000 
298.95401 1.00000 
298.91199 1.00000 
298.44000 1.00000 
298.43600 1.00000 
298.08899 1.00000 
297.55600 1.00000 
296.32999 1.00000 
296.08099 1.00000 
296.06900 1.00000 
297.68701 1.00000 
300.50900 1.00000 
293.22699 1.00000 
293.38199 1.00000 
291.65302 1.00000 
291.60199 1.00000 
291.44699 1.00000 
291.59900 1.00000 
290.72699 1.00000 
290.79401 1.00000 
290.57401 1.00000 
290.74301 1.00000 
290.75800 1.00000 
291.19501 1.00000 
291.26700 1.00000 
291.27802 1.00000 
291.73999 1.00000 
293.02701 1.00000 
293.62201 1.00000 
292.94601 1.00000 
293.72299 1.00000 
294.87201 1.00000 
295.14801 1.00000 
295.25900 1.00000 
295.60501 1.00000 
295.99100 1.00000 
296.47000 1.00000 
296.69199 1.00000 
297.05499 1.00000 
297.63199 1.00000 
297.66101 1.00000 
297.46600 1.00000 
297.38599 1.00000 
296.99100 1.00000 
296.36099 1.00000 
296.10501 1.00000 
295.61899 1.00000 
295.09201 1.00000 
294.70499 1.00000 
294.36899 1.00000 
293.98599 1.00000 
293.63599 1.00000 
292.67801 1.00000 
291.28299 1.00000 
290.50201 1.00000 
295.81900 1.00000 
293.66901 1.00000 
292.06500 1.00000 
287.67001 1.00000 
288.82901 1.00000 
289.91501 1.00000 
291.23599 1.00000 
291.45300 1.00000 
291.89899 1.00000 
293.08801 1.00000 
293.89499 1.00000 
294.36700 1.00000 
294.94101 1.00000 
295.15799 1.00000 
295.73001 1.00000 
295.95700 1.00000 
296.03900 1.00000 
296.37000 1.00000 
296.65701 1.00000 
296.62500 1.00000 
296.57401 1.00000 
296.58200 1.00000 
296.20499 1.00000 
296.17999 1.00000 
296.27499 1.00000 
296.11099 1.00000 
296.01001 1.00000 
295.38501 1.00000 
295.14801 1.00000 
294.76300 1.00000 
294.33499 1.00000 
294.44699 1.00000 
294.66800 1.00000 
294.70499 1.00000 
295.19400 1.00000 
295.08801 1.00000 
295.01801 1.00000 
295.01099 1.00000 
295.05099 1.00000 
295.10101 1.00000 
295.44601 1.00000 
295.51099 1.00000 
296.08401 1.00000 
296.21799 1.00000 
296.60999 1.00000 
296.86600 1.00000 
296.90100 1.00000 
296.85699 1.00000 
296.74200 1.00000 
297.06900 1.00000 
296.99899 1.00000 
296.85199 1.00000 
296.84299 1.00000 
296.59100 1.00000 
296.57101 1.00000 
296.40201 1.00000 
296.34601 1.00000 
296.43399 1.00000 
296.36499 1.00000 
296.48199 1.00000 
296.49500 1.00000 
296.60901 1.00000 
296.56799 1.00000 
296.62601 1.00000 
296.52802 1.00000 
296.60999 1.00000 
296.45300 1.00000 
296.42700 1.00000 
296.39899 1.00000 
296.45001 1.00000 
296.82901 1.00000 
296.58899 1.00000 
296.73001 1.00000 
296.54800 1.00000 
296.66101 1.00000 
296.57901 1.00000 
296.27802 1.00000 
296.49701 1.00000 
296.23499 1.00000 
296.40500 1.00000 
296.45599 1.00000 
296.32101 1.00000 
295.95499 1.00000 
295.76901 1.00000 
296.13199 1.00000 
296.51300 1.00000 
296.44299 1.00000 
295.29599 1.00000 
295.47699 1.00000 
294.76001 1.00000 
295.10199 1.00000 
292.10599 1.00000 
294.70200 1.00000 
295.25299 1.00000 
321.90900 1.00000 
319.73401 1.00000 
317.11499 1.00000 
325.01099 1.00000 
322.61700 1.00000 
320.17099 1.00000 
323.28101 1.00000 
322.07800 1.00000 
321.12799 1.00000 
321.32401 1.00000 
319.38599 1.00000 
317.30499 1.00000 
314.61600 1.00000 
313.88901 1.00000 
311.77600 1.00000 
313.02600 1.00000 
314.36801 1.00000 
313.43500 1.00000 
312.99600 1.00000 
313.55600 1.00000 
314.64001 1.00000 
314.36200 1.00000 
313.46201 1.00000 
314.55301 1.00000 
317.94901 1.00000 
320.47800 1.00000 
321.09601 1.00000 
322.83200 1.00000 
325.09299 1.00000 
325.16800 1.00000 
326.49799 1.00000 
327.33801 1.00000 
327.11700 1.00000 
327.83600 1.00000 
328.18900 1.00000 
327.61700 1.00000 
328.06699 1.00000 
329.08401 1.00000 
329.04401 1.00000 
328.90799 1.00000 
327.80701 1.00000 
327.40701 1.00000 
330.29199 1.00000 
329.31601 1.00000 
327.98099 1.00000 
324.13599 1.00000 
330.08499 1.00000 
327.39200 1.00000 
332.88300 1.00000 
328.79800 1.00000 
322.42001 1.00000 
290.19800 1.00000 
295.16599 1.00000 
293.58701 1.00000 
294.05600 1.00000 
293.51501 1.00000 
291.54999 1.00000 
293.53000 1.00000 
293.96399 1.00000 
293.65900 1.00000 
294.02399 1.00000 
293.65399 1.00000 
293.40799 1.00000 
293.24600 1.00000 
292.58899 1.00000 
292.63199 1.00000 
292.50601 1.00000 
292.21799 1.00000 
292.03900 1.00000 
291.00699 1.00000 
290.94800 1.00000 
290.54800 1.00000 
289.67099 1.00000 
289.13901 1.00000 
289.22800 1.00000 
288.78299 1.00000 
287.80600 1.00000 
287.47501 1.00000 
286.79800 1.00000 
286.68900 1.00000 
287.30899 1.00000 
287.35501 1.00000 
286.67499 1.00000 
287.19699 1.00000 
287.77701 1.00000 
288.04001 1.00000 
288.46100 1.00000 
288.91901 1.00000 
289.92001 1.00000 
290.69601 1.00000 
291.57401 1.00000 
291.89499 1.00000 
292.23001 1.00000 
292.65399 1.00000 
293.12299 1.00000 
293.96500 1.00000 
294.17099 1.00000 
294.34601 1.00000 
294.25201 1.00000 
294.02701 1.00000 
293.95700 1.00000 
293.60199 1.00000 
293.05701 1.00000 
292.71899 1.00000 
292.08200 1.00000 
291.92599 1.00000 
291.16000 1.00000 
291.69199 1.00000 
291.83899 1.00000 
291.35001 1.00000 
289.21201 1.00000 
288.00800 1.00000 
287.50800 1.00000 
287.42401 1.00000 
287.13101 1.00000 
286.95200 1.00000 
287.15799 1.00000 
287.62100 1.00000 
287.70700 1.00000 
288.32800 1.00000 
289.08899 1.00000 
289.59698 1.00000 
290.19000 1.00000 
290.10999 1.00000 
290.88000 1.00000 
291.20401 1.00000 
291.59601 1.00000 
292.12900 1.00000 
292.18500 1.00000 
292.17300 1.00000 
292.91199 1.00000 
293.18900 1.00000 
293.51801 1.00000 
293.50000 1.00000 
293.50500 1.00000 
293.63699 1.00000 
293.09900 1.00000 
292.77899 1.00000 
292.84900 1.00000 
292.33600 1.00000 
292.22000 1.00000 
291.67700 1.00000 
291.63300 1.00000 
291.24301 1.00000 
290.97800 1.00000 
290.21399 1.00000 
288.96799 1.00000 
288.83499 1.00000 
288.20300 1.00000 
287.65399 1.00000 
287.49701 1.00000 
287.22699 1.00000 
287.64001 1.00000 
287.76999 1.00000 
288.24799 1.00000 
288.86401 1.00000 
289.10400 1.00000 
289.45901 1.00000 
289.84299 1.00000 
290.52499 1.00000 
291.36801 1.00000 
291.53400 1.00000 
291.60199 1.00000 
291.86099 1.00000 
292.24701 1.00000 
292.68301 1.00000 
293.11700 1.00000 
293.64499 1.00000 
293.71701 1.00000 
293.85101 1.00000 
294.20401 1.00000 
294.22000 1.00000 
294.35101 1.00000 
294.01599 1.00000 
293.23700 1.00000 
293.25800 1.00000 
293.12100 1.00000 
292.57800 1.00000 
292.29901 1.00000 
292.17999 1.00000 
291.05399 1.00000 
290.23599 1.00000 
289.42899 1.00000 
289.40701 1.00000 
289.28799 1.00000 
288.72101 1.00000 
288.42099 1.00000 
287.98901 1.00000 
287.67499 1.00000 
287.93100 1.00000 
288.23499 1.00000 
288.84100 1.00000 
289.39001 1.00000 
289.73499 1.00000 
289.85501 1.00000 
289.94400 1.00000 
290.52701 1.00000 
290.50500 1.00000 
291.32901 1.00000 
291.47501 1.00000 
291.28299 1.00000 
291.51901 1.00000 
290.87701 1.00000 
290.24799 1.00000 
291.72101 1.00000 
291.37000 1.00000 
291.49200 1.00000 
290.76700 1.00000 
289.75500 1.00000 
289.18701 1.00000 
289.93201 1.00000 
290.63599 1.00000 
291.35001 1.00000 
291.05499 1.00000 
289.96701 1.00000 
289.83200 1.00000 
290.27899 1.00000 
290.30399 1.00000 
291.68100 1.00000 
291.90201 1.00000 
290.73001 1.00000 
290.13501 1.00000 
290.16299 1.00000 
288.23801 1.00000 
288.16400 1.00000 
290.89301 1.00000 
291.37900 1.00000 
289.98801 1.00000 
288.95599 1.00000 
291.00900 1.00000 
291.66000 1.00000 
288.13300 1.00000 
276.79599 1.00000 
0.00000 0.00000 
0.00000 0.00000 
0.00000 0.00000 
0.00000 0.00000 
0.00000 0.00000 
0.00000 0.00000 
0.00000 0.00000 
0.00000 0.00000 
0.00000 0.00000 
0.00000 0.00000 
0.00000 0.00000 
0.00000 0.00000 
0.00000 0.00000 
0.00000 0.00000 
0.00000 0.00000 
0.00000 0.00000 
0.00000 0.00000 
0.00000 0.00000 
0.00000 0.00000 
0.00000 0.00000 
0.00000 0.00000 
0.00000 0.00000 
0.00000 0.00000 
0.00000 0.00000 
0.00000 0.00000 
0.00000 0.00000 
0.00000 0.00000 
0.00000 0.00000 
0.00000 0.00000 
0.00000 0.00000 
0.00000 0.00000 
0.00000 0.00000 
0.00000 0.00000 
0.00000 0.00000 
0.00000 0.00000 
0.00000 0.00000 
0.00000 0.00000 
0.00000 0.00000 
293.04300 1.00000 
298.78400 1.00000 
294.24701 1.00000 
295.33099 1.00000 
293.62201 1.00000 
293.80600 1.00000 
291.85101 1.00000 
292.30600 1.00000 
290.71701 1.00000 
0.00000 0.00000 
0.00000 0.00000 
0.00000 0.00000 
295.96500 1.00000 
294.33401 1.00000 
295.00000 1.00000 
294.70801 1.00000 
294.19501 1.00000 
293.17801 1.00000 
293.63599 1.00000 
293.42999 1.00000 
293.01999 1.00000 
293.62299 1.00000 
293.76999 1.00000 
293.00500 1.00000 
289.95700 1.00000 
293.11700 1.00000 
293.98001 1.00000 
292.13501 1.00000 
291.03299 1.00000 
291.52499 1.00000 
291.40100 1.00000 
290.57901 1.00000 
291.67001 1.00000 
293.50201 1.00000 
293.58401 1.00000 
292.07800 1.00000 
292.51001 1.00000 
291.80301 1.00000 
290.22000 1.00000 
289.41599 1.00000 
289.92700 1.00000 
289.51700 1.00000 
289.82001 1.00000 
289.32001 1.00000 
288.16501 1.00000 
288.06799 1.00000 
287.64899 1.00000 
287.92599 1.00000 
290.24301 1.00000 
289.95801 1.00000 
290.34201 1.00000 
290.69501 1.00000 
290.75900 1.00000 
290.95801 1.00000 
292.42499 1.00000 
293.19800 1.00000 
292.70499 1.00000 
293.15799 1.00000 
292.49301 1.00000 
291.80801 1.00000 
293.79001 1.00000 
295.58701 1.00000 
293.84000 1.00000 
294.16199 1.00000 
293.14301 1.00000 
291.92099 1.00000 
292.40100 1.00000 
293.03000 1.00000 
291.72198 1.00000 
291.17200 1.00000 
291.55200 1.00000 
290.61899 1.00000 
290.30801 1.00000 
290.44800 1.00000 
291.43900 1.00000 
294.57501 1.00000 
294.48999 1.00000 
305.01599 1.00000 
285.48901 1.00000 
286.44199 1.00000 
280.44101 1.00000 
276.35999 1.00000 
258.53699 1.00000 
260.76700 1.00000 
262.60901 1.00000 
263.14099 1.00000 
263.53601 1.00000 
263.77499 1.00000 
263.96301 1.00000 
264.13400 1.00000 
263.65601 1.00000 
263.71500 1.00000 
263.17599 1.00000 
263.27899 1.00000 
263.16400 1.00000 
263.15399 1.00000 
263.17401 1.00000 
263.31400 1.00000 
263.55899 1.00000 
263.60901 1.00000 
263.91501 1.00000 
264.13800 1.00000 
264.21399 1.00000 
264.23401 1.00000 
264.36099 1.00000 
264.23300 1.00000 
264.17499 1.00000 
263.85300 1.00000 
263.64001 1.00000 
263.73001 1.00000 
263.62900 1.00000 
263.70099 1.00000 
263.81799 1.00000 
263.98401 1.00000 
264.01401 1.00000 
264.26401 1.00000 
264.35699 1.00000 
264.38599 1.00000 
264.46899 1.00000 
264.45999 1.00000 
264.42099 1.00000 
264.52499 1.00000 
264.62100 1.00000 
264.50800 1.00000 
264.65500 1.00000 
264.63901 1.00000 
264.64999 1.00000 
264.70001 1.00000 
264.72198 1.00000 
264.78101 1.00000 
264.91400 1.00000 
265.03900 1.00000 
265.12900 1.00000 
265.32101 1.00000 
265.53299 1.00000 
265.51901 1.00000 
265.55099 1.00000 
265.71899 1.00000 
265.70099 1.00000 
265.67599 1.00000 
265.62201 1.00000 
265.73099 1.00000 
265.75900 1.00000 
265.76099 1.00000 
265.69000 1.00000 
265.58801 1.00000 
265.65900 1.00000 
265.37399 1.00000 
265.06201 1.00000 
264.86600 1.00000 
264.42300 1.00000 
264.03299 1.00000 
263.77802 1.00000 
263.60599 1.00000 
263.00699 1.00000 
261.78699 1.00000 
260.30801 1.00000 
0.00000 0.00000 
0.00000 0.00000 
0.00000 0.00000 
0.00000 0.00000 
0.00000 0.00000 
0.00000 0.00000 
0.00000 0.00000 
0.00000 0.00000 
0.00000 0.00000 
0.00000 0.00000 
0.00000 0.00000 
0.00000 0.00000 
0.00000 0.00000 
0.00000 0.00000 
0.00000 0.00000 
0.00000 0.00000 
0.00000 0.00000 
0.00000 0.00000 
0.00000 0.00000 
0.00000 0.00000 
0.00000 0.00000 
0.00000 0.00000 
0.00000 0.00000 
0.00000 0.00000 
0.00000 0.00000 
0.00000 0.00000 
0.00000 0.00000 
0.00000 0.00000 
0.00000 0.00000 
0.00000 0.00000 
0.00000 0.00000 
0.00000 0.00000 
0.00000 0.00000 
0.00000 0.00000 
0.00000 0.00000 
0.00000 0.00000 
0.00000 0.00000 
0.00000 0.00000 
0.00000 0.00000 
0.00000 0.00000 
0.00000 0.00000 
0.00000 0.00000 
0.00000 0.00000 
0.00000 0.00000 
0.00000 0.00000 
0.00000 0.00000 
0.00000 0.00000 
0.00000 0.00000 
0.00000 0.00000 
0.00000 0.00000 
0.00000 0.00000 
0.00000 0.00000 
0.00000 0.00000 
0.00000 0.00000 
0.00000 0.00000 
0.00000 0.00000 
0.00000 0.00000 
0.00000 0.00000 
0.00000 0.00000 
0.00000 0.00000 
0.00000 0.00000 
0.00000 0.00000 
0.00000 0.00000 
0.00000 0.00000 
0.00000 0.00000 
0.00000 0.00000 
0.00000 0.00000 
0.00000 0.00000 
0.00000 0.00000 
0.00000 0.00000 
0.00000 0.00000 
0.00000 0.00000 
0.00000 0.00000 
0.00000 0.00000 
0.00000 0.00000 
0.00000 0.00000 
0.00000 0.00000 
0.00000 0.00000 
0.00000 0.00000 
0.00000 0.00000 
0.00000 0.00000 
0.00000 0.00000 
0.00000 0.00000 
0.00000 0.00000 
0.00000 0.00000 
0.00000 0.00000 
0.00000 0.00000 
0.00000 0.00000 
0.00000 0.00000 
0.00000 0.00000 
0.00000 0.00000 
0.00000 0.00000 
0.00000 0.00000 
0.00000 0.00000 
0.00000 0.00000 
0.00000 0.00000 
0.00000 0.00000 
0.00000 0.00000 
0.00000 0.00000 
0.00000 0.00000 
0.00000 0.00000 
0.00000 0.00000 
0.00000 0.00000 
0.00000 0.00000 
0.00000 0.00000 
0.00000 0.00000 
0.00000 0.00000 
0.00000 0.00000 
0.00000 0.00000 
0.00000 0.00000 
0.00000 0.00000 
0.00000 0.00000 
0.00000 0.00000 
0.00000 0.00000 
0.00000 0.00000 
0.00000 0.00000 
0.00000 0.00000 
0.00000 0.00000 
0.00000 0.00000 
0.00000 0.00000 
0.00000 0.00000 
0.00000 0.00000 
0.00000 0.00000 
0.00000 0.00000 
0.00000 0.00000 
0.00000 0.00000 
0.00000 0.00000 
0.00000 0.00000 
0.00000 0.00000 
0.00000 0.00000 
0.00000 0.00000 
0.00000 0.00000 
0.00000 0.00000 
0.00000 0.00000 
0.00000 0.00000 
0.00000 0.00000 
0.00000 0.00000 
0.00000 0.00000 
0.00000 0.00000 
0.00000 0.00000 
0.00000 0.00000 
0.00000 0.00000 
0.00000 0.00000 
0.00000 0.00000 
0.00000 0.00000 
0.00000 0.00000 
0.00000 0.00000 
0.00000 0.00000 
0.00000 0.00000 
0.00000 0.00000 
0.00000 0.00000 
0.00000 0.00000 
0.00000 0.00000 
0.00000 0.00000 
0.00000 0.00000 
0.00000 0.00000 
0.00000 0.00000 
0.00000 0.00000 
0.00000 0.00000 
0.00000 0.00000 
0.00000 0.00000 
0.00000 0.00000 
0.00000 0.00000 
0.00000 0.00000 
0.00000 0.00000 
0.00000 0.00000 
0.00000 0.00000 
0.00000 0.00000 
0.00000 0.00000 
0.00000 0.00000 
0.00000 0.00000 
0.00000 0.00000 
0.00000 0.00000 
0.00000 0.00000 
0.00000 0.00000 
0.00000 0.00000 
0.00000 0.00000 
0.00000 0.00000 
0.00000 0.00000 
0.00000 0.00000 
0.00000 0.00000 
0.00000 0.00000 
0.00000 0.00000 
0.00000 0.00000 
0.00000 0.00000 
0.00000 0.00000 
0.00000 0.00000 
0.00000 0.00000 
0.00000 0.00000 
0.00000 0.00000 
0.00000 0.00000 
0.00000 0.00000 
0.00000 0.00000 
0.00000 0.00000 
0.00000 0.00000 
0.00000 0.00000 
0.00000 0.00000 
0.00000 0.00000 
0.00000 0.00000 
0.00000 0.00000 
0.00000 0.00000 
0.00000 0.00000 
0.00000 0.00000 
0.00000 0.00000 
0.00000 0.00000 
0.00000 0.00000 
0.00000 0.00000 
0.00000 0.00000 
0.00000 0.00000 
0.00000 0.00000 
0.00000 0.00000 
0.00000 0.00000 
0.00000 0.00000 
0.00000 0.00000 
0.00000 0.00000 
0.00000 0.00000 
0.00000 0.00000 
0.00000 0.00000 
0.00000 0.00000 
0.00000 0.00000 
0.00000 0.00000 
0.00000 0.00000 
0.00000 0.00000 
0.00000 0.00000 
0.00000 0.00000 
0.00000 0.00000 
0.00000 0.00000 
0.00000 0.00000 
0.00000 0.00000 
0.00000 0.00000 
0.00000 0.00000 
0.00000 0.00000 
0.00000 0.00000 
0.00000 0.00000 
0.00000 0.00000 
0.00000 0.00000 
0.00000 0.00000 
0.00000 0.00000 
0.00000 0.00000 
0.00000 0.00000 
0.00000 0.00000 
0.00000 0.00000 
0.00000 0.00000 
0.00000 0.00000 
0.00000 0.00000 
0.00000 0.00000 
0.00000 0.00000 
0.00000 0.00000 
0.00000 0.00000 
0.00000 0.00000 
0.00000 0.00000 
0.00000 0.00000 
0.00000 0.00000 
0.00000 0.00000 
0.00000 0.00000 
0.00000 0.00000 
0.00000 0.00000 
0.00000 0.00000 
0.00000 0.00000 
0.00000 0.00000 
0.00000 0.00000 
0.00000 0.00000 
0.00000 0.00000 
0.00000 0.00000 
0.00000 0.00000 
0.00000 0.00000 
0.00000 0.00000 
0.00000 0.00000 
0.00000 0.00000 
0.00000 0.00000 
0.00000 0.00000 
0.00000 0.00000 
0.00000 0.00000 
0.00000 0.00000 
0.00000 0.00000 
0.00000 0.00000 
0.00000 0.00000 
0.00000 0.00000 
0.00000 0.00000 
0.00000 0.00000 
0.00000 0.00000 
0.00000 0.00000 
0.00000 0.00000 
0.00000 0.00000 
0.00000 0.00000 
0.00000 0.00000 
0.00000 0.00000 
0.00000 0.00000 
0.00000 0.00000 
0.00000 0.00000 
0.00000 0.00000 
0.00000 0.00000 
0.00000 0.00000 
0.00000 0.00000 
0.00000 0.00000 
0.00000 0.00000 
0.00000 0.00000 
0.00000 0.00000 
0.00000 0.00000 
0.00000 0.00000 
0.00000 0.00000 
0.00000 0.00000 
0.00000 0.00000 
0.00000 0.00000 
0.00000 0.00000 
0.00000 0.00000 
0.00000 0.00000 
0.00000 0.00000 
0.00000 0.00000 
0.00000 0.00000 
0.00000 0.00000 
0.00000 0.00000 
0.00000 0.00000 
0.00000 0.00000 
0.00000 0.00000 
0.00000 0.00000 
0.00000 0.00000 
0.00000 0.00000 
0.00000 0.00000 
0.00000 0.00000 
0.00000 0.00000 
0.00000 0.00000 
0.00000 0.00000 
0.00000 0.00000 
0.00000 0.00000 
0.00000 0.00000 
0.00000 0.00000 
0.00000 0.00000 
0.00000 0.00000 
0.00000 0.00000 
0.00000 0.00000 
0.00000 0.00000 
0.00000 0.00000 
0.00000 0.00000 
0.00000 0.00000 
0.00000 0.00000 
0.00000 0.00000 
0.00000 0.00000 
0.00000 0.00000 
0.00000 0.00000 
0.00000 0.00000 
0.00000 0.00000 
0.00000 0.00000 
0.00000 0.00000 
0.00000 0.00000 
0.00000 0.00000 
0.00000 0.00000 
0.00000 0.00000 
0.00000 0.00000 
0.00000 0.00000 
0.00000 0.00000 
0.00000 0.00000 
0.00000 0.00000 
0.00000 0.00000 
0.00000 0.00000 
0.00000 0.00000 
0.00000 0.00000 
0.00000 0.00000 
0.00000 0.00000 
0.00000 0.00000 
0.00000 0.00000 
0.00000 0.00000 
0.00000 0.00000 
0.00000 0.00000 
0.00000 0.00000 
0.00000 0.00000 
0.00000 0.00000 
0.00000 0.00000 
0.00000 0.00000 
0.00000 0.00000 
0.00000 0.00000 
0.00000 0.00000 
0.00000 0.00000 
0.00000 0.00000 
0.00000 0.00000 
0.00000 0.00000 
0.00000 0.00000 
0.00000 0.00000 
0.00000 0.00000 
0.00000 0.00000 
0.00000 0.00000 
0.00000 0.00000 
0.00000 0.00000 
0.00000 0.00000 
0.00000 0.00000 
0.00000 0.00000 
0.00000 0.00000 
0.00000 0.00000 
0.00000 0.00000 
0.00000 0.00000 
0.00000 0.00000 
0.00000 0.00000 
0.00000 0.00000 
0.00000 0.00000 
0.00000 0.00000 
0.00000 0.00000 
0.00000 0.00000 
0.00000 0.00000 
0.00000 0.00000 
0.00000 0.00000 
0.00000 0.00000 
0.00000 0.00000 
0.00000 0.00000 
0.00000 0.00000 
0.00000 0.00000 
0.00000 0.00000 
0.00000 0.00000 
439.59900 1.00000 
440.71100 1.00000 
450.98901 1.00000 
464.20300 1.00000 
454.02600 1.00000 
457.40900 1.00000 
454.52899 1.00000 
444.78400 1.00000 
457.57501 1.00000 
453.63699 1.00000 
441.38800 1.00000 
436.57999 1.00000 
440.02701 1.00000 
449.69101 1.00000 
437.72299 1.00000 
439.18100 1.00000 
435.72101 1.00000 
445.26700 1.00000 
459.52701 1.00000 
451.31500 1.00000 
443.82199 1.00000 
450.35501 1.00000 
454.14899 1.00000 
452.45700 1.00000 
465.42401 1.00000 
461.60501 1.00000 
445.36099 1.00000 
439.49600 1.00000 
455.19400 1.00000 
442.16299 1.00000 
441.57300 1.00000 
437.64801 1.00000 
451.78699 1.00000 
444.78000 1.00000 
445.89801 1.00000 
443.78201 1.00000 
445.01801 1.00000 
435.64999 1.00000 
443.07300 1.00000 
445.54901 1.00000 
442.39401 1.00000 
454.44000 1.00000 
446.02301 1.00000 
447.10300 1.00000 
0.00000 0.00000 
0.00000 0.00000 
0.00000 0.00000 
0.00000 0.00000 
0.00000 0.00000 
0.00000 0.00000 
0.00000 0.00000 
0.00000 0.00000 
0.00000 0.00000 
0.00000 0.00000 
0.00000 0.00000 
0.00000 0.00000 
0.00000 0.00000 
0.00000 0.00000 
0.00000 0.00000 
0.00000 0.00000 
0.00000 0.00000 
0.00000 0.00000 
0.00000 0.00000 
0.00000 0.00000 
0.00000 0.00000 
0.00000 0.00000 
0.00000 0.00000 
0.00000 0.00000 
0.00000 0.00000 
0.00000 0.00000 
0.00000 0.00000 
0.00000 0.00000 
0.00000 0.00000 
0.00000 0.00000 
0.00000 0.00000 
0.00000 0.00000 
0.00000 0.00000 
0.00000 0.00000 
0.00000 0.00000 
0.00000 0.00000 
0.00000 0.00000 
0.00000 0.00000 
0.00000 0.00000 
0.00000 0.00000 
0.00000 0.00000 
0.00000 0.00000 
0.00000 0.00000 
0.00000 0.00000 
0.00000 0.00000 
0.00000 0.00000 
0.00000 0.00000 
0.00000 0.00000 
0.00000 0.00000 
0.00000 0.00000 
0.00000 0.00000 
0.00000 0.00000 
0.00000 0.00000 
0.00000 0.00000 
0.00000 0.00000 
0.00000 0.00000 
0.00000 0.00000 
0.00000 0.00000 
0.00000 0.00000 
0.00000 0.00000 
0.00000 0.00000 
0.00000 0.00000 
0.00000 0.00000 
