 0.00000 0.00000 
0.00000 0.00000 
0.00000 0.00000 
0.00000 0.00000 
0.00000 0.00000 
0.00000 0.00000 
0.00000 0.00000 
0.00000 0.00000 
0.00000 0.00000 
0.00000 0.00000 
0.00000 0.00000 
0.00000 0.00000 
0.00000 0.00000 
0.00000 0.00000 
0.00000 0.00000 
0.00000 0.00000 
0.00000 0.00000 
0.00000 0.00000 
0.00000 0.00000 
0.00000 0.00000 
0.00000 0.00000 
0.00000 0.00000 
0.00000 0.00000 
0.00000 0.00000 
0.00000 0.00000 
0.00000 0.00000 
0.00000 0.00000 
0.00000 0.00000 
0.00000 0.00000 
0.00000 0.00000 
0.00000 0.00000 
0.00000 0.00000 
0.00000 0.00000 
0.00000 0.00000 
0.00000 0.00000 
0.00000 0.00000 
0.00000 0.00000 
0.00000 0.00000 
0.00000 0.00000 
0.00000 0.00000 
0.00000 0.00000 
0.00000 0.00000 
0.00000 0.00000 
0.00000 0.00000 
0.00000 0.00000 
0.00000 0.00000 
0.00000 0.00000 
0.00000 0.00000 
0.00000 0.00000 
0.00000 0.00000 
0.00000 0.00000 
0.00000 0.00000 
0.00000 0.00000 
0.00000 0.00000 
0.00000 0.00000 
0.00000 0.00000 
0.00000 0.00000 
0.00000 0.00000 
0.00000 0.00000 
0.00000 0.00000 
0.00000 0.00000 
0.00000 0.00000 
0.00000 0.00000 
0.00000 0.00000 
0.00000 0.00000 
0.00000 0.00000 
0.00000 0.00000 
0.00000 0.00000 
0.00000 0.00000 
0.00000 0.00000 
0.00000 0.00000 
0.00000 0.00000 
0.00000 0.00000 
0.00000 0.00000 
0.00000 0.00000 
0.00000 0.00000 
0.00000 0.00000 
0.00000 0.00000 
0.00000 0.00000 
0.00000 0.00000 
0.00000 0.00000 
0.00000 0.00000 
0.00000 0.00000 
0.00000 0.00000 
0.00000 0.00000 
0.00000 0.00000 
0.00000 0.00000 
0.00000 0.00000 
0.00000 0.00000 
0.00000 0.00000 
0.00000 0.00000 
0.00000 0.00000 
0.00000 0.00000 
0.00000 0.00000 
0.00000 0.00000 
0.00000 0.00000 
0.00000 0.00000 
0.00000 0.00000 
0.00000 0.00000 
0.00000 0.00000 
0.00000 0.00000 
0.00000 0.00000 
0.00000 0.00000 
0.00000 0.00000 
0.00000 0.00000 
0.00000 0.00000 
0.00000 0.00000 
257.15701 1.00000 
258.48001 1.00000 
254.36200 1.00000 
254.46201 1.00000 
256.96701 1.00000 
257.23099 1.00000 
257.64899 1.00000 
258.24899 1.00000 
258.64700 1.00000 
259.17801 1.00000 
260.18399 1.00000 
260.69501 1.00000 
261.20001 1.00000 
261.43399 1.00000 
261.58600 1.00000 
261.93900 1.00000 
262.13199 1.00000 
262.20901 1.00000 
262.68301 1.00000 
263.00601 1.00000 
262.95401 1.00000 
262.99799 1.00000 
262.85599 1.00000 
260.61899 1.00000 
262.21600 1.00000 
262.10300 1.00000 
261.56900 1.00000 
260.39401 1.00000 
260.83600 1.00000 
260.07199 1.00000 
259.59900 1.00000 
258.93301 1.00000 
258.37100 1.00000 
257.39999 1.00000 
257.51999 1.00000 
257.43799 1.00000 
256.85999 1.00000 
256.44400 1.00000 
256.41901 1.00000 
256.56500 1.00000 
256.88901 1.00000 
257.29800 1.00000 
257.24301 1.00000 
257.26999 1.00000 
257.69901 1.00000 
258.67899 1.00000 
259.30899 1.00000 
259.41599 1.00000 
259.62299 1.00000 
259.89099 1.00000 
260.49701 1.00000 
261.10599 1.00000 
260.99301 1.00000 
261.21399 1.00000 
261.61499 1.00000 
261.74500 1.00000 
261.53500 1.00000 
261.63501 1.00000 
261.90100 1.00000 
261.58099 1.00000 
261.83600 1.00000 
261.53000 1.00000 
261.43799 1.00000 
261.29999 1.00000 
261.20401 1.00000 
261.10400 1.00000 
260.76001 1.00000 
260.79800 1.00000 
260.92999 1.00000 
260.76401 1.00000 
260.42801 1.00000 
260.47400 1.00000 
260.54300 1.00000 
260.40601 1.00000 
260.87900 1.00000 
260.19699 1.00000 
260.10501 1.00000 
260.07599 1.00000 
260.32999 1.00000 
260.14200 1.00000 
260.74799 1.00000 
260.73801 1.00000 
260.88199 1.00000 
260.96899 1.00000 
261.73999 1.00000 
261.37500 1.00000 
261.33200 1.00000 
262.78699 1.00000 
265.22900 1.00000 
268.68600 1.00000 
284.33401 1.00000 
283.50699 1.00000 
286.07700 1.00000 
0.00000 0.00000 
0.00000 0.00000 
0.00000 0.00000 
288.75601 1.00000 
289.46399 1.00000 
292.72601 1.00000 
293.54300 1.00000 
293.24200 1.00000 
294.59601 1.00000 
294.22800 1.00000 
293.47299 1.00000 
294.02200 1.00000 
293.90500 1.00000 
293.46399 1.00000 
293.28299 1.00000 
293.77701 1.00000 
292.88199 1.00000 
292.20099 1.00000 
291.04199 1.00000 
291.00800 1.00000 
290.54001 1.00000 
289.78799 1.00000 
289.22699 1.00000 
289.43201 1.00000 
289.82999 1.00000 
290.35300 1.00000 
290.77100 1.00000 
291.12500 1.00000 
291.74600 1.00000 
292.06400 1.00000 
292.89899 1.00000 
293.69299 1.00000 
294.20099 1.00000 
294.27301 1.00000 
294.87399 1.00000 
295.35901 1.00000 
295.76999 1.00000 
296.45401 1.00000 
296.56601 1.00000 
296.68500 1.00000 
296.70801 1.00000 
296.56299 1.00000 
296.37701 1.00000 
296.49701 1.00000 
296.10300 1.00000 
295.76901 1.00000 
295.62201 1.00000 
295.44400 1.00000 
294.46399 1.00000 
294.51901 1.00000 
294.48599 1.00000 
293.84201 1.00000 
293.20901 1.00000 
292.60599 1.00000 
292.36899 1.00000 
292.42099 1.00000 
292.36600 1.00000 
292.57800 1.00000 
292.57901 1.00000 
292.57401 1.00000 
292.66501 1.00000 
292.87000 1.00000 
293.11899 1.00000 
293.30399 1.00000 
293.28900 1.00000 
293.70401 1.00000 
294.02100 1.00000 
294.13199 1.00000 
294.25800 1.00000 
294.56500 1.00000 
294.62601 1.00000 
294.76401 1.00000 
294.90201 1.00000 
294.85999 1.00000 
294.84100 1.00000 
294.75699 1.00000 
294.80099 1.00000 
294.81201 1.00000 
294.80399 1.00000 
294.72501 1.00000 
294.74600 1.00000 
294.91400 1.00000 
294.87900 1.00000 
294.18500 1.00000 
293.73999 1.00000 
293.40399 1.00000 
293.11301 1.00000 
293.18900 1.00000 
291.48099 1.00000 
289.39499 1.00000 
291.17200 1.00000 
283.66800 1.00000 
322.26700 1.00000 
323.48001 1.00000 
320.30801 1.00000 
315.83899 1.00000 
305.45801 1.00000 
316.47000 1.00000 
316.39301 1.00000 
321.20599 1.00000 
320.48300 1.00000 
325.90302 1.00000 
327.92401 1.00000 
328.47400 1.00000 
329.06201 1.00000 
330.80499 1.00000 
330.75500 1.00000 
331.24600 1.00000 
331.62399 1.00000 
330.79199 1.00000 
330.97101 1.00000 
330.66000 1.00000 
330.03400 1.00000 
329.48499 1.00000 
329.35501 1.00000 
328.84201 1.00000 
328.59000 1.00000 
328.11700 1.00000 
327.93900 1.00000 
328.14099 1.00000 
328.16101 1.00000 
328.11099 1.00000 
328.56799 1.00000 
328.98300 1.00000 
329.43399 1.00000 
330.13101 1.00000 
330.47501 1.00000 
330.82800 1.00000 
330.93600 1.00000 
331.07999 1.00000 
331.50400 1.00000 
331.64700 1.00000 
331.73001 1.00000 
331.98901 1.00000 
331.66199 1.00000 
332.01999 1.00000 
332.23099 1.00000 
332.27301 1.00000 
332.37601 1.00000 
332.44501 1.00000 
332.29099 1.00000 
331.86801 1.00000 
331.51001 1.00000 
330.83200 1.00000 
330.29800 1.00000 
329.53000 1.00000 
328.81201 1.00000 
328.22400 1.00000 
327.85501 1.00000 
327.04999 1.00000 
326.75101 1.00000 
326.18399 1.00000 
325.70801 1.00000 
325.88101 1.00000 
326.03101 1.00000 
326.30899 1.00000 
326.73901 1.00000 
326.87701 1.00000 
327.03201 1.00000 
327.18701 1.00000 
327.42401 1.00000 
327.87000 1.00000 
328.67200 1.00000 
329.05200 1.00000 
330.13400 1.00000 
330.72699 1.00000 
330.96500 1.00000 
331.64001 1.00000 
331.62201 1.00000 
331.79401 1.00000 
331.55801 1.00000 
331.53299 1.00000 
331.67700 1.00000 
331.39099 1.00000 
331.34100 1.00000 
331.57401 1.00000 
331.54901 1.00000 
331.34601 1.00000 
331.40799 1.00000 
331.63000 1.00000 
331.61099 1.00000 
331.70801 1.00000 
331.81500 1.00000 
331.84000 1.00000 
331.89099 1.00000 
331.94800 1.00000 
332.04099 1.00000 
331.96100 1.00000 
331.92700 1.00000 
331.80200 1.00000 
332.03400 1.00000 
333.04800 1.00000 
334.45599 1.00000 
336.48401 1.00000 
344.10800 1.00000 
355.29599 1.00000 
357.32700 1.00000 
334.01199 1.00000 
337.72800 1.00000 
345.75201 1.00000 
352.09399 1.00000 
351.58200 1.00000 
386.79599 1.00000 
391.69000 1.00000 
391.91101 1.00000 
393.32501 1.00000 
393.88199 1.00000 
393.65601 1.00000 
394.13101 1.00000 
395.17300 1.00000 
395.64700 1.00000 
395.53699 1.00000 
394.87799 1.00000 
394.37000 1.00000 
393.84000 1.00000 
393.14801 1.00000 
392.60800 1.00000 
392.00800 1.00000 
391.41000 1.00000 
390.48700 1.00000 
389.87000 1.00000 
389.34601 1.00000 
389.45499 1.00000 
389.43701 1.00000 
389.75400 1.00000 
390.09698 1.00000 
390.45999 1.00000 
391.07401 1.00000 
391.73001 1.00000 
392.36899 1.00000 
392.75900 1.00000 
393.35199 1.00000 
393.95801 1.00000 
394.88300 1.00000 
395.37100 1.00000 
395.97000 1.00000 
396.30701 1.00000 
396.36700 1.00000 
396.36099 1.00000 
396.35199 1.00000 
396.29901 1.00000 
395.98499 1.00000 
395.50400 1.00000 
394.82700 1.00000 
394.00101 1.00000 
393.51401 1.00000 
392.77200 1.00000 
392.64001 1.00000 
392.11301 1.00000 
391.36499 1.00000 
390.46899 1.00000 
390.31299 1.00000 
389.76501 1.00000 
389.36200 1.00000 
388.94400 1.00000 
388.63300 1.00000 
388.16901 1.00000 
388.24500 1.00000 
388.20401 1.00000 
388.02899 1.00000 
388.19199 1.00000 
388.36801 1.00000 
388.71600 1.00000 
389.17499 1.00000 
389.95401 1.00000 
390.93900 1.00000 
391.75101 1.00000 
392.54199 1.00000 
393.17099 1.00000 
394.15601 1.00000 
394.31400 1.00000 
394.15799 1.00000 
394.04700 1.00000 
394.20401 1.00000 
394.33401 1.00000 
394.60901 1.00000 
394.63599 1.00000 
394.86099 1.00000 
394.80399 1.00000 
394.54199 1.00000 
394.42599 1.00000 
394.07501 1.00000 
393.65601 1.00000 
393.51700 1.00000 
393.27701 1.00000 
393.05801 1.00000 
392.92200 1.00000 
392.75699 1.00000 
392.88400 1.00000 
392.51099 1.00000 
392.49701 1.00000 
392.48401 1.00000 
392.39600 1.00000 
392.49500 1.00000 
392.63501 1.00000 
392.44501 1.00000 
392.70801 1.00000 
392.84601 1.00000 
392.56299 1.00000 
391.70700 1.00000 
390.51001 1.00000 
389.44699 1.00000 
390.94601 1.00000 
391.15201 1.00000 
387.21701 1.00000 
385.45001 1.00000 
392.84900 1.00000 
396.36401 1.00000 
397.81100 1.00000 
400.07999 1.00000 
390.61499 1.00000 
387.44199 1.00000 
390.92099 1.00000 
364.46500 1.00000 
333.00000 1.00000 
332.92899 1.00000 
338.22800 1.00000 
331.86099 1.00000 
332.23099 1.00000 
336.73401 1.00000 
332.69000 1.00000 
331.48001 1.00000 
334.89099 1.00000 
332.35400 1.00000 
331.61801 1.00000 
333.74600 1.00000 
332.21100 1.00000 
331.46899 1.00000 
332.75800 1.00000 
331.94800 1.00000 
331.29001 1.00000 
332.48401 1.00000 
331.92001 1.00000 
331.31201 1.00000 
332.12100 1.00000 
332.00299 1.00000 
331.36401 1.00000 
332.23901 1.00000 
331.92200 1.00000 
331.53799 1.00000 
332.08200 1.00000 
331.89600 1.00000 
331.56000 1.00000 
331.77399 1.00000 
332.11700 1.00000 
331.72601 1.00000 
331.78299 1.00000 
331.74899 1.00000 
331.48300 1.00000 
331.39801 1.00000 
330.77600 1.00000 
330.37201 1.00000 
331.44101 1.00000 
330.87500 1.00000 
329.26700 1.00000 
330.26999 1.00000 
331.77600 1.00000 
327.10400 1.00000 
326.23300 1.00000 
327.78799 1.00000 
327.01700 1.00000 
327.43301 1.00000 
329.35400 1.00000 
330.76901 1.00000 
332.10101 1.00000 
331.51199 1.00000 
331.56699 1.00000 
331.94501 1.00000 
331.84000 1.00000 
331.68701 1.00000 
331.54599 1.00000 
331.40100 1.00000 
331.49600 1.00000 
331.85800 1.00000 
331.80099 1.00000 
331.85001 1.00000 
331.94400 1.00000 
331.92401 1.00000 
332.06299 1.00000 
331.91299 1.00000 
331.91000 1.00000 
331.76401 1.00000 
331.81601 1.00000 
331.86801 1.00000 
331.85101 1.00000 
331.66101 1.00000 
332.00201 1.00000 
332.02899 1.00000 
331.94101 1.00000 
331.70200 1.00000 
331.90201 1.00000 
331.83600 1.00000 
331.55899 1.00000 
331.41901 1.00000 
331.47198 1.00000 
331.82300 1.00000 
332.36200 1.00000 
331.94601 1.00000 
331.37601 1.00000 
329.48801 1.00000 
328.37100 1.00000 
334.59900 1.00000 
325.54099 1.00000 
333.47198 1.00000 
331.93399 1.00000 
330.28000 1.00000 
334.64401 1.00000 
317.50800 1.00000 
290.98401 1.00000 
294.23099 1.00000 
293.64700 1.00000 
293.09299 1.00000 
294.34000 1.00000 
293.98001 1.00000 
293.46399 1.00000 
294.26700 1.00000 
293.88400 1.00000 
293.53299 1.00000 
293.79599 1.00000 
293.71600 1.00000 
293.65201 1.00000 
293.75000 1.00000 
293.52701 1.00000 
293.87900 1.00000 
293.70200 1.00000 
293.69501 1.00000 
292.96201 1.00000 
293.19101 1.00000 
293.34399 1.00000 
293.44901 1.00000 
293.20499 1.00000 
293.34601 1.00000 
293.47198 1.00000 
293.60699 1.00000 
293.31900 1.00000 
293.45300 1.00000 
294.22299 1.00000 
294.47699 1.00000 
294.30600 1.00000 
294.04401 1.00000 
293.95200 1.00000 
294.07599 1.00000 
294.14801 1.00000 
294.11700 1.00000 
293.95999 1.00000 
293.99701 1.00000 
293.67001 1.00000 
293.85800 1.00000 
293.95999 1.00000 
294.15500 1.00000 
294.15302 1.00000 
294.00201 1.00000 
293.82101 1.00000 
293.97101 1.00000 
293.54901 1.00000 
292.90100 1.00000 
292.43301 1.00000 
294.27499 1.00000 
293.81699 1.00000 
294.83600 1.00000 
291.03400 1.00000 
292.66599 1.00000 
292.54501 1.00000 
293.77499 1.00000 
294.39301 1.00000 
294.77200 1.00000 
294.84601 1.00000 
295.01801 1.00000 
295.70499 1.00000 
295.67099 1.00000 
295.29800 1.00000 
294.41599 1.00000 
294.09100 1.00000 
294.31799 1.00000 
294.07401 1.00000 
293.78101 1.00000 
293.60901 1.00000 
294.00800 1.00000 
294.12299 1.00000 
294.07501 1.00000 
294.12799 1.00000 
293.92001 1.00000 
293.73099 1.00000 
293.70401 1.00000 
293.70999 1.00000 
293.92099 1.00000 
293.68301 1.00000 
293.79599 1.00000 
294.03299 1.00000 
294.09799 1.00000 
294.14200 1.00000 
294.23401 1.00000 
294.20901 1.00000 
294.32800 1.00000 
294.20801 1.00000 
294.04401 1.00000 
293.55801 1.00000 
293.40399 1.00000 
293.45700 1.00000 
292.80200 1.00000 
292.65302 1.00000 
292.05099 1.00000 
291.12000 1.00000 
291.06601 1.00000 
290.10199 1.00000 
288.55899 1.00000 
288.57501 1.00000 
289.16501 1.00000 
290.60400 1.00000 
294.94699 1.00000 
292.46100 1.00000 
292.02701 1.00000 
290.35300 1.00000 
294.58701 1.00000 
301.38000 1.00000 
291.25699 1.00000 
278.37900 1.00000 
272.91599 1.00000 
271.13000 1.00000 
273.33401 1.00000 
277.49301 1.00000 
286.19901 1.00000 
273.16699 1.00000 
268.83801 1.00000 
268.82800 1.00000 
268.76999 1.00000 
277.53799 1.00000 
330.59100 1.00000 
273.07800 1.00000 
268.76801 1.00000 
268.74899 1.00000 
268.56699 1.00000 
272.31201 1.00000 
272.19901 1.00000 
261.78799 1.00000 
268.59100 1.00000 
261.92099 1.00000 
261.89499 1.00000 
261.90399 1.00000 
260.43100 1.00000 
262.79800 1.00000 
263.38699 1.00000 
263.42001 1.00000 
264.17801 1.00000 
264.38300 1.00000 
264.61099 1.00000 
260.77701 1.00000 
264.88000 1.00000 
265.18399 1.00000 
265.34399 1.00000 
265.04700 1.00000 
264.96600 1.00000 
264.51001 1.00000 
260.70999 1.00000 
260.72000 1.00000 
264.25201 1.00000 
264.00500 1.00000 
263.89700 1.00000 
263.43600 1.00000 
263.07300 1.00000 
262.74301 1.00000 
262.22101 1.00000 
260.36401 1.00000 
261.86401 1.00000 
260.30399 1.00000 
260.22699 1.00000 
260.18500 1.00000 
260.10599 1.00000 
260.19901 1.00000 
260.00500 1.00000 
260.17700 1.00000 
260.17200 1.00000 
260.19901 1.00000 
260.90799 1.00000 
260.25800 1.00000 
261.07001 1.00000 
260.31799 1.00000 
261.78101 1.00000 
260.40799 1.00000 
262.21600 1.00000 
260.45999 1.00000 
260.46399 1.00000 
260.52399 1.00000 
262.72699 1.00000 
260.56000 1.00000 
260.58200 1.00000 
263.73599 1.00000 
264.00900 1.00000 
264.27701 1.00000 
264.45099 1.00000 
264.58499 1.00000 
264.82901 1.00000 
264.89899 1.00000 
265.00699 1.00000 
264.96701 1.00000 
264.38699 1.00000 
264.20499 1.00000 
263.96201 1.00000 
263.89600 1.00000 
263.80200 1.00000 
263.89200 1.00000 
263.45300 1.00000 
263.06900 1.00000 
262.59799 1.00000 
262.50400 1.00000 
260.40399 1.00000 
262.35199 1.00000 
261.88800 1.00000 
260.81900 1.00000 
257.80200 1.00000 
259.81201 1.00000 
0.00000 0.00000 
0.00000 0.00000 
0.00000 0.00000 
259.33899 1.00000 
259.69601 1.00000 
260.26199 1.00000 
260.13000 1.00000 
260.37601 1.00000 
261.06601 1.00000 
261.67599 1.00000 
261.91299 1.00000 
262.36301 1.00000 
263.03601 1.00000 
263.26901 1.00000 
263.77499 1.00000 
263.83401 1.00000 
263.97299 1.00000 
264.06900 1.00000 
264.28299 1.00000 
264.26999 1.00000 
264.00601 1.00000 
263.93100 1.00000 
260.58499 1.00000 
263.19101 1.00000 
262.95499 1.00000 
262.95200 1.00000 
262.43301 1.00000 
262.13300 1.00000 
261.32401 1.00000 
260.70999 1.00000 
260.36499 1.00000 
259.95801 1.00000 
259.57599 1.00000 
259.23001 1.00000 
258.88000 1.00000 
258.90701 1.00000 
259.04901 1.00000 
259.26501 1.00000 
259.33301 1.00000 
259.37100 1.00000 
259.70300 1.00000 
260.24701 1.00000 
260.22800 1.00000 
261.35501 1.00000 
261.61301 1.00000 
262.06601 1.00000 
262.49100 1.00000 
262.62399 1.00000 
262.88901 1.00000 
263.51501 1.00000 
260.67099 1.00000 
260.76099 1.00000 
260.88901 1.00000 
0.00000 0.00000 
257.36401 1.00000 
260.95300 1.00000 
265.19101 1.00000 
264.52399 1.00000 
260.63599 1.00000 
263.85001 1.00000 
263.33200 1.00000 
262.85901 1.00000 
260.42801 1.00000 
260.39200 1.00000 
260.34399 1.00000 
260.28601 1.00000 
261.04401 1.00000 
260.18600 1.00000 
259.95001 1.00000 
259.72299 1.00000 
259.29599 1.00000 
259.25500 1.00000 
259.13000 1.00000 
259.42999 1.00000 
259.33600 1.00000 
259.31699 1.00000 
259.20401 1.00000 
259.88300 1.00000 
260.05099 1.00000 
260.18399 1.00000 
260.65302 1.00000 
260.28400 1.00000 
260.33899 1.00000 
262.03900 1.00000 
260.43799 1.00000 
262.28699 1.00000 
260.48300 1.00000 
260.54300 1.00000 
260.55301 1.00000 
263.15201 1.00000 
260.66699 1.00000 
264.26501 1.00000 
264.63199 1.00000 
264.62500 1.00000 
264.63501 1.00000 
264.96100 1.00000 
264.04501 1.00000 
263.23199 1.00000 
262.98599 1.00000 
262.27200 1.00000 
262.12900 1.00000 
261.97000 1.00000 
261.01001 1.00000 
260.63800 1.00000 
259.33600 1.00000 
258.69800 1.00000 
259.07300 1.00000 
259.68201 1.00000 
260.55499 1.00000 
0.00000 0.00000 
0.00000 0.00000 
0.00000 0.00000 
0.00000 0.00000 
0.00000 0.00000 
0.00000 0.00000 
0.00000 0.00000 
258.92099 1.00000 
257.20700 1.00000 
259.61899 1.00000 
260.33200 1.00000 
261.27100 1.00000 
261.95099 1.00000 
262.87701 1.00000 
260.51901 1.00000 
263.09601 1.00000 
264.11301 1.00000 
263.90399 1.00000 
263.97900 1.00000 
264.04599 1.00000 
264.24301 1.00000 
264.30499 1.00000 
264.48001 1.00000 
264.52899 1.00000 
264.26801 1.00000 
264.11301 1.00000 
263.83899 1.00000 
263.49399 1.00000 
260.55600 1.00000 
262.93100 1.00000 
262.46500 1.00000 
260.40100 1.00000 
260.35699 1.00000 
260.32800 1.00000 
260.73001 1.00000 
260.20001 1.00000 
259.93600 1.00000 
259.76199 1.00000 
259.67801 1.00000 
259.48999 1.00000 
259.65601 1.00000 
259.73001 1.00000 
259.59100 1.00000 
259.69901 1.00000 
259.77701 1.00000 
259.99701 1.00000 
260.26199 1.00000 
260.25900 1.00000 
260.96399 1.00000 
261.29001 1.00000 
261.57599 1.00000 
260.33099 1.00000 
262.10699 1.00000 
262.41000 1.00000 
262.39999 1.00000 
262.54501 1.00000 
260.45300 1.00000 
262.80499 1.00000 
263.03699 1.00000 
263.02399 1.00000 
260.59698 1.00000 
260.66101 1.00000 
260.63199 1.00000 
260.62201 1.00000 
262.84698 1.00000 
260.63699 1.00000 
260.60300 1.00000 
260.54501 1.00000 
262.37399 1.00000 
262.25299 1.00000 
260.50299 1.00000 
260.45200 1.00000 
260.49701 1.00000 
260.46701 1.00000 
262.22501 1.00000 
260.50101 1.00000 
262.26300 1.00000 
260.47299 1.00000 
260.47800 1.00000 
260.49799 1.00000 
262.48901 1.00000 
262.68399 1.00000 
262.82101 1.00000 
262.85300 1.00000 
262.94800 1.00000 
263.17300 1.00000 
263.51599 1.00000 
263.68600 1.00000 
263.71201 1.00000 
263.92300 1.00000 
264.04199 1.00000 
263.94101 1.00000 
264.25299 1.00000 
264.50299 1.00000 
264.73801 1.00000 
265.84299 1.00000 
268.83499 1.00000 
268.18900 1.00000 
267.29999 1.00000 
263.47800 1.00000 
264.06699 1.00000 
268.38699 1.00000 
273.34698 1.00000 
287.14700 1.00000 
287.15201 1.00000 
287.29700 1.00000 
290.16501 1.00000 
291.56201 1.00000 
292.39499 1.00000 
292.72601 1.00000 
292.65799 1.00000 
291.40399 1.00000 
291.42999 1.00000 
291.83701 1.00000 
293.51700 1.00000 
293.77499 1.00000 
292.36200 1.00000 
292.31201 1.00000 
292.05200 1.00000 
292.71701 1.00000 
293.77399 1.00000 
293.93201 1.00000 
292.98700 1.00000 
292.70901 1.00000 
292.86401 1.00000 
292.84698 1.00000 
293.42001 1.00000 
293.35199 1.00000 
292.74399 1.00000 
292.63101 1.00000 
292.14200 1.00000 
292.48999 1.00000 
293.05200 1.00000 
293.07599 1.00000 
292.91199 1.00000 
292.60599 1.00000 
292.53201 1.00000 
292.75000 1.00000 
292.82800 1.00000 
293.24799 1.00000 
293.35300 1.00000 
292.70801 1.00000 
292.72699 1.00000 
293.21201 1.00000 
293.38501 1.00000 
293.06100 1.00000 
293.48401 1.00000 
293.06900 1.00000 
293.33600 1.00000 
293.39200 1.00000 
293.32700 1.00000 
293.37399 1.00000 
293.70200 1.00000 
293.43500 1.00000 
293.90302 1.00000 
293.75000 1.00000 
293.34900 1.00000 
293.32001 1.00000 
293.25699 1.00000 
293.42801 1.00000 
293.36499 1.00000 
293.53000 1.00000 
293.66501 1.00000 
293.83200 1.00000 
293.79401 1.00000 
293.87399 1.00000 
293.70801 1.00000 
293.71701 1.00000 
293.54800 1.00000 
293.57700 1.00000 
293.47400 1.00000 
293.63400 1.00000 
293.75400 1.00000 
293.61700 1.00000 
293.67499 1.00000 
295.10599 1.00000 
296.27100 1.00000 
296.02200 1.00000 
295.32501 1.00000 
294.00400 1.00000 
293.85999 1.00000 
293.62100 1.00000 
293.24799 1.00000 
293.40201 1.00000 
293.10901 1.00000 
292.76801 1.00000 
292.35699 1.00000 
291.96100 1.00000 
292.38901 1.00000 
292.45901 1.00000 
292.32599 1.00000 
291.93100 1.00000 
291.54099 1.00000 
288.47501 1.00000 
287.04999 1.00000 
284.96201 1.00000 
0.00000 0.00000 
0.00000 0.00000 
0.00000 0.00000 
0.00000 0.00000 
328.45300 1.00000 
330.52899 1.00000 
329.25000 1.00000 
332.13800 1.00000 
330.17899 1.00000 
331.55399 1.00000 
332.00800 1.00000 
331.95001 1.00000 
331.78400 1.00000 
332.06000 1.00000 
331.77701 1.00000 
331.84601 1.00000 
331.72198 1.00000 
331.45801 1.00000 
330.93900 1.00000 
330.50601 1.00000 
330.02899 1.00000 
329.88400 1.00000 
329.14899 1.00000 
328.51999 1.00000 
328.53900 1.00000 
327.95599 1.00000 
327.70499 1.00000 
327.74701 1.00000 
327.72400 1.00000 
327.59399 1.00000 
327.92999 1.00000 
328.05301 1.00000 
327.91299 1.00000 
328.06100 1.00000 
328.16501 1.00000 
328.40601 1.00000 
328.93301 1.00000 
328.95300 1.00000 
329.42700 1.00000 
329.93799 1.00000 
330.05301 1.00000 
330.59698 1.00000 
330.72800 1.00000 
330.76401 1.00000 
331.18201 1.00000 
331.20099 1.00000 
331.09698 1.00000 
331.29599 1.00000 
331.20901 1.00000 
331.12500 1.00000 
331.28000 1.00000 
331.29999 1.00000 
331.35699 1.00000 
331.40399 1.00000 
331.43500 1.00000 
331.34399 1.00000 
331.38400 1.00000 
331.25601 1.00000 
331.37000 1.00000 
331.30600 1.00000 
331.23001 1.00000 
331.37000 1.00000 
331.38901 1.00000 
331.40799 1.00000 
331.31699 1.00000 
331.33600 1.00000 
331.23499 1.00000 
331.39600 1.00000 
331.24799 1.00000 
331.20001 1.00000 
331.37900 1.00000 
331.20300 1.00000 
331.24799 1.00000 
331.23199 1.00000 
331.06000 1.00000 
331.24500 1.00000 
331.39301 1.00000 
331.16400 1.00000 
331.18701 1.00000 
331.35101 1.00000 
331.99301 1.00000 
333.96600 1.00000 
337.61600 1.00000 
339.18799 1.00000 
341.42401 1.00000 
340.37399 1.00000 
333.13599 1.00000 
329.96701 1.00000 
343.08301 1.00000 
351.69299 1.00000 
354.99100 1.00000 
359.39301 1.00000 
364.13800 1.00000 
367.76300 1.00000 
368.59500 1.00000 
370.47198 1.00000 
370.96799 1.00000 
372.09698 1.00000 
373.93600 1.00000 
375.51999 1.00000 
377.99301 1.00000 
379.33301 1.00000 
380.92200 1.00000 
383.10699 1.00000 
384.51501 1.00000 
385.73001 1.00000 
387.20999 1.00000 
388.55801 1.00000 
389.17099 1.00000 
389.02499 1.00000 
389.26001 1.00000 
390.23599 1.00000 
391.50601 1.00000 
391.86301 1.00000 
391.80499 1.00000 
392.26401 1.00000 
391.50201 1.00000 
391.86700 1.00000 
392.24899 1.00000 
392.14401 1.00000 
392.24600 1.00000 
392.02899 1.00000 
392.44299 1.00000 
392.62201 1.00000 
392.87601 1.00000 
392.96701 1.00000 
393.15201 1.00000 
393.19299 1.00000 
394.28299 1.00000 
395.67300 1.00000 
396.23499 1.00000 
396.70801 1.00000 
396.89401 1.00000 
397.41299 1.00000 
397.84201 1.00000 
397.96301 1.00000 
397.78299 1.00000 
397.82401 1.00000 
397.73700 1.00000 
397.93399 1.00000 
398.14301 1.00000 
398.11600 1.00000 
398.46100 1.00000 
398.39099 1.00000 
398.65500 1.00000 
398.49701 1.00000 
398.65500 1.00000 
398.54901 1.00000 
398.72101 1.00000 
399.01599 1.00000 
399.04901 1.00000 
399.26700 1.00000 
399.49899 1.00000 
399.44101 1.00000 
399.84000 1.00000 
399.87601 1.00000 
399.84100 1.00000 
400.10101 1.00000 
400.13199 1.00000 
400.25900 1.00000 
400.43600 1.00000 
400.53699 1.00000 
400.67099 1.00000 
400.89600 1.00000 
401.01901 1.00000 
401.00201 1.00000 
401.28799 1.00000 
401.33099 1.00000 
401.31400 1.00000 
401.54401 1.00000 
401.60800 1.00000 
401.65701 1.00000 
401.66901 1.00000 
401.62799 1.00000 
401.74200 1.00000 
401.62000 1.00000 
401.49399 1.00000 
401.49799 1.00000 
401.29901 1.00000 
401.32501 1.00000 
401.28400 1.00000 
401.16400 1.00000 
401.11899 1.00000 
400.81500 1.00000 
400.79199 1.00000 
400.85599 1.00000 
400.68100 1.00000 
400.59500 1.00000 
400.14401 1.00000 
400.01199 1.00000 
399.58301 1.00000 
399.37900 1.00000 
398.80099 1.00000 
398.13101 1.00000 
397.41400 1.00000 
397.14200 1.00000 
397.21399 1.00000 
398.19901 1.00000 
400.23401 1.00000 
400.92599 1.00000 
397.84100 1.00000 
395.23999 1.00000 
396.30499 1.00000 
396.99100 1.00000 
389.74799 1.00000 
401.77600 1.00000 
392.28799 1.00000 
374.91400 1.00000 
385.88599 1.00000 
377.22501 1.00000 
361.24701 1.00000 
332.53500 1.00000 
343.02499 1.00000 
356.79401 1.00000 
329.60901 1.00000 
341.48300 1.00000 
337.93100 1.00000 
328.67300 1.00000 
339.25900 1.00000 
333.30200 1.00000 
330.00201 1.00000 
336.37100 1.00000 
332.71701 1.00000 
330.38599 1.00000 
337.23599 1.00000 
334.61899 1.00000 
331.03699 1.00000 
336.93900 1.00000 
334.75800 1.00000 
331.58301 1.00000 
334.70700 1.00000 
334.56500 1.00000 
332.06699 1.00000 
334.00900 1.00000 
334.69501 1.00000 
332.50601 1.00000 
333.10199 1.00000 
333.30099 1.00000 
330.97501 1.00000 
331.26199 1.00000 
331.10199 1.00000 
329.93399 1.00000 
329.99399 1.00000 
329.62500 1.00000 
328.62701 1.00000 
328.74399 1.00000 
328.46100 1.00000 
328.17300 1.00000 
328.74200 1.00000 
328.93399 1.00000 
328.77399 1.00000 
329.41400 1.00000 
329.76700 1.00000 
329.91199 1.00000 
330.63699 1.00000 
331.04999 1.00000 
331.27600 1.00000 
331.99100 1.00000 
332.23401 1.00000 
332.32401 1.00000 
332.67401 1.00000 
332.68600 1.00000 
332.59698 1.00000 
332.84000 1.00000 
332.96399 1.00000 
332.85400 1.00000 
333.20001 1.00000 
333.24899 1.00000 
333.19199 1.00000 
333.35101 1.00000 
333.38000 1.00000 
333.04001 1.00000 
333.26300 1.00000 
333.26801 1.00000 
333.13800 1.00000 
333.13199 1.00000 
333.32101 1.00000 
333.41000 1.00000 
333.27600 1.00000 
333.48700 1.00000 
333.35001 1.00000 
333.26401 1.00000 
333.42999 1.00000 
333.48901 1.00000 
333.54199 1.00000 
333.48300 1.00000 
333.44901 1.00000 
333.22501 1.00000 
333.05301 1.00000 
333.05399 1.00000 
333.12000 1.00000 
332.98499 1.00000 
332.83200 1.00000 
332.80600 1.00000 
333.03799 1.00000 
333.71799 1.00000 
329.08401 1.00000 
328.99399 1.00000 
329.37500 1.00000 
329.52701 1.00000 
332.63400 1.00000 
333.13501 1.00000 
335.54800 1.00000 
322.29999 1.00000 
293.48901 1.00000 
296.21500 1.00000 
295.61401 1.00000 
295.81299 1.00000 
296.36401 1.00000 
295.85001 1.00000 
295.67099 1.00000 
296.51001 1.00000 
297.04300 1.00000 
296.76001 1.00000 
297.41000 1.00000 
297.35001 1.00000 
297.14999 1.00000 
296.97699 1.00000 
296.68301 1.00000 
296.94299 1.00000 
296.94601 1.00000 
296.54401 1.00000 
296.22101 1.00000 
296.21301 1.00000 
296.45801 1.00000 
296.21600 1.00000 
296.09399 1.00000 
295.59000 1.00000 
295.00201 1.00000 
293.53101 1.00000 
292.93500 1.00000 
293.36499 1.00000 
293.05099 1.00000 
291.51199 1.00000 
290.81100 1.00000 
291.15601 1.00000 
290.80499 1.00000 
291.03400 1.00000 
291.32901 1.00000 
291.60901 1.00000 
291.90201 1.00000 
292.36700 1.00000 
292.96899 1.00000 
293.37701 1.00000 
293.98700 1.00000 
294.58499 1.00000 
294.98001 1.00000 
295.37399 1.00000 
295.59201 1.00000 
296.06799 1.00000 
296.39301 1.00000 
296.80499 1.00000 
296.93100 1.00000 
297.16299 1.00000 
297.09000 1.00000 
297.09399 1.00000 
296.73499 1.00000 
296.62100 1.00000 
296.62701 1.00000 
296.61600 1.00000 
296.86600 1.00000 
296.41599 1.00000 
295.65399 1.00000 
294.31601 1.00000 
294.23199 1.00000 
294.46500 1.00000 
294.05099 1.00000 
291.98001 1.00000 
290.48199 1.00000 
289.75699 1.00000 
289.36700 1.00000 
290.04001 1.00000 
290.09900 1.00000 
290.51599 1.00000 
290.94299 1.00000 
291.08401 1.00000 
291.35300 1.00000 
291.94199 1.00000 
292.20700 1.00000 
292.72299 1.00000 
293.19901 1.00000 
293.41901 1.00000 
294.17899 1.00000 
294.59100 1.00000 
294.79999 1.00000 
295.40799 1.00000 
295.60101 1.00000 
295.69800 1.00000 
295.76901 1.00000 
296.01199 1.00000 
295.99701 1.00000 
296.01199 1.00000 
295.89899 1.00000 
295.21701 1.00000 
295.29401 1.00000 
295.51501 1.00000 
295.20999 1.00000 
295.51700 1.00000 
294.68201 1.00000 
293.82999 1.00000 
291.98901 1.00000 
291.87799 1.00000 
291.71301 1.00000 
291.29700 1.00000 
290.92401 1.00000 
290.62100 1.00000 
290.49701 1.00000 
291.00400 1.00000 
291.00900 1.00000 
291.19101 1.00000 
291.36899 1.00000 
291.25900 1.00000 
291.03101 1.00000 
291.60800 1.00000 
291.80499 1.00000 
292.18900 1.00000 
292.51001 1.00000 
292.79401 1.00000 
293.32101 1.00000 
293.71100 1.00000 
293.94199 1.00000 
294.18701 1.00000 
294.18799 1.00000 
294.09000 1.00000 
294.72501 1.00000 
294.91101 1.00000 
295.55600 1.00000 
295.29501 1.00000 
294.41400 1.00000 
293.68701 1.00000 
293.27802 1.00000 
292.55600 1.00000 
292.33099 1.00000 
292.01001 1.00000 
291.70499 1.00000 
291.19800 1.00000 
291.11200 1.00000 
290.78101 1.00000 
290.85101 1.00000 
291.18100 1.00000 
291.03201 1.00000 
291.12299 1.00000 
290.99200 1.00000 
290.79199 1.00000 
291.04099 1.00000 
291.17200 1.00000 
291.45700 1.00000 
291.81500 1.00000 
291.64200 1.00000 
291.85999 1.00000 
292.18799 1.00000 
292.63699 1.00000 
292.73901 1.00000 
293.26401 1.00000 
293.40201 1.00000 
293.29999 1.00000 
293.89700 1.00000 
293.92001 1.00000 
294.29599 1.00000 
294.47800 1.00000 
294.41000 1.00000 
294.13000 1.00000 
294.23001 1.00000 
294.94699 1.00000 
294.91400 1.00000 
294.70200 1.00000 
294.10101 1.00000 
294.22900 1.00000 
293.79300 1.00000 
294.67700 1.00000 
295.29599 1.00000 
296.08301 1.00000 
295.16299 1.00000 
292.97501 1.00000 
292.34299 1.00000 
292.29700 1.00000 
292.21899 1.00000 
291.85699 1.00000 
292.54099 1.00000 
292.08801 1.00000 
292.06201 1.00000 
292.58301 1.00000 
292.32300 1.00000 
293.02200 1.00000 
292.33099 1.00000 
292.40302 1.00000 
292.78201 1.00000 
293.06000 1.00000 
292.84500 1.00000 
293.24899 1.00000 
292.83301 1.00000 
293.57700 1.00000 
293.11899 1.00000 
293.40302 1.00000 
294.64301 1.00000 
295.20001 1.00000 
293.92200 1.00000 
294.08200 1.00000 
294.50000 1.00000 
293.42001 1.00000 
294.32401 1.00000 
294.70901 1.00000 
293.69800 1.00000 
293.92200 1.00000 
294.31699 1.00000 
295.29001 1.00000 
298.56799 1.00000 
300.08600 1.00000 
298.45499 1.00000 
295.78101 1.00000 
294.48401 1.00000 
294.62900 1.00000 
292.29700 1.00000 
292.30499 1.00000 
294.84698 1.00000 
294.02301 1.00000 
291.95401 1.00000 
291.53500 1.00000 
290.57599 1.00000 
292.56100 1.00000 
291.71100 1.00000 
290.92401 1.00000 
294.31601 1.00000 
294.82901 1.00000 
294.93100 1.00000 
293.60001 1.00000 
292.90500 1.00000 
292.32401 1.00000 
291.71701 1.00000 
294.36099 1.00000 
291.19699 1.00000 
290.84500 1.00000 
292.95001 1.00000 
294.77100 1.00000 
295.75800 1.00000 
295.87100 1.00000 
290.94901 1.00000 
290.89401 1.00000 
293.20300 1.00000 
293.56000 1.00000 
295.01599 1.00000 
296.09698 1.00000 
295.67899 1.00000 
286.49500 1.00000 
293.76099 1.00000 
294.99399 1.00000 
297.40799 1.00000 
295.61499 1.00000 
290.09500 1.00000 
292.26999 1.00000 
291.52100 1.00000 
294.27899 1.00000 
293.18900 1.00000 
288.69101 1.00000 
295.01401 1.00000 
294.79199 1.00000 
291.88501 1.00000 
292.29199 1.00000 
294.65100 1.00000 
297.37799 1.00000 
296.17499 1.00000 
292.06601 1.00000 
294.08600 1.00000 
291.44800 1.00000 
290.41599 1.00000 
290.39600 1.00000 
290.66599 1.00000 
292.56299 1.00000 
292.09900 1.00000 
295.29199 1.00000 
291.06000 1.00000 
294.16000 1.00000 
291.61801 1.00000 
291.67401 1.00000 
289.83899 1.00000 
288.35300 1.00000 
0.00000 0.00000 
0.00000 0.00000 
0.00000 0.00000 
0.00000 0.00000 
0.00000 0.00000 
0.00000 0.00000 
0.00000 0.00000 
0.00000 0.00000 
0.00000 0.00000 
0.00000 0.00000 
0.00000 0.00000 
0.00000 0.00000 
0.00000 0.00000 
0.00000 0.00000 
0.00000 0.00000 
0.00000 0.00000 
0.00000 0.00000 
0.00000 0.00000 
0.00000 0.00000 
0.00000 0.00000 
260.34201 1.00000 
261.82199 1.00000 
262.35199 1.00000 
262.79300 1.00000 
263.23401 1.00000 
263.37000 1.00000 
263.56400 1.00000 
263.71201 1.00000 
263.99500 1.00000 
264.39099 1.00000 
264.48499 1.00000 
264.87399 1.00000 
264.95999 1.00000 
264.93399 1.00000 
264.75699 1.00000 
265.12100 1.00000 
264.99399 1.00000 
264.84799 1.00000 
264.78699 1.00000 
264.63699 1.00000 
264.65900 1.00000 
264.63101 1.00000 
264.59100 1.00000 
264.72299 1.00000 
264.66199 1.00000 
264.64301 1.00000 
264.74701 1.00000 
264.69601 1.00000 
264.63501 1.00000 
264.67700 1.00000 
264.65201 1.00000 
264.73401 1.00000 
264.69901 1.00000 
264.59399 1.00000 
264.53299 1.00000 
264.42001 1.00000 
264.19000 1.00000 
264.29599 1.00000 
263.94601 1.00000 
264.03400 1.00000 
263.98999 1.00000 
263.84201 1.00000 
263.80899 1.00000 
263.82199 1.00000 
263.62201 1.00000 
263.24200 1.00000 
262.64200 1.00000 
261.71799 1.00000 
262.76300 1.00000 
258.14899 1.00000 
261.94199 1.00000 
260.18100 1.00000 
270.45801 1.00000 
303.66101 1.00000 
331.56100 1.00000 
331.72000 1.00000 
331.13699 1.00000 
335.57401 1.00000 
330.07401 1.00000 
333.08701 1.00000 
335.29401 1.00000 
331.96799 1.00000 
333.55801 1.00000 
333.58401 1.00000 
332.37500 1.00000 
333.88199 1.00000 
332.73999 1.00000 
332.88501 1.00000 
334.08301 1.00000 
332.14700 1.00000 
333.07700 1.00000 
333.16400 1.00000 
332.05200 1.00000 
333.21301 1.00000 
332.55701 1.00000 
331.79901 1.00000 
333.17700 1.00000 
331.73599 1.00000 
331.85199 1.00000 
332.89999 1.00000 
331.52802 1.00000 
332.23901 1.00000 
332.94299 1.00000 
331.76801 1.00000 
332.91599 1.00000 
332.61899 1.00000 
331.78299 1.00000 
333.14301 1.00000 
332.52802 1.00000 
332.28000 1.00000 
333.05499 1.00000 
332.39999 1.00000 
332.78601 1.00000 
332.65601 1.00000 
332.22000 1.00000 
333.07401 1.00000 
332.72601 1.00000 
332.44501 1.00000 
332.99100 1.00000 
332.69101 1.00000 
332.61099 1.00000 
333.03601 1.00000 
332.45901 1.00000 
332.97699 1.00000 
333.18201 1.00000 
332.68201 1.00000 
333.24799 1.00000 
333.00201 1.00000 
332.69901 1.00000 
332.60800 1.00000 
333.08401 1.00000 
332.69699 1.00000 
338.47699 1.00000 
342.96100 1.00000 
367.29800 1.00000 
359.86801 1.00000 
371.81400 1.00000 
373.92899 1.00000 
373.87701 1.00000 
375.78601 1.00000 
375.33301 1.00000 
377.48901 1.00000 
376.19800 1.00000 
378.51501 1.00000 
379.26300 1.00000 
381.58200 1.00000 
382.20099 1.00000 
383.37601 1.00000 
385.45200 1.00000 
386.61801 1.00000 
386.99600 1.00000 
389.07999 1.00000 
389.57800 1.00000 
389.45300 1.00000 
390.80701 1.00000 
391.23199 1.00000 
391.69901 1.00000 
391.51700 1.00000 
391.43600 1.00000 
392.64401 1.00000 
393.00500 1.00000 
392.01599 1.00000 
392.13800 1.00000 
392.46799 1.00000 
392.87500 1.00000 
392.95700 1.00000 
392.99399 1.00000 
392.57101 1.00000 
391.97800 1.00000 
393.06900 1.00000 
393.12299 1.00000 
393.64301 1.00000 
393.51700 1.00000 
393.52499 1.00000 
393.19800 1.00000 
392.60699 1.00000 
393.32999 1.00000 
392.20499 1.00000 
393.24899 1.00000 
393.39700 1.00000 
393.12701 1.00000 
392.87601 1.00000 
393.26501 1.00000 
393.31900 1.00000 
393.76300 1.00000 
393.65201 1.00000 
393.60800 1.00000 
393.34201 1.00000 
393.63300 1.00000 
394.09698 1.00000 
393.94101 1.00000 
394.81299 1.00000 
394.18799 1.00000 
394.01401 1.00000 
393.94501 1.00000 
394.19699 1.00000 
394.23801 1.00000 
393.77399 1.00000 
394.63199 1.00000 
394.87799 1.00000 
394.49899 1.00000 
394.68600 1.00000 
395.21701 1.00000 
394.79199 1.00000 
395.40201 1.00000 
395.49899 1.00000 
395.42999 1.00000 
395.96899 1.00000 
396.00400 1.00000 
395.95001 1.00000 
396.06601 1.00000 
396.49799 1.00000 
396.78900 1.00000 
397.20599 1.00000 
396.78500 1.00000 
396.88599 1.00000 
396.61200 1.00000 
396.30600 1.00000 
396.33200 1.00000 
395.78601 1.00000 
395.91000 1.00000 
395.51599 1.00000 
395.68399 1.00000 
395.42300 1.00000 
394.75101 1.00000 
393.99200 1.00000 
393.41101 1.00000 
393.06900 1.00000 
392.63501 1.00000 
392.05600 1.00000 
391.41501 1.00000 
390.72299 1.00000 
390.44199 1.00000 
390.26999 1.00000 
389.98300 1.00000 
390.00201 1.00000 
391.16400 1.00000 
391.26501 1.00000 
391.03201 1.00000 
391.11200 1.00000 
391.73300 1.00000 
392.47699 1.00000 
393.81400 1.00000 
395.07101 1.00000 
395.76300 1.00000 
395.91400 1.00000 
396.13501 1.00000 
396.27899 1.00000 
396.60901 1.00000 
396.76599 1.00000 
396.83600 1.00000 
396.95401 1.00000 
397.03799 1.00000 
397.10599 1.00000 
397.29401 1.00000 
397.20300 1.00000 
397.05899 1.00000 
396.52100 1.00000 
396.13699 1.00000 
395.39600 1.00000 
394.77100 1.00000 
394.38400 1.00000 
394.14499 1.00000 
393.69400 1.00000 
392.96100 1.00000 
392.08899 1.00000 
391.44501 1.00000 
390.63501 1.00000 
390.56601 1.00000 
389.87201 1.00000 
389.28400 1.00000 
389.36600 1.00000 
389.65399 1.00000 
390.05200 1.00000 
390.66699 1.00000 
391.20001 1.00000 
391.67899 1.00000 
392.30301 1.00000 
392.89700 1.00000 
393.87299 1.00000 
394.76001 1.00000 
395.86801 1.00000 
396.30099 1.00000 
396.76599 1.00000 
397.19400 1.00000 
397.67001 1.00000 
397.47800 1.00000 
397.69101 1.00000 
397.83899 1.00000 
397.70801 1.00000 
397.53299 1.00000 
397.48700 1.00000 
397.12601 1.00000 
396.60999 1.00000 
396.17801 1.00000 
395.61099 1.00000 
395.14801 1.00000 
394.42401 1.00000 
393.57700 1.00000 
392.81900 1.00000 
391.80301 1.00000 
390.38000 1.00000 
389.44299 1.00000 
389.53601 1.00000 
389.37601 1.00000 
388.58301 1.00000 
388.63501 1.00000 
389.04599 1.00000 
389.41501 1.00000 
390.33099 1.00000 
391.32700 1.00000 
392.47000 1.00000 
393.11301 1.00000 
394.12299 1.00000 
395.69901 1.00000 
397.58200 1.00000 
398.20401 1.00000 
398.42001 1.00000 
398.40100 1.00000 
398.07300 1.00000 
398.02301 1.00000 
398.08801 1.00000 
398.29800 1.00000 
398.24200 1.00000 
398.03299 1.00000 
397.79501 1.00000 
397.48901 1.00000 
397.00000 1.00000 
396.27200 1.00000 
395.89301 1.00000 
395.27499 1.00000 
394.47601 1.00000 
393.60699 1.00000 
392.99799 1.00000 
391.87399 1.00000 
390.95099 1.00000 
390.37100 1.00000 
390.16400 1.00000 
389.88901 1.00000 
389.78500 1.00000 
389.98499 1.00000 
390.39600 1.00000 
390.85400 1.00000 
391.38400 1.00000 
391.88000 1.00000 
392.27301 1.00000 
393.39999 1.00000 
394.73599 1.00000 
396.14600 1.00000 
397.39099 1.00000 
398.04401 1.00000 
398.14999 1.00000 
398.18900 1.00000 
398.06000 1.00000 
397.98001 1.00000 
397.78400 1.00000 
397.63699 1.00000 
397.69400 1.00000 
397.41901 1.00000 
397.18301 1.00000 
396.77499 1.00000 
396.37000 1.00000 
396.07700 1.00000 
395.72501 1.00000 
395.16501 1.00000 
394.68900 1.00000 
394.30399 1.00000 
394.03699 1.00000 
393.29800 1.00000 
392.63501 1.00000 
392.06699 1.00000 
391.05099 1.00000 
391.07199 1.00000 
390.96399 1.00000 
390.63000 1.00000 
390.36700 1.00000 
390.55899 1.00000 
390.84698 1.00000 
391.16101 1.00000 
391.25299 1.00000 
391.74899 1.00000 
392.14801 1.00000 
392.66599 1.00000 
393.09900 1.00000 
393.75900 1.00000 
395.00500 1.00000 
395.52499 1.00000 
396.12701 1.00000 
397.10599 1.00000 
396.89700 1.00000 
397.03699 1.00000 
396.89001 1.00000 
396.99701 1.00000 
397.21899 1.00000 
397.22501 1.00000 
396.80801 1.00000 
396.37000 1.00000 
395.92999 1.00000 
395.92700 1.00000 
395.79099 1.00000 
395.57599 1.00000 
394.94800 1.00000 
394.89499 1.00000 
394.48199 1.00000 
393.89499 1.00000 
393.17099 1.00000 
392.86899 1.00000 
392.46799 1.00000 
391.80600 1.00000 
391.34201 1.00000 
391.15701 1.00000 
390.67499 1.00000 
390.80701 1.00000 
390.62299 1.00000 
390.57901 1.00000 
390.48599 1.00000 
390.80899 1.00000 
390.76599 1.00000 
390.80899 1.00000 
391.23300 1.00000 
391.53799 1.00000 
391.65100 1.00000 
391.72699 1.00000 
392.14200 1.00000 
392.57001 1.00000 
393.01599 1.00000 
393.02100 1.00000 
393.50900 1.00000 
393.42599 1.00000 
393.82800 1.00000 
394.15601 1.00000 
394.34100 1.00000 
394.66699 1.00000 
394.74500 1.00000 
394.48001 1.00000 
394.61401 1.00000 
394.78299 1.00000 
394.79300 1.00000 
396.04199 1.00000 
394.43201 1.00000 
392.57300 1.00000 
392.73599 1.00000 
400.08401 1.00000 
400.07700 1.00000 
395.38400 1.00000 
394.07300 1.00000 
394.70901 1.00000 
395.78101 1.00000 
395.91800 1.00000 
395.62701 1.00000 
395.16901 1.00000 
394.97601 1.00000 
395.02301 1.00000 
395.05399 1.00000 
394.77802 1.00000 
394.48999 1.00000 
393.97000 1.00000 
393.49301 1.00000 
393.13199 1.00000 
393.03201 1.00000 
392.73599 1.00000 
392.54599 1.00000 
392.26001 1.00000 
392.25400 1.00000 
392.14301 1.00000 
391.96799 1.00000 
391.71600 1.00000 
391.74200 1.00000 
391.83499 1.00000 
391.72699 1.00000 
391.85501 1.00000 
392.07700 1.00000 
391.75000 1.00000 
391.71399 1.00000 
392.17700 1.00000 
392.43500 1.00000 
392.88101 1.00000 
393.52301 1.00000 
394.06299 1.00000 
394.75201 1.00000 
395.10101 1.00000 
395.53101 1.00000 
395.79001 1.00000 
395.83701 1.00000 
395.85999 1.00000 
395.61600 1.00000 
395.55600 1.00000 
395.52100 1.00000 
395.20099 1.00000 
395.14899 1.00000 
394.93399 1.00000 
394.77600 1.00000 
394.89099 1.00000 
394.61899 1.00000 
394.73999 1.00000 
394.89700 1.00000 
395.06400 1.00000 
395.09100 1.00000 
395.06799 1.00000 
394.90900 1.00000 
394.70901 1.00000 
394.47198 1.00000 
394.22101 1.00000 
394.51801 1.00000 
395.09000 1.00000 
399.37500 1.00000 
398.73099 1.00000 
397.07001 1.00000 
395.90601 1.00000 
395.88199 1.00000 
396.32300 1.00000 
396.36301 1.00000 
397.07901 1.00000 
396.84799 1.00000 
397.02301 1.00000 
397.42999 1.00000 
397.81100 1.00000 
398.17001 1.00000 
397.91400 1.00000 
397.91299 1.00000 
397.79700 1.00000 
397.62299 1.00000 
397.51801 1.00000 
397.48700 1.00000 
397.38699 1.00000 
397.47198 1.00000 
397.09000 1.00000 
396.82501 1.00000 
397.00000 1.00000 
396.97699 1.00000 
396.93500 1.00000 
396.97900 1.00000 
396.81201 1.00000 
396.79800 1.00000 
396.65601 1.00000 
396.73801 1.00000 
396.62100 1.00000 
396.66901 1.00000 
396.52301 1.00000 
396.56299 1.00000 
396.53299 1.00000 
396.60501 1.00000 
396.56601 1.00000 
396.49600 1.00000 
396.49701 1.00000 
396.60199 1.00000 
396.34000 1.00000 
396.44000 1.00000 
396.56400 1.00000 
396.78400 1.00000 
397.66101 1.00000 
398.00800 1.00000 
397.51001 1.00000 
396.09799 1.00000 
394.77301 1.00000 
394.79401 1.00000 
396.31201 1.00000 
397.08801 1.00000 
397.30399 1.00000 
399.00201 1.00000 
389.37500 1.00000 
389.04501 1.00000 
403.60101 1.00000 
391.79901 1.00000 
390.99301 1.00000 
401.80801 1.00000 
391.50201 1.00000 
384.93100 1.00000 
389.87299 1.00000 
388.88400 1.00000 
384.24200 1.00000 
382.89999 1.00000 
374.93600 1.00000 
371.93799 1.00000 
368.16699 1.00000 
360.84900 1.00000 
328.82901 1.00000 
326.91599 1.00000 
330.63101 1.00000 
327.79401 1.00000 
327.21600 1.00000 
329.26001 1.00000 
327.55399 1.00000 
329.21201 1.00000 
332.27100 1.00000 
330.97800 1.00000 
331.38901 1.00000 
334.74200 1.00000 
333.34000 1.00000 
332.95901 1.00000 
334.30801 1.00000 
333.39999 1.00000 
333.04999 1.00000 
334.46100 1.00000 
334.51001 1.00000 
333.83099 1.00000 
334.70801 1.00000 
335.42099 1.00000 
334.49799 1.00000 
334.06799 1.00000 
333.16000 1.00000 
331.13800 1.00000 
330.07800 1.00000 
328.93100 1.00000 
327.23401 1.00000 
326.95200 1.00000 
328.89700 1.00000 
327.50601 1.00000 
326.74899 1.00000 
328.03000 1.00000 
323.90601 1.00000 
326.24701 1.00000 
330.00699 1.00000 
330.85101 1.00000 
332.19101 1.00000 
297.52399 1.00000 
293.25699 1.00000 
293.85199 1.00000 
294.09900 1.00000 
295.47400 1.00000 
295.11099 1.00000 
294.94299 1.00000 
295.14401 1.00000 
293.72400 1.00000 
293.25101 1.00000 
292.74301 1.00000 
293.00400 1.00000 
293.73801 1.00000 
294.45401 1.00000 
293.29800 1.00000 
293.73599 1.00000 
293.91299 1.00000 
294.50400 1.00000 
293.99301 1.00000 
294.14499 1.00000 
293.57901 1.00000 
294.20901 1.00000 
294.51501 1.00000 
294.30899 1.00000 
293.73401 1.00000 
294.36600 1.00000 
294.22000 1.00000 
294.56100 1.00000 
294.46201 1.00000 
294.16299 1.00000 
293.76099 1.00000 
294.25299 1.00000 
294.13000 1.00000 
294.01599 1.00000 
294.03299 1.00000 
293.82501 1.00000 
293.83099 1.00000 
294.06699 1.00000 
293.84601 1.00000 
293.85501 1.00000 
293.93399 1.00000 
293.91699 1.00000 
293.89801 1.00000 
293.51599 1.00000 
293.60901 1.00000 
293.67200 1.00000 
293.88901 1.00000 
293.23099 1.00000 
293.45499 1.00000 
294.25000 1.00000 
293.45499 1.00000 
292.23499 1.00000 
292.27600 1.00000 
293.54901 1.00000 
293.79401 1.00000 
0.00000 0.00000 
0.00000 0.00000 
0.00000 0.00000 
0.00000 0.00000 
0.00000 0.00000 
0.00000 0.00000 
264.45099 1.00000 
267.91101 1.00000 
260.81100 1.00000 
262.73401 1.00000 
262.98199 1.00000 
263.77301 1.00000 
263.66901 1.00000 
263.92300 1.00000 
263.99200 1.00000 
260.76001 1.00000 
264.45599 1.00000 
264.46600 1.00000 
264.46701 1.00000 
264.28500 1.00000 
264.43301 1.00000 
264.75299 1.00000 
264.68301 1.00000 
264.76099 1.00000 
264.39200 1.00000 
263.87000 1.00000 
260.58701 1.00000 
263.15500 1.00000 
262.81000 1.00000 
262.60300 1.00000 
262.94299 1.00000 
262.75299 1.00000 
261.76999 1.00000 
260.32001 1.00000 
261.81299 1.00000 
261.78799 1.00000 
261.45599 1.00000 
261.32101 1.00000 
260.25400 1.00000 
260.27301 1.00000 
260.33301 1.00000 
261.85300 1.00000 
261.91400 1.00000 
262.44501 1.00000 
262.65799 1.00000 
263.18799 1.00000 
263.58600 1.00000 
263.90302 1.00000 
264.25500 1.00000 
264.90399 1.00000 
265.34900 1.00000 
265.14899 1.00000 
264.92599 1.00000 
264.72101 1.00000 
264.46799 1.00000 
264.16699 1.00000 
263.99399 1.00000 
264.08200 1.00000 
263.99100 1.00000 
263.87799 1.00000 
263.78201 1.00000 
264.17899 1.00000 
264.49100 1.00000 
264.71301 1.00000 
264.60101 1.00000 
264.51700 1.00000 
264.46799 1.00000 
264.37201 1.00000 
264.14401 1.00000 
263.77600 1.00000 
263.39801 1.00000 
262.90701 1.00000 
262.36700 1.00000 
261.80701 1.00000 
260.27499 1.00000 
260.37399 1.00000 
259.77301 1.00000 
259.29700 1.00000 
259.25101 1.00000 
259.25101 1.00000 
259.61899 1.00000 
259.81400 1.00000 
260.12399 1.00000 
260.14200 1.00000 
260.17200 1.00000 
260.19501 1.00000 
260.42599 1.00000 
260.75699 1.00000 
260.87201 1.00000 
260.26801 1.00000 
261.53601 1.00000 
260.35901 1.00000 
262.41400 1.00000 
262.73801 1.00000 
263.21899 1.00000 
263.74600 1.00000 
264.57800 1.00000 
265.03500 1.00000 
265.53299 1.00000 
265.76999 1.00000 
265.88800 1.00000 
265.77301 1.00000 
265.56201 1.00000 
265.47101 1.00000 
265.14700 1.00000 
265.04401 1.00000 
264.88901 1.00000 
264.52802 1.00000 
264.07501 1.00000 
263.77899 1.00000 
263.39999 1.00000 
262.58099 1.00000 
260.34000 1.00000 
261.45599 1.00000 
260.26501 1.00000 
260.21100 1.00000 
260.02600 1.00000 
259.74399 1.00000 
259.68600 1.00000 
259.82901 1.00000 
259.96201 1.00000 
260.14499 1.00000 
260.17801 1.00000 
260.51999 1.00000 
260.23499 1.00000 
261.24600 1.00000 
261.54501 1.00000 
261.81601 1.00000 
262.41699 1.00000 
263.08200 1.00000 
263.77701 1.00000 
264.68399 1.00000 
265.32999 1.00000 
265.87299 1.00000 
266.09601 1.00000 
266.34399 1.00000 
266.21399 1.00000 
265.99399 1.00000 
265.75400 1.00000 
265.68399 1.00000 
265.39899 1.00000 
265.24500 1.00000 
264.91901 1.00000 
264.55499 1.00000 
264.24399 1.00000 
263.97400 1.00000 
263.26401 1.00000 
262.54599 1.00000 
262.14001 1.00000 
260.29800 1.00000 
260.24301 1.00000 
260.20700 1.00000 
260.20099 1.00000 
260.14801 1.00000 
259.92401 1.00000 
259.87799 1.00000 
259.93900 1.00000 
260.14899 1.00000 
260.38101 1.00000 
260.21500 1.00000 
260.96201 1.00000 
260.28500 1.00000 
261.66299 1.00000 
261.72699 1.00000 
262.26599 1.00000 
262.67200 1.00000 
263.04199 1.00000 
263.29901 1.00000 
263.64801 1.00000 
264.16901 1.00000 
264.44699 1.00000 
264.49399 1.00000 
264.98099 1.00000 
264.93201 1.00000 
264.88101 1.00000 
264.64001 1.00000 
264.70901 1.00000 
264.61600 1.00000 
264.20401 1.00000 
263.84399 1.00000 
263.97198 1.00000 
263.83301 1.00000 
263.98099 1.00000 
263.75900 1.00000 
263.67700 1.00000 
263.76501 1.00000 
263.70901 1.00000 
263.59698 1.00000 
263.45801 1.00000 
263.93701 1.00000 
263.81900 1.00000 
263.19299 1.00000 
263.66000 1.00000 
263.64801 1.00000 
263.19601 1.00000 
263.36700 1.00000 
263.66299 1.00000 
263.64700 1.00000 
263.02399 1.00000 
263.23999 1.00000 
262.82999 1.00000 
264.18600 1.00000 
260.33600 1.00000 
260.37399 1.00000 
263.15701 1.00000 
259.44699 1.00000 
259.73999 1.00000 
261.42099 1.00000 
266.43100 1.00000 
0.00000 0.00000 
0.00000 0.00000 
0.00000 0.00000 
0.00000 0.00000 
0.00000 0.00000 
0.00000 0.00000 
0.00000 0.00000 
0.00000 0.00000 
330.52899 1.00000 
330.94501 1.00000 
331.49899 1.00000 
331.95801 1.00000 
330.93500 1.00000 
331.30200 1.00000 
331.82800 1.00000 
330.51999 1.00000 
330.55801 1.00000 
331.02600 1.00000 
330.40100 1.00000 
329.82501 1.00000 
330.54199 1.00000 
328.52100 1.00000 
327.22000 1.00000 
328.18100 1.00000 
328.13101 1.00000 
329.10199 1.00000 
331.04001 1.00000 
332.89801 1.00000 
335.91299 1.00000 
336.82501 1.00000 
336.82199 1.00000 
337.34601 1.00000 
337.34601 1.00000 
337.78900 1.00000 
337.49799 1.00000 
336.80600 1.00000 
336.47501 1.00000 
336.39200 1.00000 
335.34201 1.00000 
334.26199 1.00000 
333.05600 1.00000 
332.25500 1.00000 
331.59900 1.00000 
330.20200 1.00000 
329.42700 1.00000 
328.53000 1.00000 
327.81100 1.00000 
327.40100 1.00000 
327.34799 1.00000 
327.20099 1.00000 
327.54401 1.00000 
327.91000 1.00000 
328.03699 1.00000 
328.76999 1.00000 
328.71500 1.00000 
328.94601 1.00000 
328.82599 1.00000 
328.97299 1.00000 
329.22900 1.00000 
330.32199 1.00000 
330.73199 1.00000 
331.98999 1.00000 
333.03601 1.00000 
332.65500 1.00000 
333.37601 1.00000 
333.82800 1.00000 
333.80701 1.00000 
334.73001 1.00000 
333.89899 1.00000 
333.76700 1.00000 
333.76401 1.00000 
333.27899 1.00000 
333.71701 1.00000 
332.78299 1.00000 
332.61700 1.00000 
332.26801 1.00000 
331.58701 1.00000 
331.44299 1.00000 
331.02499 1.00000 
330.36600 1.00000 
329.94501 1.00000 
329.39999 1.00000 
329.00500 1.00000 
328.30899 1.00000 
328.23300 1.00000 
328.15701 1.00000 
328.31900 1.00000 
328.59000 1.00000 
328.78601 1.00000 
329.02600 1.00000 
329.50699 1.00000 
329.34698 1.00000 
329.65201 1.00000 
329.56201 1.00000 
330.35599 1.00000 
331.81201 1.00000 
332.37799 1.00000 
332.71201 1.00000 
332.73001 1.00000 
333.25000 1.00000 
333.65100 1.00000 
333.97699 1.00000 
334.10999 1.00000 
334.49399 1.00000 
334.91599 1.00000 
334.97601 1.00000 
335.25601 1.00000 
335.41000 1.00000 
335.33200 1.00000 
335.34900 1.00000 
334.63101 1.00000 
335.16000 1.00000 
336.42700 1.00000 
334.08899 1.00000 
332.89301 1.00000 
331.16800 1.00000 
330.96500 1.00000 
333.79001 1.00000 
333.56000 1.00000 
0.00000 0.00000 
0.00000 0.00000 
0.00000 0.00000 
288.32001 1.00000 
290.52802 1.00000 
291.08301 1.00000 
290.27499 1.00000 
291.47198 1.00000 
292.85101 1.00000 
293.22800 1.00000 
293.64099 1.00000 
293.31000 1.00000 
293.65201 1.00000 
294.56400 1.00000 
294.26801 1.00000 
294.14099 1.00000 
294.37500 1.00000 
293.98001 1.00000 
294.65500 1.00000 
294.96100 1.00000 
293.93399 1.00000 
293.29001 1.00000 
292.27600 1.00000 
291.01199 1.00000 
290.32800 1.00000 
289.69199 1.00000 
288.51801 1.00000 
288.56400 1.00000 
289.38699 1.00000 
289.39099 1.00000 
288.84900 1.00000 
289.11600 1.00000 
290.17099 1.00000 
290.12500 1.00000 
290.61801 1.00000 
291.65900 1.00000 
292.75601 1.00000 
293.01501 1.00000 
293.23901 1.00000 
292.40201 1.00000 
290.64301 1.00000 
290.53400 1.00000 
290.01700 1.00000 
288.61700 1.00000 
289.02399 1.00000 
289.72299 1.00000 
288.83801 1.00000 
289.47400 1.00000 
290.15201 1.00000 
290.79599 1.00000 
291.25500 1.00000 
291.90900 1.00000 
292.16699 1.00000 
293.24200 1.00000 
293.81699 1.00000 
293.59601 1.00000 
293.51401 1.00000 
293.84698 1.00000 
293.53000 1.00000 
293.50601 1.00000 
293.00101 1.00000 
292.95801 1.00000 
293.77100 1.00000 
292.57199 1.00000 
292.44400 1.00000 
292.90900 1.00000 
292.32401 1.00000 
292.74301 1.00000 
293.08899 1.00000 
292.70700 1.00000 
293.37399 1.00000 
293.76501 1.00000 
293.83499 1.00000 
294.26599 1.00000 
294.28799 1.00000 
293.90900 1.00000 
294.04700 1.00000 
293.97900 1.00000 
293.89200 1.00000 
293.61499 1.00000 
293.75699 1.00000 
293.60101 1.00000 
293.88699 1.00000 
293.45200 1.00000 
293.50201 1.00000 
293.59000 1.00000 
293.55701 1.00000 
293.73401 1.00000 
294.01599 1.00000 
294.07101 1.00000 
294.09000 1.00000 
294.43301 1.00000 
294.24799 1.00000 
294.15302 1.00000 
293.88199 1.00000 
293.74200 1.00000 
293.70999 1.00000 
294.03299 1.00000 
294.11200 1.00000 
293.87701 1.00000 
294.01401 1.00000 
293.84201 1.00000 
294.17401 1.00000 
294.54901 1.00000 
294.37000 1.00000 
294.19501 1.00000 
293.97501 1.00000 
294.22299 1.00000 
294.04700 1.00000 
293.99600 1.00000 
294.05399 1.00000 
293.91800 1.00000 
293.95401 1.00000 
293.96201 1.00000 
294.04001 1.00000 
294.07401 1.00000 
294.09500 1.00000 
294.32800 1.00000 
294.11099 1.00000 
294.06799 1.00000 
294.18701 1.00000 
294.06500 1.00000 
294.20401 1.00000 
293.96301 1.00000 
294.10901 1.00000 
294.14099 1.00000 
294.28299 1.00000 
294.33701 1.00000 
294.25000 1.00000 
294.23499 1.00000 
294.29599 1.00000 
294.24200 1.00000 
294.00800 1.00000 
294.00800 1.00000 
294.26501 1.00000 
294.25500 1.00000 
294.26901 1.00000 
294.07999 1.00000 
294.09399 1.00000 
294.22000 1.00000 
294.37000 1.00000 
294.27600 1.00000 
294.16699 1.00000 
294.22299 1.00000 
300.00400 1.00000 
316.65601 1.00000 
325.06299 1.00000 
331.04001 1.00000 
321.35800 1.00000 
321.10599 1.00000 
282.64401 1.00000 
286.16000 1.00000 
293.38800 1.00000 
297.83401 1.00000 
291.25101 1.00000 
299.34799 1.00000 
308.05200 1.00000 
324.46600 1.00000 
331.52301 1.00000 
329.85699 1.00000 
330.59000 1.00000 
333.02600 1.00000 
332.98099 1.00000 
332.71799 1.00000 
333.66101 1.00000 
333.69601 1.00000 
333.82300 1.00000 
334.30301 1.00000 
333.50000 1.00000 
333.69800 1.00000 
333.95999 1.00000 
334.01401 1.00000 
334.01300 1.00000 
334.18301 1.00000 
334.35001 1.00000 
334.16901 1.00000 
334.07501 1.00000 
334.38501 1.00000 
334.15302 1.00000 
334.14301 1.00000 
334.31000 1.00000 
334.23999 1.00000 
334.25201 1.00000 
334.16101 1.00000 
334.40399 1.00000 
334.31699 1.00000 
334.18900 1.00000 
334.30301 1.00000 
334.44400 1.00000 
334.33801 1.00000 
334.36499 1.00000 
334.40601 1.00000 
334.14999 1.00000 
334.12701 1.00000 
334.28201 1.00000 
334.12201 1.00000 
334.40399 1.00000 
334.11200 1.00000 
329.52301 1.00000 
327.39801 1.00000 
333.63101 1.00000 
328.50900 1.00000 
325.62000 1.00000 
325.50000 1.00000 
324.11600 1.00000 
331.38699 1.00000 
332.36301 1.00000 
334.63400 1.00000 
310.68900 1.00000 
293.93799 1.00000 
297.31799 1.00000 
297.15799 1.00000 
296.53201 1.00000 
298.39001 1.00000 
298.02100 1.00000 
297.27802 1.00000 
296.96100 1.00000 
296.15201 1.00000 
295.17099 1.00000 
293.76501 1.00000 
292.27399 1.00000 
291.41901 1.00000 
290.94901 1.00000 
291.03900 1.00000 
290.99100 1.00000 
290.85400 1.00000 
291.21701 1.00000 
291.74301 1.00000 
292.03500 1.00000 
292.28101 1.00000 
292.82300 1.00000 
293.51401 1.00000 
293.55301 1.00000 
294.04199 1.00000 
294.42001 1.00000 
295.15201 1.00000 
295.89999 1.00000 
296.83801 1.00000 
297.48300 1.00000 
297.71399 1.00000 
298.33301 1.00000 
298.46899 1.00000 
298.75500 1.00000 
298.57199 1.00000 
298.34201 1.00000 
297.85800 1.00000 
297.65399 1.00000 
297.01199 1.00000 
296.44800 1.00000 
295.92401 1.00000 
295.70801 1.00000 
295.57700 1.00000 
294.21301 1.00000 
293.86401 1.00000 
293.22900 1.00000 
292.47299 1.00000 
291.66800 1.00000 
291.16000 1.00000 
290.78699 1.00000 
290.30801 1.00000 
290.56900 1.00000 
291.30701 1.00000 
291.65100 1.00000 
292.13800 1.00000 
292.60400 1.00000 
293.16199 1.00000 
293.54300 1.00000 
294.21399 1.00000 
294.72198 1.00000 
295.28101 1.00000 
296.09900 1.00000 
296.79901 1.00000 
297.63000 1.00000 
297.61499 1.00000 
297.62000 1.00000 
297.68399 1.00000 
297.63300 1.00000 
297.15900 1.00000 
297.34601 1.00000 
296.80600 1.00000 
296.38901 1.00000 
296.62201 1.00000 
296.31299 1.00000 
296.14600 1.00000 
295.97299 1.00000 
295.92099 1.00000 
294.91599 1.00000 
294.85599 1.00000 
294.73999 1.00000 
294.73300 1.00000 
294.58899 1.00000 
294.18900 1.00000 
293.58499 1.00000 
293.52100 1.00000 
293.96100 1.00000 
293.79700 1.00000 
294.07901 1.00000 
294.23999 1.00000 
293.82800 1.00000 
293.82001 1.00000 
294.00500 1.00000 
293.51401 1.00000 
293.19601 1.00000 
293.19901 1.00000 
294.76999 1.00000 
294.19800 1.00000 
294.23199 1.00000 
293.92999 1.00000 
293.51099 1.00000 
292.89700 1.00000 
291.50299 1.00000 
292.14099 1.00000 
292.96799 1.00000 
293.29599 1.00000 
292.21399 1.00000 
292.64301 1.00000 
294.26801 1.00000 
293.93600 1.00000 
293.99500 1.00000 
295.48499 1.00000 
288.13599 1.00000 
0.00000 0.00000 
0.00000 0.00000 
0.00000 0.00000 
0.00000 0.00000 
0.00000 0.00000 
0.00000 0.00000 
0.00000 0.00000 
0.00000 0.00000 
0.00000 0.00000 
0.00000 0.00000 
0.00000 0.00000 
0.00000 0.00000 
0.00000 0.00000 
0.00000 0.00000 
0.00000 0.00000 
0.00000 0.00000 
0.00000 0.00000 
0.00000 0.00000 
0.00000 0.00000 
0.00000 0.00000 
0.00000 0.00000 
0.00000 0.00000 
0.00000 0.00000 
0.00000 0.00000 
0.00000 0.00000 
0.00000 0.00000 
0.00000 0.00000 
0.00000 0.00000 
0.00000 0.00000 
0.00000 0.00000 
0.00000 0.00000 
0.00000 0.00000 
0.00000 0.00000 
0.00000 0.00000 
0.00000 0.00000 
0.00000 0.00000 
0.00000 0.00000 
0.00000 0.00000 
0.00000 0.00000 
0.00000 0.00000 
0.00000 0.00000 
0.00000 0.00000 
0.00000 0.00000 
0.00000 0.00000 
0.00000 0.00000 
0.00000 0.00000 
0.00000 0.00000 
0.00000 0.00000 
0.00000 0.00000 
0.00000 0.00000 
0.00000 0.00000 
0.00000 0.00000 
0.00000 0.00000 
0.00000 0.00000 
0.00000 0.00000 
0.00000 0.00000 
0.00000 0.00000 
0.00000 0.00000 
0.00000 0.00000 
0.00000 0.00000 
0.00000 0.00000 
0.00000 0.00000 
0.00000 0.00000 
0.00000 0.00000 
0.00000 0.00000 
0.00000 0.00000 
0.00000 0.00000 
0.00000 0.00000 
0.00000 0.00000 
0.00000 0.00000 
0.00000 0.00000 
0.00000 0.00000 
0.00000 0.00000 
0.00000 0.00000 
0.00000 0.00000 
0.00000 0.00000 
0.00000 0.00000 
0.00000 0.00000 
0.00000 0.00000 
0.00000 0.00000 
0.00000 0.00000 
0.00000 0.00000 
0.00000 0.00000 
0.00000 0.00000 
0.00000 0.00000 
0.00000 0.00000 
0.00000 0.00000 
0.00000 0.00000 
0.00000 0.00000 
0.00000 0.00000 
0.00000 0.00000 
0.00000 0.00000 
0.00000 0.00000 
0.00000 0.00000 
0.00000 0.00000 
0.00000 0.00000 
0.00000 0.00000 
0.00000 0.00000 
0.00000 0.00000 
0.00000 0.00000 
0.00000 0.00000 
0.00000 0.00000 
0.00000 0.00000 
0.00000 0.00000 
0.00000 0.00000 
0.00000 0.00000 
0.00000 0.00000 
0.00000 0.00000 
0.00000 0.00000 
0.00000 0.00000 
0.00000 0.00000 
0.00000 0.00000 
0.00000 0.00000 
0.00000 0.00000 
0.00000 0.00000 
0.00000 0.00000 
0.00000 0.00000 
0.00000 0.00000 
0.00000 0.00000 
0.00000 0.00000 
0.00000 0.00000 
0.00000 0.00000 
0.00000 0.00000 
375.01401 1.00000 
403.65302 1.00000 
396.18100 1.00000 
402.31601 1.00000 
405.07901 1.00000 
400.55899 1.00000 
395.22800 1.00000 
386.28699 1.00000 
394.83200 1.00000 
399.18399 1.00000 
393.20499 1.00000 
380.14001 1.00000 
384.74899 1.00000 
381.20401 1.00000 
368.45499 1.00000 
372.25201 1.00000 
375.66101 1.00000 
375.17401 1.00000 
368.51401 1.00000 
373.07901 1.00000 
375.03299 1.00000 
374.30801 1.00000 
370.29501 1.00000 
372.77200 1.00000 
381.12701 1.00000 
379.07401 1.00000 
371.53601 1.00000 
373.93701 1.00000 
379.14301 1.00000 
375.07901 1.00000 
376.37500 1.00000 
391.54599 1.00000 
397.25699 1.00000 
400.05801 1.00000 
399.60300 1.00000 
404.32001 1.00000 
407.01099 1.00000 
410.07101 1.00000 
411.10400 1.00000 
413.90799 1.00000 
413.20801 1.00000 
414.61700 1.00000 
413.14600 1.00000 
416.47299 1.00000 
416.57199 1.00000 
415.06000 1.00000 
413.48401 1.00000 
412.84500 1.00000 
411.03500 1.00000 
409.88501 1.00000 
410.78900 1.00000 
411.58899 1.00000 
409.26401 1.00000 
404.65500 1.00000 
399.86700 1.00000 
399.96799 1.00000 
398.67200 1.00000 
396.25900 1.00000 
394.18201 1.00000 
392.98599 1.00000 
391.10101 1.00000 
389.37299 1.00000 
387.94000 1.00000 
387.51700 1.00000 
385.55701 1.00000 
380.52200 1.00000 
376.95300 1.00000 
375.65500 1.00000 
374.17999 1.00000 
371.52600 1.00000 
371.03799 1.00000 
372.23401 1.00000 
372.79501 1.00000 
371.60599 1.00000 
371.02399 1.00000 
373.05801 1.00000 
374.60199 1.00000 
374.12601 1.00000 
375.30600 1.00000 
376.05200 1.00000 
374.82501 1.00000 
374.08701 1.00000 
375.60101 1.00000 
0.00000 0.00000 
0.00000 0.00000 
0.00000 0.00000 
0.00000 0.00000 
0.00000 0.00000 
0.00000 0.00000 
0.00000 0.00000 
0.00000 0.00000 
0.00000 0.00000 
0.00000 0.00000 
0.00000 0.00000 
0.00000 0.00000 
0.00000 0.00000 
0.00000 0.00000 
0.00000 0.00000 
0.00000 0.00000 
0.00000 0.00000 
0.00000 0.00000 
0.00000 0.00000 
0.00000 0.00000 
0.00000 0.00000 
0.00000 0.00000 
0.00000 0.00000 
0.00000 0.00000 
0.00000 0.00000 
0.00000 0.00000 
0.00000 0.00000 
0.00000 0.00000 
0.00000 0.00000 
0.00000 0.00000 
0.00000 0.00000 
0.00000 0.00000 
0.00000 0.00000 
0.00000 0.00000 
0.00000 0.00000 
0.00000 0.00000 
0.00000 0.00000 
0.00000 0.00000 
0.00000 0.00000 
0.00000 0.00000 
0.00000 0.00000 
0.00000 0.00000 
0.00000 0.00000 
0.00000 0.00000 
0.00000 0.00000 
0.00000 0.00000 
0.00000 0.00000 
0.00000 0.00000 
0.00000 0.00000 
0.00000 0.00000 
0.00000 0.00000 
0.00000 0.00000 
0.00000 0.00000 
0.00000 0.00000 
0.00000 0.00000 
0.00000 0.00000 
0.00000 0.00000 
0.00000 0.00000 
0.00000 0.00000 
0.00000 0.00000 
0.00000 0.00000 
0.00000 0.00000 
0.00000 0.00000 
0.00000 0.00000 
0.00000 0.00000 
0.00000 0.00000 
0.00000 0.00000 
0.00000 0.00000 
0.00000 0.00000 
0.00000 0.00000 
0.00000 0.00000 
0.00000 0.00000 
0.00000 0.00000 
0.00000 0.00000 
0.00000 0.00000 
0.00000 0.00000 
0.00000 0.00000 
0.00000 0.00000 
0.00000 0.00000 
0.00000 0.00000 
0.00000 0.00000 
0.00000 0.00000 
0.00000 0.00000 
0.00000 0.00000 
0.00000 0.00000 
0.00000 0.00000 
0.00000 0.00000 
0.00000 0.00000 
0.00000 0.00000 
0.00000 0.00000 
0.00000 0.00000 
0.00000 0.00000 
0.00000 0.00000 
0.00000 0.00000 
0.00000 0.00000 
0.00000 0.00000 
0.00000 0.00000 
0.00000 0.00000 
0.00000 0.00000 
0.00000 0.00000 
0.00000 0.00000 
0.00000 0.00000 
245.91800 1.00000 
245.64400 1.00000 
246.84599 1.00000 
249.19200 1.00000 
250.51300 1.00000 
252.81900 1.00000 
252.55901 1.00000 
253.88200 1.00000 
254.61200 1.00000 
256.11899 1.00000 
257.16199 1.00000 
258.13599 1.00000 
258.82700 1.00000 
259.05899 1.00000 
259.79300 1.00000 
260.19501 1.00000 
260.33499 1.00000 
261.85599 1.00000 
262.61099 1.00000 
264.27200 1.00000 
265.27899 1.00000 
264.72501 1.00000 
264.87601 1.00000 
266.10901 1.00000 
267.69901 1.00000 
268.10199 1.00000 
267.64801 1.00000 
267.70599 1.00000 
267.73401 1.00000 
268.10800 1.00000 
268.40701 1.00000 
268.90900 1.00000 
269.45001 1.00000 
269.06699 1.00000 
269.68100 1.00000 
269.63199 1.00000 
269.88599 1.00000 
270.73199 1.00000 
270.57001 1.00000 
270.51599 1.00000 
270.47101 1.00000 
270.42200 1.00000 
270.35901 1.00000 
270.03699 1.00000 
269.90500 1.00000 
269.70001 1.00000 
268.95901 1.00000 
267.97198 1.00000 
267.26199 1.00000 
265.85501 1.00000 
264.82501 1.00000 
264.00699 1.00000 
260.71600 1.00000 
260.71100 1.00000 
260.67099 1.00000 
260.70099 1.00000 
264.12799 1.00000 
264.75699 1.00000 
265.29800 1.00000 
266.17401 1.00000 
267.20599 1.00000 
267.55399 1.00000 
268.17801 1.00000 
268.54700 1.00000 
269.05899 1.00000 
269.59601 1.00000 
270.40601 1.00000 
271.20001 1.00000 
271.55301 1.00000 
271.56799 1.00000 
271.71799 1.00000 
271.99701 1.00000 
272.26501 1.00000 
272.36700 1.00000 
272.09100 1.00000 
271.77200 1.00000 
271.47400 1.00000 
271.42200 1.00000 
271.02301 1.00000 
270.42801 1.00000 
269.78201 1.00000 
268.75000 1.00000 
267.83401 1.00000 
267.07501 1.00000 
266.19000 1.00000 
265.20901 1.00000 
264.25601 1.00000 
263.90201 1.00000 
263.49100 1.00000 
263.36099 1.00000 
263.34299 1.00000 
263.53101 1.00000 
264.04800 1.00000 
264.46201 1.00000 
265.01901 1.00000 
265.93100 1.00000 
266.70200 1.00000 
267.65201 1.00000 
268.56799 1.00000 
269.25699 1.00000 
270.15201 1.00000 
270.88101 1.00000 
271.45999 1.00000 
271.82199 1.00000 
271.84000 1.00000 
271.81699 1.00000 
271.93301 1.00000 
272.23300 1.00000 
272.35699 1.00000 
272.18600 1.00000 
271.50400 1.00000 
271.22601 1.00000 
270.81900 1.00000 
270.71899 1.00000 
270.17599 1.00000 
269.56100 1.00000 
269.35001 1.00000 
270.38501 1.00000 
273.25201 1.00000 
273.57599 1.00000 
270.78900 1.00000 
267.82101 1.00000 
266.19800 1.00000 
262.62100 1.00000 
263.89700 1.00000 
277.18399 1.00000 
260.40900 1.00000 
0.00000 0.00000 
0.00000 0.00000 
0.00000 0.00000 
0.00000 0.00000 
0.00000 0.00000 
0.00000 0.00000 
0.00000 0.00000 
0.00000 0.00000 
328.25400 1.00000 
326.43301 1.00000 
329.35999 1.00000 
327.92401 1.00000 
326.59698 1.00000 
327.06799 1.00000 
326.32001 1.00000 
326.70700 1.00000 
327.32901 1.00000 
326.67999 1.00000 
327.16699 1.00000 
327.98700 1.00000 
327.66199 1.00000 
327.69601 1.00000 
328.12000 1.00000 
329.74200 1.00000 
329.90900 1.00000 
331.65900 1.00000 
334.26700 1.00000 
332.53500 1.00000 
332.77899 1.00000 
334.47699 1.00000 
333.06601 1.00000 
333.62000 1.00000 
334.04901 1.00000 
333.27802 1.00000 
333.86200 1.00000 
333.58499 1.00000 
333.44199 1.00000 
333.71201 1.00000 
332.77301 1.00000 
332.53000 1.00000 
332.01300 1.00000 
330.83801 1.00000 
330.56601 1.00000 
329.93900 1.00000 
328.92599 1.00000 
328.47299 1.00000 
327.67899 1.00000 
326.65100 1.00000 
326.99399 1.00000 
327.30499 1.00000 
326.95099 1.00000 
327.85001 1.00000 
328.26801 1.00000 
328.41400 1.00000 
329.02899 1.00000 
329.22699 1.00000 
329.48401 1.00000 
330.97000 1.00000 
331.75900 1.00000 
332.33899 1.00000 
333.00400 1.00000 
333.17801 1.00000 
333.22000 1.00000 
333.49701 1.00000 
333.76401 1.00000 
333.99899 1.00000 
334.31299 1.00000 
334.48700 1.00000 
334.71899 1.00000 
334.89999 1.00000 
334.86301 1.00000 
334.84698 1.00000 
334.14899 1.00000 
333.96399 1.00000 
333.49100 1.00000 
332.63501 1.00000 
332.50500 1.00000 
331.95300 1.00000 
331.36899 1.00000 
331.42599 1.00000 
331.02399 1.00000 
330.93701 1.00000 
331.01199 1.00000 
330.97000 1.00000 
331.08701 1.00000 
331.22601 1.00000 
331.38501 1.00000 
331.70599 1.00000 
331.99701 1.00000 
332.29001 1.00000 
332.70200 1.00000 
332.85400 1.00000 
333.07300 1.00000 
333.29599 1.00000 
333.56000 1.00000 
333.85800 1.00000 
333.97000 1.00000 
334.32001 1.00000 
334.54501 1.00000 
334.60001 1.00000 
334.74200 1.00000 
334.85999 1.00000 
334.71500 1.00000 
334.70700 1.00000 
334.49200 1.00000 
333.93600 1.00000 
333.74899 1.00000 
333.67499 1.00000 
333.74799 1.00000 
333.35800 1.00000 
330.90399 1.00000 
331.73901 1.00000 
332.48801 1.00000 
333.17999 1.00000 
333.92599 1.00000 
324.54901 1.00000 
304.77600 1.00000 
287.15900 1.00000 
287.16199 1.00000 
292.34201 1.00000 
294.89301 1.00000 
291.46201 1.00000 
293.10699 1.00000 
293.38699 1.00000 
293.66699 1.00000 
294.66101 1.00000 
294.44501 1.00000 
293.29999 1.00000 
294.31699 1.00000 
294.09500 1.00000 
294.43301 1.00000 
294.77499 1.00000 
295.12201 1.00000 
294.53601 1.00000 
294.98499 1.00000 
294.59601 1.00000 
294.43100 1.00000 
295.23099 1.00000 
294.76700 1.00000 
294.93100 1.00000 
295.59799 1.00000 
294.66199 1.00000 
294.29001 1.00000 
294.61801 1.00000 
295.03000 1.00000 
294.37900 1.00000 
294.33701 1.00000 
295.76801 1.00000 
294.16599 1.00000 
294.42499 1.00000 
294.31799 1.00000 
295.91501 1.00000 
296.44800 1.00000 
293.58200 1.00000 
291.28101 1.00000 
297.77802 1.00000 
0.00000 0.00000 
0.00000 0.00000 
0.00000 0.00000 
0.00000 0.00000 
0.00000 0.00000 
0.00000 0.00000 
0.00000 0.00000 
0.00000 0.00000 
0.00000 0.00000 
0.00000 0.00000 
0.00000 0.00000 
0.00000 0.00000 
0.00000 0.00000 
0.00000 0.00000 
0.00000 0.00000 
0.00000 0.00000 
0.00000 0.00000 
0.00000 0.00000 
0.00000 0.00000 
0.00000 0.00000 
0.00000 0.00000 
294.17899 1.00000 
297.58600 1.00000 
295.03299 1.00000 
292.28101 1.00000 
294.33600 1.00000 
296.15100 1.00000 
294.85999 1.00000 
294.28201 1.00000 
294.45999 1.00000 
294.07199 1.00000 
295.11099 1.00000 
293.55899 1.00000 
293.68301 1.00000 
295.98001 1.00000 
295.09900 1.00000 
293.57800 1.00000 
294.27200 1.00000 
295.00900 1.00000 
293.64700 1.00000 
294.39801 1.00000 
295.26001 1.00000 
294.36700 1.00000 
294.79999 1.00000 
295.26401 1.00000 
295.32999 1.00000 
295.25000 1.00000 
295.54300 1.00000 
295.37701 1.00000 
295.20401 1.00000 
295.46600 1.00000 
295.16199 1.00000 
294.44000 1.00000 
295.25500 1.00000 
294.77600 1.00000 
294.20001 1.00000 
294.17401 1.00000 
294.60001 1.00000 
294.60800 1.00000 
294.90701 1.00000 
294.84698 1.00000 
294.82599 1.00000 
295.21799 1.00000 
295.18201 1.00000 
295.04099 1.00000 
295.25400 1.00000 
295.11600 1.00000 
295.20901 1.00000 
294.93201 1.00000 
295.27399 1.00000 
295.38800 1.00000 
295.13101 1.00000 
295.28699 1.00000 
295.44299 1.00000 
295.33200 1.00000 
295.15100 1.00000 
295.25900 1.00000 
295.43701 1.00000 
295.04300 1.00000 
295.21100 1.00000 
294.89899 1.00000 
295.10599 1.00000 
294.92801 1.00000 
294.99301 1.00000 
295.21899 1.00000 
295.37000 1.00000 
295.14999 1.00000 
295.10400 1.00000 
295.24301 1.00000 
295.22501 1.00000 
294.95901 1.00000 
295.01300 1.00000 
294.92499 1.00000 
294.76901 1.00000 
294.66599 1.00000 
294.50601 1.00000 
294.76801 1.00000 
294.73901 1.00000 
294.84399 1.00000 
294.92899 1.00000 
295.15799 1.00000 
295.14301 1.00000 
295.06000 1.00000 
295.13400 1.00000 
294.88501 1.00000 
294.72800 1.00000 
294.58301 1.00000 
294.62500 1.00000 
294.53699 1.00000 
294.27399 1.00000 
293.99301 1.00000 
294.24500 1.00000 
294.35501 1.00000 
294.15201 1.00000 
291.96799 1.00000 
293.25201 1.00000 
297.98801 1.00000 
300.80399 1.00000 
298.83701 1.00000 
297.29700 1.00000 
319.05899 1.00000 
325.48999 1.00000 
328.80600 1.00000 
327.31900 1.00000 
329.92899 1.00000 
332.12601 1.00000 
332.57599 1.00000 
334.28101 1.00000 
334.32101 1.00000 
334.40601 1.00000 
334.69101 1.00000 
333.85199 1.00000 
334.73199 1.00000 
333.91101 1.00000 
334.53601 1.00000 
334.88699 1.00000 
333.98001 1.00000 
335.16101 1.00000 
334.06000 1.00000 
334.12000 1.00000 
333.80899 1.00000 
333.10300 1.00000 
333.72601 1.00000 
332.89999 1.00000 
333.55200 1.00000 
333.65799 1.00000 
333.21500 1.00000 
333.91501 1.00000 
333.62799 1.00000 
334.17001 1.00000 
334.08701 1.00000 
333.94699 1.00000 
334.61401 1.00000 
334.12100 1.00000 
334.38599 1.00000 
334.24799 1.00000 
334.12000 1.00000 
334.58499 1.00000 
333.98700 1.00000 
334.42099 1.00000 
334.26999 1.00000 
333.94800 1.00000 
334.47900 1.00000 
333.70999 1.00000 
334.25500 1.00000 
333.97900 1.00000 
333.94699 1.00000 
334.39499 1.00000 
333.89001 1.00000 
334.57401 1.00000 
334.28699 1.00000 
334.10400 1.00000 
334.50500 1.00000 
334.34000 1.00000 
334.21301 1.00000 
335.58600 1.00000 
334.46201 1.00000 
333.69501 1.00000 
332.97601 1.00000 
332.83499 1.00000 
333.78601 1.00000 
325.51199 1.00000 
258.15302 1.00000 
261.54199 1.00000 
262.40500 1.00000 
262.40399 1.00000 
263.89200 1.00000 
263.78799 1.00000 
263.57199 1.00000 
263.73599 1.00000 
263.73700 1.00000 
263.55200 1.00000 
263.07199 1.00000 
262.37701 1.00000 
261.17300 1.00000 
260.15100 1.00000 
258.88901 1.00000 
257.88699 1.00000 
256.97198 1.00000 
256.44000 1.00000 
256.35800 1.00000 
256.18900 1.00000 
255.89400 1.00000 
255.59700 1.00000 
256.10199 1.00000 
256.73999 1.00000 
257.22800 1.00000 
257.92999 1.00000 
258.65399 1.00000 
259.41299 1.00000 
260.42200 1.00000 
261.15399 1.00000 
261.65201 1.00000 
262.27600 1.00000 
262.92200 1.00000 
263.58099 1.00000 
264.32101 1.00000 
264.89200 1.00000 
265.17401 1.00000 
265.22800 1.00000 
265.13000 1.00000 
264.56100 1.00000 
264.54199 1.00000 
264.14999 1.00000 
260.74500 1.00000 
260.69101 1.00000 
263.28500 1.00000 
262.89401 1.00000 
260.53900 1.00000 
260.44601 1.00000 
260.29999 1.00000 
260.08801 1.00000 
259.03601 1.00000 
258.01501 1.00000 
257.31601 1.00000 
257.33499 1.00000 
257.54700 1.00000 
257.70599 1.00000 
257.59799 1.00000 
257.31799 1.00000 
257.79800 1.00000 
258.45200 1.00000 
259.36401 1.00000 
260.13199 1.00000 
261.18399 1.00000 
261.66400 1.00000 
262.27499 1.00000 
262.89001 1.00000 
263.46600 1.00000 
264.13199 1.00000 
264.51300 1.00000 
264.55600 1.00000 
264.62601 1.00000 
264.63000 1.00000 
264.63501 1.00000 
265.16901 1.00000 
264.48099 1.00000 
264.15900 1.00000 
263.52200 1.00000 
263.30701 1.00000 
262.82800 1.00000 
260.46600 1.00000 
260.40799 1.00000 
260.35999 1.00000 
260.28900 1.00000 
260.76099 1.00000 
260.19601 1.00000 
260.06100 1.00000 
260.14801 1.00000 
260.34000 1.00000 
260.21100 1.00000 
260.28201 1.00000 
261.27200 1.00000 
260.32999 1.00000 
261.47601 1.00000 
260.37000 1.00000 
260.47501 1.00000 
260.48801 1.00000 
260.35001 1.00000 
261.26700 1.00000 
260.44299 1.00000 
258.47900 1.00000 
258.24200 1.00000 
255.64400 1.00000 
0.00000 0.00000 
0.00000 0.00000 
0.00000 0.00000 
0.00000 0.00000 
0.00000 0.00000 
0.00000 0.00000 
0.00000 0.00000 
0.00000 0.00000 
0.00000 0.00000 
0.00000 0.00000 
0.00000 0.00000 
0.00000 0.00000 
0.00000 0.00000 
0.00000 0.00000 
0.00000 0.00000 
0.00000 0.00000 
0.00000 0.00000 
0.00000 0.00000 
0.00000 0.00000 
0.00000 0.00000 
0.00000 0.00000 
0.00000 0.00000 
0.00000 0.00000 
0.00000 0.00000 
0.00000 0.00000 
0.00000 0.00000 
0.00000 0.00000 
0.00000 0.00000 
0.00000 0.00000 
0.00000 0.00000 
0.00000 0.00000 
0.00000 0.00000 
0.00000 0.00000 
0.00000 0.00000 
0.00000 0.00000 
0.00000 0.00000 
0.00000 0.00000 
0.00000 0.00000 
0.00000 0.00000 
0.00000 0.00000 
0.00000 0.00000 
0.00000 0.00000 
0.00000 0.00000 
0.00000 0.00000 
0.00000 0.00000 
0.00000 0.00000 
0.00000 0.00000 
0.00000 0.00000 
0.00000 0.00000 
0.00000 0.00000 
0.00000 0.00000 
0.00000 0.00000 
0.00000 0.00000 
0.00000 0.00000 
0.00000 0.00000 
0.00000 0.00000 
0.00000 0.00000 
0.00000 0.00000 
0.00000 0.00000 
0.00000 0.00000 
0.00000 0.00000 
0.00000 0.00000 
0.00000 0.00000 
0.00000 0.00000 
0.00000 0.00000 
0.00000 0.00000 
0.00000 0.00000 
0.00000 0.00000 
0.00000 0.00000 
0.00000 0.00000 
0.00000 0.00000 
0.00000 0.00000 
0.00000 0.00000 
0.00000 0.00000 
0.00000 0.00000 
0.00000 0.00000 
0.00000 0.00000 
0.00000 0.00000 
0.00000 0.00000 
0.00000 0.00000 
0.00000 0.00000 
0.00000 0.00000 
0.00000 0.00000 
0.00000 0.00000 
0.00000 0.00000 
0.00000 0.00000 
0.00000 0.00000 
0.00000 0.00000 
0.00000 0.00000 
0.00000 0.00000 
0.00000 0.00000 
0.00000 0.00000 
0.00000 0.00000 
0.00000 0.00000 
0.00000 0.00000 
0.00000 0.00000 
0.00000 0.00000 
0.00000 0.00000 
0.00000 0.00000 
0.00000 0.00000 
0.00000 0.00000 
0.00000 0.00000 
0.00000 0.00000 
0.00000 0.00000 
0.00000 0.00000 
0.00000 0.00000 
0.00000 0.00000 
0.00000 0.00000 
0.00000 0.00000 
0.00000 0.00000 
0.00000 0.00000 
0.00000 0.00000 
0.00000 0.00000 
0.00000 0.00000 
0.00000 0.00000 
0.00000 0.00000 
0.00000 0.00000 
0.00000 0.00000 
0.00000 0.00000 
0.00000 0.00000 
0.00000 0.00000 
0.00000 0.00000 
0.00000 0.00000 
0.00000 0.00000 
0.00000 0.00000 
0.00000 0.00000 
0.00000 0.00000 
0.00000 0.00000 
0.00000 0.00000 
0.00000 0.00000 
0.00000 0.00000 
0.00000 0.00000 
0.00000 0.00000 
0.00000 0.00000 
0.00000 0.00000 
0.00000 0.00000 
0.00000 0.00000 
0.00000 0.00000 
0.00000 0.00000 
0.00000 0.00000 
0.00000 0.00000 
0.00000 0.00000 
0.00000 0.00000 
0.00000 0.00000 
0.00000 0.00000 
0.00000 0.00000 
0.00000 0.00000 
0.00000 0.00000 
0.00000 0.00000 
0.00000 0.00000 
0.00000 0.00000 
0.00000 0.00000 
0.00000 0.00000 
0.00000 0.00000 
0.00000 0.00000 
0.00000 0.00000 
0.00000 0.00000 
0.00000 0.00000 
0.00000 0.00000 
0.00000 0.00000 
0.00000 0.00000 
0.00000 0.00000 
0.00000 0.00000 
0.00000 0.00000 
388.10599 1.00000 
388.36301 1.00000 
388.09100 1.00000 
384.68399 1.00000 
387.36401 1.00000 
389.66400 1.00000 
387.78500 1.00000 
385.71301 1.00000 
388.71701 1.00000 
394.32800 1.00000 
396.80701 1.00000 
392.94299 1.00000 
391.47900 1.00000 
391.58600 1.00000 
391.68701 1.00000 
390.53299 1.00000 
394.22000 1.00000 
398.56601 1.00000 
397.64200 1.00000 
396.67300 1.00000 
402.40601 1.00000 
403.87701 1.00000 
0.00000 0.00000 
0.00000 0.00000 
0.00000 0.00000 
0.00000 0.00000 
0.00000 0.00000 
0.00000 0.00000 
0.00000 0.00000 
0.00000 0.00000 
0.00000 0.00000 
0.00000 0.00000 
0.00000 0.00000 
0.00000 0.00000 
0.00000 0.00000 
0.00000 0.00000 
0.00000 0.00000 
0.00000 0.00000 
0.00000 0.00000 
0.00000 0.00000 
0.00000 0.00000 
0.00000 0.00000 
0.00000 0.00000 
0.00000 0.00000 
0.00000 0.00000 
0.00000 0.00000 
0.00000 0.00000 
0.00000 0.00000 
0.00000 0.00000 
0.00000 0.00000 
0.00000 0.00000 
0.00000 0.00000 
0.00000 0.00000 
0.00000 0.00000 
0.00000 0.00000 
0.00000 0.00000 
0.00000 0.00000 
0.00000 0.00000 
0.00000 0.00000 
0.00000 0.00000 
0.00000 0.00000 
0.00000 0.00000 
0.00000 0.00000 
0.00000 0.00000 
0.00000 0.00000 
0.00000 0.00000 
0.00000 0.00000 
0.00000 0.00000 
0.00000 0.00000 
0.00000 0.00000 
0.00000 0.00000 
0.00000 0.00000 
0.00000 0.00000 
0.00000 0.00000 
0.00000 0.00000 
0.00000 0.00000 
0.00000 0.00000 
0.00000 0.00000 
0.00000 0.00000 
0.00000 0.00000 
0.00000 0.00000 
0.00000 0.00000 
0.00000 0.00000 
0.00000 0.00000 
0.00000 0.00000 
0.00000 0.00000 
0.00000 0.00000 
0.00000 0.00000 
0.00000 0.00000 
0.00000 0.00000 
0.00000 0.00000 
0.00000 0.00000 
0.00000 0.00000 
0.00000 0.00000 
0.00000 0.00000 
0.00000 0.00000 
0.00000 0.00000 
0.00000 0.00000 
0.00000 0.00000 
0.00000 0.00000 
0.00000 0.00000 
0.00000 0.00000 
0.00000 0.00000 
0.00000 0.00000 
0.00000 0.00000 
0.00000 0.00000 
0.00000 0.00000 
0.00000 0.00000 
0.00000 0.00000 
0.00000 0.00000 
0.00000 0.00000 
0.00000 0.00000 
0.00000 0.00000 
0.00000 0.00000 
0.00000 0.00000 
0.00000 0.00000 
0.00000 0.00000 
0.00000 0.00000 
0.00000 0.00000 
0.00000 0.00000 
0.00000 0.00000 
0.00000 0.00000 
0.00000 0.00000 
0.00000 0.00000 
0.00000 0.00000 
0.00000 0.00000 
0.00000 0.00000 
0.00000 0.00000 
0.00000 0.00000 
0.00000 0.00000 
0.00000 0.00000 
0.00000 0.00000 
0.00000 0.00000 
0.00000 0.00000 
0.00000 0.00000 
0.00000 0.00000 
0.00000 0.00000 
0.00000 0.00000 
0.00000 0.00000 
0.00000 0.00000 
0.00000 0.00000 
0.00000 0.00000 
0.00000 0.00000 
0.00000 0.00000 
0.00000 0.00000 
0.00000 0.00000 
0.00000 0.00000 
0.00000 0.00000 
0.00000 0.00000 
0.00000 0.00000 
0.00000 0.00000 
0.00000 0.00000 
0.00000 0.00000 
0.00000 0.00000 
0.00000 0.00000 
0.00000 0.00000 
0.00000 0.00000 
0.00000 0.00000 
0.00000 0.00000 
0.00000 0.00000 
0.00000 0.00000 
0.00000 0.00000 
0.00000 0.00000 
0.00000 0.00000 
0.00000 0.00000 
0.00000 0.00000 
0.00000 0.00000 
0.00000 0.00000 
0.00000 0.00000 
0.00000 0.00000 
0.00000 0.00000 
0.00000 0.00000 
0.00000 0.00000 
0.00000 0.00000 
0.00000 0.00000 
0.00000 0.00000 
0.00000 0.00000 
0.00000 0.00000 
0.00000 0.00000 
0.00000 0.00000 
0.00000 0.00000 
0.00000 0.00000 
0.00000 0.00000 
0.00000 0.00000 
0.00000 0.00000 
0.00000 0.00000 
0.00000 0.00000 
0.00000 0.00000 
0.00000 0.00000 
0.00000 0.00000 
0.00000 0.00000 
0.00000 0.00000 
0.00000 0.00000 
0.00000 0.00000 
0.00000 0.00000 
0.00000 0.00000 
0.00000 0.00000 
0.00000 0.00000 
0.00000 0.00000 
0.00000 0.00000 
0.00000 0.00000 
0.00000 0.00000 
0.00000 0.00000 
0.00000 0.00000 
0.00000 0.00000 
0.00000 0.00000 
0.00000 0.00000 
0.00000 0.00000 
0.00000 0.00000 
0.00000 0.00000 
0.00000 0.00000 
0.00000 0.00000 
0.00000 0.00000 
0.00000 0.00000 
0.00000 0.00000 
0.00000 0.00000 
0.00000 0.00000 
0.00000 0.00000 
0.00000 0.00000 
0.00000 0.00000 
0.00000 0.00000 
0.00000 0.00000 
0.00000 0.00000 
0.00000 0.00000 
0.00000 0.00000 
0.00000 0.00000 
0.00000 0.00000 
0.00000 0.00000 
0.00000 0.00000 
0.00000 0.00000 
0.00000 0.00000 
0.00000 0.00000 
0.00000 0.00000 
0.00000 0.00000 
0.00000 0.00000 
0.00000 0.00000 
0.00000 0.00000 
0.00000 0.00000 
0.00000 0.00000 
0.00000 0.00000 
0.00000 0.00000 
0.00000 0.00000 
0.00000 0.00000 
0.00000 0.00000 
0.00000 0.00000 
0.00000 0.00000 
0.00000 0.00000 
0.00000 0.00000 
0.00000 0.00000 
0.00000 0.00000 
0.00000 0.00000 
0.00000 0.00000 
0.00000 0.00000 
0.00000 0.00000 
0.00000 0.00000 
0.00000 0.00000 
0.00000 0.00000 
0.00000 0.00000 
0.00000 0.00000 
0.00000 0.00000 
0.00000 0.00000 
0.00000 0.00000 
0.00000 0.00000 
0.00000 0.00000 
0.00000 0.00000 
0.00000 0.00000 
0.00000 0.00000 
0.00000 0.00000 
0.00000 0.00000 
0.00000 0.00000 
0.00000 0.00000 
0.00000 0.00000 
0.00000 0.00000 
0.00000 0.00000 
0.00000 0.00000 
0.00000 0.00000 
0.00000 0.00000 
0.00000 0.00000 
0.00000 0.00000 
0.00000 0.00000 
0.00000 0.00000 
0.00000 0.00000 
0.00000 0.00000 
0.00000 0.00000 
0.00000 0.00000 
0.00000 0.00000 
0.00000 0.00000 
0.00000 0.00000 
0.00000 0.00000 
0.00000 0.00000 
0.00000 0.00000 
0.00000 0.00000 
0.00000 0.00000 
0.00000 0.00000 
0.00000 0.00000 
0.00000 0.00000 
0.00000 0.00000 
0.00000 0.00000 
0.00000 0.00000 
0.00000 0.00000 
0.00000 0.00000 
0.00000 0.00000 
0.00000 0.00000 
0.00000 0.00000 
0.00000 0.00000 
0.00000 0.00000 
0.00000 0.00000 
0.00000 0.00000 
0.00000 0.00000 
0.00000 0.00000 
0.00000 0.00000 
0.00000 0.00000 
0.00000 0.00000 
0.00000 0.00000 
0.00000 0.00000 
0.00000 0.00000 
0.00000 0.00000 
0.00000 0.00000 
0.00000 0.00000 
0.00000 0.00000 
0.00000 0.00000 
0.00000 0.00000 
0.00000 0.00000 
0.00000 0.00000 
0.00000 0.00000 
0.00000 0.00000 
0.00000 0.00000 
0.00000 0.00000 
0.00000 0.00000 
0.00000 0.00000 
0.00000 0.00000 
0.00000 0.00000 
0.00000 0.00000 
0.00000 0.00000 
0.00000 0.00000 
0.00000 0.00000 
0.00000 0.00000 
0.00000 0.00000 
0.00000 0.00000 
0.00000 0.00000 
0.00000 0.00000 
0.00000 0.00000 
0.00000 0.00000 
0.00000 0.00000 
0.00000 0.00000 
0.00000 0.00000 
0.00000 0.00000 
0.00000 0.00000 
0.00000 0.00000 
0.00000 0.00000 
0.00000 0.00000 
0.00000 0.00000 
0.00000 0.00000 
0.00000 0.00000 
0.00000 0.00000 
0.00000 0.00000 
0.00000 0.00000 
0.00000 0.00000 
0.00000 0.00000 
0.00000 0.00000 
0.00000 0.00000 
0.00000 0.00000 
0.00000 0.00000 
0.00000 0.00000 
0.00000 0.00000 
0.00000 0.00000 
0.00000 0.00000 
0.00000 0.00000 
0.00000 0.00000 
0.00000 0.00000 
0.00000 0.00000 
0.00000 0.00000 
0.00000 0.00000 
0.00000 0.00000 
0.00000 0.00000 
0.00000 0.00000 
0.00000 0.00000 
0.00000 0.00000 
0.00000 0.00000 
0.00000 0.00000 
0.00000 0.00000 
0.00000 0.00000 
0.00000 0.00000 
0.00000 0.00000 
0.00000 0.00000 
0.00000 0.00000 
0.00000 0.00000 
0.00000 0.00000 
0.00000 0.00000 
0.00000 0.00000 
0.00000 0.00000 
0.00000 0.00000 
0.00000 0.00000 
0.00000 0.00000 
0.00000 0.00000 
0.00000 0.00000 
0.00000 0.00000 
0.00000 0.00000 
0.00000 0.00000 
0.00000 0.00000 
0.00000 0.00000 
0.00000 0.00000 
0.00000 0.00000 
0.00000 0.00000 
0.00000 0.00000 
0.00000 0.00000 
0.00000 0.00000 
0.00000 0.00000 
0.00000 0.00000 
0.00000 0.00000 
0.00000 0.00000 
0.00000 0.00000 
0.00000 0.00000 
0.00000 0.00000 
0.00000 0.00000 
0.00000 0.00000 
0.00000 0.00000 
0.00000 0.00000 
0.00000 0.00000 
0.00000 0.00000 
0.00000 0.00000 
0.00000 0.00000 
0.00000 0.00000 
0.00000 0.00000 
0.00000 0.00000 
0.00000 0.00000 
0.00000 0.00000 
0.00000 0.00000 
0.00000 0.00000 
0.00000 0.00000 
0.00000 0.00000 
0.00000 0.00000 
0.00000 0.00000 
0.00000 0.00000 
0.00000 0.00000 
0.00000 0.00000 
0.00000 0.00000 
0.00000 0.00000 
0.00000 0.00000 
0.00000 0.00000 
0.00000 0.00000 
0.00000 0.00000 
0.00000 0.00000 
0.00000 0.00000 
0.00000 0.00000 
0.00000 0.00000 
0.00000 0.00000 
0.00000 0.00000 
0.00000 0.00000 
0.00000 0.00000 
0.00000 0.00000 
0.00000 0.00000 
0.00000 0.00000 
0.00000 0.00000 
0.00000 0.00000 
0.00000 0.00000 
0.00000 0.00000 
0.00000 0.00000 
0.00000 0.00000 
0.00000 0.00000 
0.00000 0.00000 
0.00000 0.00000 
0.00000 0.00000 
0.00000 0.00000 
0.00000 0.00000 
0.00000 0.00000 
0.00000 0.00000 
0.00000 0.00000 
0.00000 0.00000 
0.00000 0.00000 
0.00000 0.00000 
0.00000 0.00000 
0.00000 0.00000 
0.00000 0.00000 
0.00000 0.00000 
0.00000 0.00000 
0.00000 0.00000 
0.00000 0.00000 
0.00000 0.00000 
0.00000 0.00000 
0.00000 0.00000 
0.00000 0.00000 
0.00000 0.00000 
0.00000 0.00000 
0.00000 0.00000 
0.00000 0.00000 
0.00000 0.00000 
0.00000 0.00000 
0.00000 0.00000 
0.00000 0.00000 
0.00000 0.00000 
0.00000 0.00000 
0.00000 0.00000 
0.00000 0.00000 
0.00000 0.00000 
0.00000 0.00000 
0.00000 0.00000 
0.00000 0.00000 
0.00000 0.00000 
0.00000 0.00000 
0.00000 0.00000 
0.00000 0.00000 
0.00000 0.00000 
0.00000 0.00000 
0.00000 0.00000 
0.00000 0.00000 
0.00000 0.00000 
0.00000 0.00000 
0.00000 0.00000 
0.00000 0.00000 
0.00000 0.00000 
0.00000 0.00000 
0.00000 0.00000 
0.00000 0.00000 
0.00000 0.00000 
0.00000 0.00000 
0.00000 0.00000 
0.00000 0.00000 
0.00000 0.00000 
0.00000 0.00000 
0.00000 0.00000 
0.00000 0.00000 
0.00000 0.00000 
0.00000 0.00000 
0.00000 0.00000 
0.00000 0.00000 
0.00000 0.00000 
0.00000 0.00000 
0.00000 0.00000 
0.00000 0.00000 
0.00000 0.00000 
0.00000 0.00000 
0.00000 0.00000 
0.00000 0.00000 
0.00000 0.00000 
0.00000 0.00000 
0.00000 0.00000 
0.00000 0.00000 
0.00000 0.00000 
0.00000 0.00000 
0.00000 0.00000 
0.00000 0.00000 
0.00000 0.00000 
0.00000 0.00000 
0.00000 0.00000 
0.00000 0.00000 
0.00000 0.00000 
0.00000 0.00000 
0.00000 0.00000 
0.00000 0.00000 
0.00000 0.00000 
0.00000 0.00000 
0.00000 0.00000 
0.00000 0.00000 
0.00000 0.00000 
0.00000 0.00000 
0.00000 0.00000 
0.00000 0.00000 
0.00000 0.00000 
0.00000 0.00000 
0.00000 0.00000 
0.00000 0.00000 
0.00000 0.00000 
0.00000 0.00000 
0.00000 0.00000 
0.00000 0.00000 
0.00000 0.00000 
0.00000 0.00000 
0.00000 0.00000 
0.00000 0.00000 
0.00000 0.00000 
0.00000 0.00000 
0.00000 0.00000 
0.00000 0.00000 
0.00000 0.00000 
0.00000 0.00000 
0.00000 0.00000 
0.00000 0.00000 
0.00000 0.00000 
0.00000 0.00000 
0.00000 0.00000 
0.00000 0.00000 
0.00000 0.00000 
0.00000 0.00000 
0.00000 0.00000 
0.00000 0.00000 
0.00000 0.00000 
0.00000 0.00000 
0.00000 0.00000 
0.00000 0.00000 
0.00000 0.00000 
0.00000 0.00000 
0.00000 0.00000 
0.00000 0.00000 
0.00000 0.00000 
0.00000 0.00000 
0.00000 0.00000 
0.00000 0.00000 
0.00000 0.00000 
0.00000 0.00000 
0.00000 0.00000 
0.00000 0.00000 
0.00000 0.00000 
0.00000 0.00000 
0.00000 0.00000 
0.00000 0.00000 
0.00000 0.00000 
0.00000 0.00000 
0.00000 0.00000 
0.00000 0.00000 
0.00000 0.00000 
