 0.00000 0.00000 
0.00000 0.00000 
0.00000 0.00000 
0.00000 0.00000 
0.00000 0.00000 
0.00000 0.00000 
0.00000 0.00000 
0.00000 0.00000 
0.00000 0.00000 
0.00000 0.00000 
0.00000 0.00000 
0.00000 0.00000 
0.00000 0.00000 
0.00000 0.00000 
0.00000 0.00000 
0.00000 0.00000 
0.00000 0.00000 
0.00000 0.00000 
0.00000 0.00000 
0.00000 0.00000 
0.00000 0.00000 
0.00000 0.00000 
0.00000 0.00000 
0.00000 0.00000 
0.00000 0.00000 
0.00000 0.00000 
0.00000 0.00000 
0.00000 0.00000 
0.00000 0.00000 
0.00000 0.00000 
0.00000 0.00000 
0.00000 0.00000 
0.00000 0.00000 
0.00000 0.00000 
0.00000 0.00000 
0.00000 0.00000 
0.00000 0.00000 
0.00000 0.00000 
0.00000 0.00000 
0.00000 0.00000 
0.00000 0.00000 
0.00000 0.00000 
0.00000 0.00000 
0.00000 0.00000 
0.00000 0.00000 
0.00000 0.00000 
0.00000 0.00000 
0.00000 0.00000 
0.00000 0.00000 
0.00000 0.00000 
0.00000 0.00000 
0.00000 0.00000 
0.00000 0.00000 
0.00000 0.00000 
0.00000 0.00000 
0.00000 0.00000 
0.00000 0.00000 
0.00000 0.00000 
0.00000 0.00000 
0.00000 0.00000 
0.00000 0.00000 
0.00000 0.00000 
0.00000 0.00000 
0.00000 0.00000 
0.00000 0.00000 
0.00000 0.00000 
0.00000 0.00000 
0.00000 0.00000 
0.00000 0.00000 
0.00000 0.00000 
0.00000 0.00000 
0.00000 0.00000 
0.00000 0.00000 
0.00000 0.00000 
0.00000 0.00000 
0.00000 0.00000 
0.00000 0.00000 
0.00000 0.00000 
0.00000 0.00000 
0.00000 0.00000 
0.00000 0.00000 
0.00000 0.00000 
0.00000 0.00000 
0.00000 0.00000 
0.00000 0.00000 
0.00000 0.00000 
0.00000 0.00000 
0.00000 0.00000 
0.00000 0.00000 
0.00000 0.00000 
0.00000 0.00000 
0.00000 0.00000 
0.00000 0.00000 
0.00000 0.00000 
0.00000 0.00000 
0.00000 0.00000 
0.00000 0.00000 
0.00000 0.00000 
0.00000 0.00000 
0.00000 0.00000 
0.00000 0.00000 
0.00000 0.00000 
0.00000 0.00000 
0.00000 0.00000 
0.00000 0.00000 
0.00000 0.00000 
0.00000 0.00000 
0.00000 0.00000 
0.00000 0.00000 
0.00000 0.00000 
0.00000 0.00000 
0.00000 0.00000 
0.00000 0.00000 
0.00000 0.00000 
0.00000 0.00000 
0.00000 0.00000 
0.00000 0.00000 
0.00000 0.00000 
0.00000 0.00000 
384.40500 1.00000 
390.62701 1.00000 
389.85599 1.00000 
391.62399 1.00000 
393.02701 1.00000 
393.02100 1.00000 
393.63199 1.00000 
394.22601 1.00000 
395.03400 1.00000 
394.82199 1.00000 
394.87100 1.00000 
394.80399 1.00000 
395.21500 1.00000 
395.44601 1.00000 
395.25201 1.00000 
395.21899 1.00000 
395.10999 1.00000 
395.16101 1.00000 
395.22699 1.00000 
395.88501 1.00000 
395.78900 1.00000 
395.80200 1.00000 
396.07101 1.00000 
396.10800 1.00000 
396.16599 1.00000 
396.42599 1.00000 
396.99100 1.00000 
397.00601 1.00000 
397.19699 1.00000 
397.45001 1.00000 
397.70300 1.00000 
397.73001 1.00000 
398.07501 1.00000 
398.42801 1.00000 
398.93399 1.00000 
398.88199 1.00000 
398.93900 1.00000 
399.31400 1.00000 
398.96399 1.00000 
399.20200 1.00000 
398.95999 1.00000 
398.95401 1.00000 
399.19400 1.00000 
398.77301 1.00000 
398.31500 1.00000 
397.61200 1.00000 
396.99600 1.00000 
396.07999 1.00000 
395.26999 1.00000 
394.68500 1.00000 
394.21799 1.00000 
393.78699 1.00000 
393.26901 1.00000 
392.73901 1.00000 
392.38599 1.00000 
392.21701 1.00000 
392.25000 1.00000 
392.48999 1.00000 
392.64801 1.00000 
392.97699 1.00000 
393.36301 1.00000 
393.87701 1.00000 
394.12299 1.00000 
394.78299 1.00000 
395.38501 1.00000 
396.16299 1.00000 
396.57199 1.00000 
396.81201 1.00000 
397.27100 1.00000 
397.59601 1.00000 
397.80801 1.00000 
398.11200 1.00000 
398.38000 1.00000 
398.27200 1.00000 
397.95999 1.00000 
397.81500 1.00000 
397.53101 1.00000 
397.29401 1.00000 
396.57700 1.00000 
396.18201 1.00000 
395.61401 1.00000 
394.63901 1.00000 
393.85599 1.00000 
392.79800 1.00000 
391.84698 1.00000 
391.16400 1.00000 
390.38501 1.00000 
389.04300 1.00000 
388.61801 1.00000 
388.82501 1.00000 
388.44800 1.00000 
388.20901 1.00000 
388.64801 1.00000 
389.01501 1.00000 
389.54300 1.00000 
390.38501 1.00000 
390.80301 1.00000 
391.51999 1.00000 
392.73001 1.00000 
393.79700 1.00000 
395.31201 1.00000 
396.32599 1.00000 
397.09500 1.00000 
397.96799 1.00000 
398.62601 1.00000 
398.83301 1.00000 
398.41501 1.00000 
398.10400 1.00000 
398.01700 1.00000 
398.28299 1.00000 
398.57101 1.00000 
398.39200 1.00000 
398.11801 1.00000 
398.04401 1.00000 
397.90100 1.00000 
397.56000 1.00000 
397.25101 1.00000 
396.78799 1.00000 
396.50601 1.00000 
396.07401 1.00000 
395.50601 1.00000 
395.06500 1.00000 
394.98001 1.00000 
394.45901 1.00000 
393.75601 1.00000 
393.37500 1.00000 
393.04099 1.00000 
391.76099 1.00000 
391.20801 1.00000 
391.42899 1.00000 
390.86099 1.00000 
390.72501 1.00000 
391.44101 1.00000 
392.12000 1.00000 
392.54199 1.00000 
392.79700 1.00000 
392.93600 1.00000 
393.63199 1.00000 
394.23401 1.00000 
395.19800 1.00000 
395.79401 1.00000 
396.16800 1.00000 
396.53601 1.00000 
396.61401 1.00000 
396.98599 1.00000 
397.01401 1.00000 
396.99799 1.00000 
397.14899 1.00000 
396.73199 1.00000 
396.31100 1.00000 
396.96799 1.00000 
398.52600 1.00000 
398.23499 1.00000 
398.42599 1.00000 
399.82599 1.00000 
399.95401 1.00000 
396.57999 1.00000 
393.94501 1.00000 
399.08401 1.00000 
400.15399 1.00000 
385.97900 1.00000 
392.96399 1.00000 
422.26401 1.00000 
426.79599 1.00000 
427.51001 1.00000 
417.57001 1.00000 
427.61499 1.00000 
427.42099 1.00000 
427.97900 1.00000 
430.18900 1.00000 
428.91800 1.00000 
427.81699 1.00000 
438.56900 1.00000 
439.42300 1.00000 
431.11899 1.00000 
438.84900 1.00000 
438.65302 1.00000 
439.14499 1.00000 
442.58701 1.00000 
439.78601 1.00000 
438.93201 1.00000 
439.05899 1.00000 
442.56299 1.00000 
442.62799 1.00000 
441.51700 1.00000 
439.10199 1.00000 
442.20099 1.00000 
442.68100 1.00000 
442.36200 1.00000 
441.61600 1.00000 
442.01901 1.00000 
442.75201 1.00000 
442.67401 1.00000 
442.24701 1.00000 
442.10999 1.00000 
442.54199 1.00000 
442.65500 1.00000 
442.41599 1.00000 
442.32599 1.00000 
442.47800 1.00000 
442.69101 1.00000 
442.51999 1.00000 
442.32999 1.00000 
442.28900 1.00000 
442.54401 1.00000 
442.63699 1.00000 
442.41599 1.00000 
442.30701 1.00000 
442.54599 1.00000 
442.55200 1.00000 
442.54599 1.00000 
442.47000 1.00000 
442.56699 1.00000 
442.52899 1.00000 
442.64999 1.00000 
442.56299 1.00000 
442.49399 1.00000 
442.54300 1.00000 
442.57001 1.00000 
442.53201 1.00000 
442.48901 1.00000 
442.50101 1.00000 
442.59100 1.00000 
442.57800 1.00000 
442.61700 1.00000 
442.62500 1.00000 
442.56201 1.00000 
442.64801 1.00000 
442.57501 1.00000 
442.61200 1.00000 
442.57199 1.00000 
442.62500 1.00000 
442.59000 1.00000 
442.50601 1.00000 
442.55301 1.00000 
442.51199 1.00000 
442.47501 1.00000 
442.54700 1.00000 
442.74500 1.00000 
442.60501 1.00000 
442.66800 1.00000 
442.68500 1.00000 
442.63400 1.00000 
442.59799 1.00000 
442.65601 1.00000 
442.72699 1.00000 
442.70901 1.00000 
442.74799 1.00000 
442.75000 1.00000 
442.63101 1.00000 
442.75201 1.00000 
442.66000 1.00000 
442.67499 1.00000 
442.58200 1.00000 
442.77600 1.00000 
442.71701 1.00000 
442.67899 1.00000 
442.73999 1.00000 
442.77200 1.00000 
442.66299 1.00000 
442.74399 1.00000 
442.73801 1.00000 
442.64700 1.00000 
442.70901 1.00000 
442.78799 1.00000 
442.69800 1.00000 
442.74200 1.00000 
442.69901 1.00000 
442.68600 1.00000 
442.61499 1.00000 
442.71399 1.00000 
442.76801 1.00000 
442.60400 1.00000 
442.75201 1.00000 
442.71701 1.00000 
442.58701 1.00000 
442.47900 1.00000 
442.34799 1.00000 
441.96399 1.00000 
440.33801 1.00000 
428.02701 1.00000 
428.00101 1.00000 
439.21100 1.00000 
0.00000 0.00000 
0.00000 0.00000 
0.00000 0.00000 
477.79901 1.00000 
490.48999 1.00000 
498.28000 1.00000 
500.59000 1.00000 
502.59201 1.00000 
503.48499 1.00000 
504.74701 1.00000 
505.09698 1.00000 
506.51599 1.00000 
507.14099 1.00000 
497.71201 1.00000 
507.46399 1.00000 
507.05399 1.00000 
506.88101 1.00000 
506.30899 1.00000 
505.36301 1.00000 
504.61301 1.00000 
504.12399 1.00000 
502.85001 1.00000 
501.73401 1.00000 
500.47000 1.00000 
499.26901 1.00000 
497.56000 1.00000 
496.69101 1.00000 
495.90500 1.00000 
495.94400 1.00000 
495.16901 1.00000 
494.77200 1.00000 
493.77899 1.00000 
493.74799 1.00000 
493.59000 1.00000 
493.70401 1.00000 
494.22101 1.00000 
495.08200 1.00000 
496.72299 1.00000 
497.11700 1.00000 
498.22400 1.00000 
499.07700 1.00000 
500.97601 1.00000 
502.47299 1.00000 
504.08200 1.00000 
504.98499 1.00000 
505.30099 1.00000 
506.37299 1.00000 
506.98599 1.00000 
507.78101 1.00000 
508.63300 1.00000 
508.90701 1.00000 
508.52899 1.00000 
507.89899 1.00000 
507.44400 1.00000 
507.19101 1.00000 
506.24301 1.00000 
504.91901 1.00000 
503.08899 1.00000 
502.11301 1.00000 
500.91199 1.00000 
500.46799 1.00000 
499.94199 1.00000 
498.63699 1.00000 
498.41901 1.00000 
498.05801 1.00000 
498.08200 1.00000 
497.88901 1.00000 
497.48901 1.00000 
497.64301 1.00000 
497.83701 1.00000 
498.29300 1.00000 
498.48999 1.00000 
498.87701 1.00000 
499.14700 1.00000 
499.54700 1.00000 
500.45401 1.00000 
501.71799 1.00000 
502.89999 1.00000 
503.64600 1.00000 
504.44000 1.00000 
505.34799 1.00000 
506.15201 1.00000 
506.55600 1.00000 
507.29099 1.00000 
508.00000 1.00000 
507.80301 1.00000 
506.89001 1.00000 
506.21100 1.00000 
505.98401 1.00000 
505.01999 1.00000 
503.96301 1.00000 
502.75000 1.00000 
501.73999 1.00000 
501.29999 1.00000 
501.10001 1.00000 
500.51801 1.00000 
500.21201 1.00000 
499.46100 1.00000 
499.22800 1.00000 
498.84799 1.00000 
498.67999 1.00000 
498.56400 1.00000 
498.45499 1.00000 
498.55600 1.00000 
498.50500 1.00000 
498.76801 1.00000 
498.74701 1.00000 
499.12100 1.00000 
499.43500 1.00000 
499.74899 1.00000 
499.88400 1.00000 
500.28201 1.00000 
500.17599 1.00000 
500.60699 1.00000 
500.77499 1.00000 
501.65399 1.00000 
501.96399 1.00000 
502.64999 1.00000 
503.46799 1.00000 
503.87000 1.00000 
503.88300 1.00000 
504.11700 1.00000 
503.80899 1.00000 
504.29800 1.00000 
504.11401 1.00000 
504.15900 1.00000 
504.54901 1.00000 
504.59601 1.00000 
505.17599 1.00000 
505.11200 1.00000 
504.68799 1.00000 
505.18600 1.00000 
504.90201 1.00000 
504.82001 1.00000 
505.81500 1.00000 
0.00000 0.00000 
0.00000 0.00000 
0.00000 0.00000 
0.00000 0.00000 
0.00000 0.00000 
0.00000 0.00000 
0.00000 0.00000 
0.00000 0.00000 
388.28601 1.00000 
394.90799 1.00000 
398.04800 1.00000 
400.16400 1.00000 
399.50101 1.00000 
398.84299 1.00000 
397.86499 1.00000 
397.49399 1.00000 
397.41199 1.00000 
397.00900 1.00000 
396.61700 1.00000 
395.85400 1.00000 
395.03699 1.00000 
394.27301 1.00000 
393.37100 1.00000 
392.49899 1.00000 
391.77802 1.00000 
390.78000 1.00000 
390.43701 1.00000 
390.38300 1.00000 
390.64801 1.00000 
391.13699 1.00000 
390.96600 1.00000 
391.29199 1.00000 
391.43900 1.00000 
391.89301 1.00000 
392.34299 1.00000 
392.92200 1.00000 
393.76501 1.00000 
394.86301 1.00000 
396.21600 1.00000 
397.38400 1.00000 
398.27600 1.00000 
398.80600 1.00000 
399.15500 1.00000 
399.62399 1.00000 
399.66199 1.00000 
399.78400 1.00000 
399.71899 1.00000 
399.77701 1.00000 
399.50900 1.00000 
399.30301 1.00000 
399.03500 1.00000 
398.85300 1.00000 
398.66599 1.00000 
398.38901 1.00000 
397.82101 1.00000 
396.96701 1.00000 
396.51099 1.00000 
395.97400 1.00000 
395.20001 1.00000 
394.39899 1.00000 
393.89200 1.00000 
393.47601 1.00000 
392.86401 1.00000 
392.07199 1.00000 
391.65302 1.00000 
391.51501 1.00000 
391.38599 1.00000 
390.95901 1.00000 
390.97400 1.00000 
391.12500 1.00000 
391.22198 1.00000 
391.44501 1.00000 
391.96399 1.00000 
392.59900 1.00000 
393.73300 1.00000 
394.91199 1.00000 
396.20499 1.00000 
397.39600 1.00000 
398.31500 1.00000 
398.84399 1.00000 
398.92001 1.00000 
399.06500 1.00000 
399.11401 1.00000 
398.85101 1.00000 
398.79401 1.00000 
398.74301 1.00000 
398.60001 1.00000 
398.30801 1.00000 
397.99200 1.00000 
397.62701 1.00000 
397.20200 1.00000 
396.76700 1.00000 
396.09299 1.00000 
395.35400 1.00000 
394.76401 1.00000 
394.17300 1.00000 
393.68201 1.00000 
393.42300 1.00000 
392.81799 1.00000 
392.67099 1.00000 
392.62299 1.00000 
392.37399 1.00000 
392.03900 1.00000 
392.04501 1.00000 
391.88699 1.00000 
391.62601 1.00000 
391.76099 1.00000 
391.71399 1.00000 
391.72501 1.00000 
391.89801 1.00000 
392.37601 1.00000 
392.82101 1.00000 
393.36700 1.00000 
394.07001 1.00000 
394.89301 1.00000 
395.41699 1.00000 
396.29300 1.00000 
396.86099 1.00000 
397.46100 1.00000 
397.86401 1.00000 
397.95999 1.00000 
397.95099 1.00000 
397.82001 1.00000 
397.77399 1.00000 
397.83301 1.00000 
397.82401 1.00000 
397.76001 1.00000 
397.70700 1.00000 
397.69400 1.00000 
397.53400 1.00000 
397.34201 1.00000 
397.18799 1.00000 
397.04700 1.00000 
396.87201 1.00000 
396.72101 1.00000 
396.47900 1.00000 
396.34799 1.00000 
396.29501 1.00000 
396.21100 1.00000 
396.04300 1.00000 
396.05399 1.00000 
396.29099 1.00000 
396.35101 1.00000 
396.66800 1.00000 
396.94199 1.00000 
397.83401 1.00000 
397.31601 1.00000 
396.01901 1.00000 
394.42499 1.00000 
395.23499 1.00000 
399.02499 1.00000 
399.63699 1.00000 
398.02301 1.00000 
396.52399 1.00000 
395.02399 1.00000 
394.33600 1.00000 
394.05801 1.00000 
393.83701 1.00000 
393.73300 1.00000 
393.71301 1.00000 
393.92401 1.00000 
394.24701 1.00000 
394.84399 1.00000 
395.57001 1.00000 
396.17001 1.00000 
396.81299 1.00000 
397.28000 1.00000 
397.64899 1.00000 
397.81699 1.00000 
397.98401 1.00000 
397.96899 1.00000 
397.76401 1.00000 
397.67599 1.00000 
398.08899 1.00000 
398.02399 1.00000 
397.80701 1.00000 
397.90701 1.00000 
398.16901 1.00000 
398.12701 1.00000 
397.86499 1.00000 
397.86301 1.00000 
397.63901 1.00000 
397.51001 1.00000 
397.18799 1.00000 
397.07800 1.00000 
396.53699 1.00000 
396.06000 1.00000 
395.36700 1.00000 
394.73901 1.00000 
394.00201 1.00000 
393.59900 1.00000 
393.42700 1.00000 
393.50900 1.00000 
393.49899 1.00000 
393.31400 1.00000 
392.95200 1.00000 
392.64401 1.00000 
392.49200 1.00000 
392.36801 1.00000 
392.41199 1.00000 
392.42700 1.00000 
392.65302 1.00000 
393.20001 1.00000 
393.87299 1.00000 
394.54001 1.00000 
395.36200 1.00000 
396.37299 1.00000 
397.41299 1.00000 
398.24399 1.00000 
398.66901 1.00000 
399.08099 1.00000 
399.07599 1.00000 
399.13800 1.00000 
399.63101 1.00000 
399.66400 1.00000 
399.30200 1.00000 
399.04999 1.00000 
398.81000 1.00000 
398.55600 1.00000 
398.44800 1.00000 
398.10199 1.00000 
397.75699 1.00000 
397.33499 1.00000 
396.89401 1.00000 
396.10901 1.00000 
395.29599 1.00000 
394.66000 1.00000 
394.28500 1.00000 
393.90302 1.00000 
393.39401 1.00000 
392.87701 1.00000 
392.56500 1.00000 
392.34900 1.00000 
392.41501 1.00000 
392.46201 1.00000 
392.31299 1.00000 
392.48700 1.00000 
392.58301 1.00000 
392.75800 1.00000 
392.99100 1.00000 
393.62701 1.00000 
394.92700 1.00000 
396.30099 1.00000 
397.21201 1.00000 
397.05801 1.00000 
397.91400 1.00000 
398.31601 1.00000 
398.31601 1.00000 
399.04800 1.00000 
399.04501 1.00000 
398.98700 1.00000 
398.71701 1.00000 
398.83801 1.00000 
398.69101 1.00000 
398.85599 1.00000 
398.59500 1.00000 
397.72900 1.00000 
397.93799 1.00000 
398.23801 1.00000 
398.83401 1.00000 
398.45999 1.00000 
398.38101 1.00000 
397.87701 1.00000 
397.06000 1.00000 
396.31000 1.00000 
395.67899 1.00000 
394.63199 1.00000 
394.06201 1.00000 
393.53101 1.00000 
393.49799 1.00000 
393.71899 1.00000 
393.62500 1.00000 
393.19199 1.00000 
393.93201 1.00000 
393.56400 1.00000 
393.08200 1.00000 
393.42801 1.00000 
393.96201 1.00000 
394.83401 1.00000 
395.09201 1.00000 
395.75201 1.00000 
396.06100 1.00000 
396.50900 1.00000 
397.09601 1.00000 
397.46500 1.00000 
397.49100 1.00000 
397.33301 1.00000 
398.38599 1.00000 
397.60001 1.00000 
396.04099 1.00000 
395.81500 1.00000 
393.38199 1.00000 
396.59500 1.00000 
402.46100 1.00000 
402.59000 1.00000 
389.55301 1.00000 
393.50000 1.00000 
412.81900 1.00000 
421.66699 1.00000 
426.94199 1.00000 
416.40201 1.00000 
427.09601 1.00000 
426.92499 1.00000 
427.31500 1.00000 
417.22101 1.00000 
428.12701 1.00000 
427.27499 1.00000 
427.32599 1.00000 
427.89099 1.00000 
429.91800 1.00000 
427.67200 1.00000 
436.63501 1.00000 
438.00900 1.00000 
439.62100 1.00000 
439.04300 1.00000 
438.40799 1.00000 
438.47699 1.00000 
442.05899 1.00000 
442.45300 1.00000 
441.05701 1.00000 
438.66101 1.00000 
441.94501 1.00000 
442.94800 1.00000 
442.50500 1.00000 
441.09900 1.00000 
441.90601 1.00000 
442.59201 1.00000 
442.94101 1.00000 
442.18799 1.00000 
441.91800 1.00000 
442.49399 1.00000 
443.15900 1.00000 
442.45700 1.00000 
442.22501 1.00000 
442.57401 1.00000 
443.14999 1.00000 
442.66199 1.00000 
442.56500 1.00000 
442.32199 1.00000 
442.90900 1.00000 
442.70599 1.00000 
442.83701 1.00000 
442.68900 1.00000 
442.95300 1.00000 
442.99899 1.00000 
443.01001 1.00000 
442.72299 1.00000 
442.86099 1.00000 
443.01599 1.00000 
443.04901 1.00000 
442.88000 1.00000 
443.13800 1.00000 
443.06400 1.00000 
443.20999 1.00000 
442.90900 1.00000 
442.96701 1.00000 
442.94501 1.00000 
443.07501 1.00000 
442.96500 1.00000 
443.09900 1.00000 
442.84100 1.00000 
443.01801 1.00000 
443.02600 1.00000 
443.01999 1.00000 
442.80399 1.00000 
443.13000 1.00000 
442.94699 1.00000 
443.13199 1.00000 
442.99799 1.00000 
443.03799 1.00000 
442.97699 1.00000 
443.08801 1.00000 
443.05801 1.00000 
443.09100 1.00000 
442.97000 1.00000 
443.12000 1.00000 
443.15701 1.00000 
443.13199 1.00000 
443.01199 1.00000 
443.25900 1.00000 
443.08899 1.00000 
443.11600 1.00000 
443.20901 1.00000 
443.21100 1.00000 
443.10999 1.00000 
443.18399 1.00000 
443.22501 1.00000 
443.16699 1.00000 
443.06400 1.00000 
443.16400 1.00000 
443.15100 1.00000 
443.17599 1.00000 
443.04599 1.00000 
443.14700 1.00000 
443.07199 1.00000 
443.08701 1.00000 
443.07401 1.00000 
443.00601 1.00000 
442.98401 1.00000 
442.90100 1.00000 
442.97400 1.00000 
442.90201 1.00000 
442.85199 1.00000 
442.90799 1.00000 
442.79700 1.00000 
442.85300 1.00000 
442.75800 1.00000 
442.79999 1.00000 
442.71301 1.00000 
442.88300 1.00000 
442.76001 1.00000 
442.62601 1.00000 
442.59799 1.00000 
442.62399 1.00000 
439.36801 1.00000 
438.93201 1.00000 
428.17899 1.00000 
443.25201 1.00000 
450.24301 1.00000 
508.34100 1.00000 
519.71399 1.00000 
526.09100 1.00000 
531.30798 1.00000 
532.81702 1.00000 
535.28003 1.00000 
536.59198 1.00000 
537.53302 1.00000 
538.59998 1.00000 
539.18903 1.00000 
539.37097 1.00000 
539.39203 1.00000 
539.31897 1.00000 
539.22998 1.00000 
539.31897 1.00000 
539.18903 1.00000 
538.92902 1.00000 
538.88599 1.00000 
538.86700 1.00000 
538.83197 1.00000 
538.66498 1.00000 
538.38702 1.00000 
538.10199 1.00000 
537.73901 1.00000 
537.33899 1.00000 
536.53699 1.00000 
535.26801 1.00000 
533.85699 1.00000 
526.97699 1.00000 
517.81299 1.00000 
509.24200 1.00000 
507.23700 1.00000 
503.85800 1.00000 
506.44800 1.00000 
504.80600 1.00000 
504.52200 1.00000 
505.08200 1.00000 
504.33200 1.00000 
504.26199 1.00000 
503.75299 1.00000 
504.20499 1.00000 
504.86499 1.00000 
503.64200 1.00000 
503.04001 1.00000 
502.48700 1.00000 
502.60599 1.00000 
502.70801 1.00000 
502.85001 1.00000 
502.99100 1.00000 
503.09698 1.00000 
504.00900 1.00000 
504.68799 1.00000 
504.50601 1.00000 
504.33801 1.00000 
504.05399 1.00000 
504.01199 1.00000 
504.15900 1.00000 
503.72198 1.00000 
503.86700 1.00000 
503.83701 1.00000 
504.27301 1.00000 
504.24500 1.00000 
504.28201 1.00000 
504.14801 1.00000 
504.02802 1.00000 
504.03500 1.00000 
503.56900 1.00000 
502.89801 1.00000 
502.18701 1.00000 
501.39700 1.00000 
500.76401 1.00000 
499.82401 1.00000 
499.03101 1.00000 
498.20499 1.00000 
497.30301 1.00000 
496.06201 1.00000 
495.04800 1.00000 
494.67700 1.00000 
494.09100 1.00000 
493.10400 1.00000 
492.37799 1.00000 
491.93301 1.00000 
492.03601 1.00000 
492.78500 1.00000 
493.68500 1.00000 
494.65900 1.00000 
495.66000 1.00000 
496.82401 1.00000 
497.45901 1.00000 
498.87701 1.00000 
500.59399 1.00000 
502.00400 1.00000 
502.70999 1.00000 
503.30099 1.00000 
503.95200 1.00000 
504.74399 1.00000 
505.17401 1.00000 
505.50101 1.00000 
505.69901 1.00000 
505.73599 1.00000 
505.38901 1.00000 
504.51999 1.00000 
503.69800 1.00000 
502.42099 1.00000 
501.23300 1.00000 
499.60599 1.00000 
498.68399 1.00000 
497.47501 1.00000 
497.01999 1.00000 
495.72699 1.00000 
494.92899 1.00000 
494.20499 1.00000 
493.78601 1.00000 
492.99701 1.00000 
492.36899 1.00000 
491.58600 1.00000 
491.54001 1.00000 
492.27499 1.00000 
493.07300 1.00000 
493.98499 1.00000 
494.85699 1.00000 
495.40201 1.00000 
496.13599 1.00000 
496.87900 1.00000 
497.52499 1.00000 
498.75000 1.00000 
499.84100 1.00000 
500.77301 1.00000 
501.37100 1.00000 
501.90500 1.00000 
502.15601 1.00000 
502.30399 1.00000 
502.61600 1.00000 
502.57401 1.00000 
503.04999 1.00000 
503.14200 1.00000 
503.04599 1.00000 
502.87201 1.00000 
502.72601 1.00000 
502.51401 1.00000 
502.64301 1.00000 
502.83200 1.00000 
502.73099 1.00000 
502.76001 1.00000 
502.87399 1.00000 
502.83701 1.00000 
502.81699 1.00000 
503.08499 1.00000 
502.74500 1.00000 
502.92599 1.00000 
502.54999 1.00000 
496.80301 1.00000 
0.00000 0.00000 
0.00000 0.00000 
0.00000 0.00000 
0.00000 0.00000 
395.91400 1.00000 
396.59299 1.00000 
398.14301 1.00000 
399.18500 1.00000 
399.42401 1.00000 
400.85101 1.00000 
400.67499 1.00000 
401.02701 1.00000 
400.57300 1.00000 
400.60400 1.00000 
400.39700 1.00000 
399.99899 1.00000 
399.53900 1.00000 
399.05899 1.00000 
398.57401 1.00000 
398.15302 1.00000 
397.31799 1.00000 
395.84698 1.00000 
394.60400 1.00000 
395.35800 1.00000 
394.73801 1.00000 
392.99399 1.00000 
393.41901 1.00000 
392.11200 1.00000 
392.25101 1.00000 
391.81601 1.00000 
391.23099 1.00000 
391.26300 1.00000 
391.64499 1.00000 
391.94101 1.00000 
392.56299 1.00000 
393.38101 1.00000 
394.48099 1.00000 
395.44699 1.00000 
396.21899 1.00000 
396.80399 1.00000 
397.20801 1.00000 
397.58401 1.00000 
398.06299 1.00000 
398.26901 1.00000 
398.62500 1.00000 
398.93701 1.00000 
399.38599 1.00000 
399.42001 1.00000 
399.40900 1.00000 
399.46701 1.00000 
399.45300 1.00000 
399.42999 1.00000 
399.44101 1.00000 
399.24399 1.00000 
398.77802 1.00000 
398.40701 1.00000 
398.26099 1.00000 
397.99500 1.00000 
397.41800 1.00000 
396.71799 1.00000 
395.91501 1.00000 
394.98001 1.00000 
394.48499 1.00000 
393.96201 1.00000 
393.60501 1.00000 
393.32001 1.00000 
393.20499 1.00000 
393.13199 1.00000 
393.07999 1.00000 
393.26801 1.00000 
393.57999 1.00000 
394.05200 1.00000 
394.51999 1.00000 
394.92200 1.00000 
395.33600 1.00000 
395.69400 1.00000 
395.95099 1.00000 
396.15302 1.00000 
396.29599 1.00000 
396.53799 1.00000 
396.71899 1.00000 
396.81000 1.00000 
397.11499 1.00000 
397.26099 1.00000 
397.13101 1.00000 
397.13300 1.00000 
397.25699 1.00000 
397.18301 1.00000 
397.28201 1.00000 
397.13800 1.00000 
397.09299 1.00000 
397.08200 1.00000 
397.11401 1.00000 
397.09900 1.00000 
397.15799 1.00000 
397.00699 1.00000 
396.71301 1.00000 
396.55499 1.00000 
396.78699 1.00000 
396.97101 1.00000 
396.91299 1.00000 
395.79800 1.00000 
394.62500 1.00000 
395.15900 1.00000 
396.10400 1.00000 
396.89499 1.00000 
397.18100 1.00000 
397.63300 1.00000 
397.34201 1.00000 
398.49399 1.00000 
400.23599 1.00000 
400.00299 1.00000 
398.30600 1.00000 
395.94901 1.00000 
394.35599 1.00000 
395.66599 1.00000 
399.26300 1.00000 
400.78500 1.00000 
391.73499 1.00000 
401.23099 1.00000 
399.22501 1.00000 
394.57901 1.00000 
407.59000 1.00000 
396.35400 1.00000 
401.10999 1.00000 
404.74200 1.00000 
394.55801 1.00000 
407.05701 1.00000 
400.94601 1.00000 
402.67099 1.00000 
408.79099 1.00000 
400.21399 1.00000 
410.76300 1.00000 
409.27200 1.00000 
412.28101 1.00000 
466.69101 1.00000 
482.34900 1.00000 
478.86899 1.00000 
484.74500 1.00000 
484.28500 1.00000 
486.35101 1.00000 
487.13400 1.00000 
488.48499 1.00000 
489.51401 1.00000 
490.76401 1.00000 
492.67499 1.00000 
493.63000 1.00000 
494.47601 1.00000 
495.28601 1.00000 
496.33899 1.00000 
496.48199 1.00000 
496.84399 1.00000 
497.08499 1.00000 
497.36499 1.00000 
497.41800 1.00000 
497.67599 1.00000 
497.78900 1.00000 
498.05399 1.00000 
498.12100 1.00000 
498.13699 1.00000 
498.11401 1.00000 
498.20499 1.00000 
498.21899 1.00000 
498.38599 1.00000 
498.64801 1.00000 
498.60599 1.00000 
498.76501 1.00000 
498.88699 1.00000 
498.92001 1.00000 
499.32199 1.00000 
499.40100 1.00000 
499.64999 1.00000 
499.83200 1.00000 
500.29001 1.00000 
500.87900 1.00000 
501.26099 1.00000 
501.52200 1.00000 
501.93799 1.00000 
502.19800 1.00000 
502.56000 1.00000 
502.67499 1.00000 
502.82599 1.00000 
503.04199 1.00000 
503.10400 1.00000 
503.24899 1.00000 
503.07101 1.00000 
502.94400 1.00000 
503.03201 1.00000 
503.01300 1.00000 
502.92700 1.00000 
502.99799 1.00000 
503.03699 1.00000 
502.59100 1.00000 
501.96301 1.00000 
501.55701 1.00000 
500.87299 1.00000 
500.35400 1.00000 
499.71600 1.00000 
499.23300 1.00000 
498.54999 1.00000 
498.13300 1.00000 
497.45401 1.00000 
497.34201 1.00000 
497.04199 1.00000 
496.51901 1.00000 
496.35599 1.00000 
496.41800 1.00000 
496.28201 1.00000 
496.49899 1.00000 
496.97699 1.00000 
497.61801 1.00000 
498.16000 1.00000 
498.99301 1.00000 
499.66800 1.00000 
500.58301 1.00000 
501.24600 1.00000 
502.20300 1.00000 
502.79401 1.00000 
503.26199 1.00000 
503.84299 1.00000 
504.48401 1.00000 
504.73901 1.00000 
504.82101 1.00000 
504.47101 1.00000 
504.41501 1.00000 
504.23401 1.00000 
503.93799 1.00000 
503.12900 1.00000 
502.28299 1.00000 
501.47299 1.00000 
500.51199 1.00000 
499.76001 1.00000 
499.16501 1.00000 
497.99301 1.00000 
497.17200 1.00000 
496.55099 1.00000 
496.20300 1.00000 
495.78201 1.00000 
495.48599 1.00000 
495.53400 1.00000 
495.49200 1.00000 
495.84601 1.00000 
496.31601 1.00000 
496.92200 1.00000 
498.05701 1.00000 
498.91800 1.00000 
499.95499 1.00000 
501.01300 1.00000 
502.00601 1.00000 
502.57101 1.00000 
503.19501 1.00000 
503.92200 1.00000 
504.52600 1.00000 
504.84399 1.00000 
505.21701 1.00000 
505.46100 1.00000 
505.64001 1.00000 
505.66699 1.00000 
505.38599 1.00000 
504.27899 1.00000 
503.68100 1.00000 
503.10800 1.00000 
502.28101 1.00000 
501.83301 1.00000 
501.28299 1.00000 
501.01700 1.00000 
500.74301 1.00000 
500.47198 1.00000 
500.31000 1.00000 
500.14999 1.00000 
500.14401 1.00000 
500.47299 1.00000 
500.61200 1.00000 
500.82300 1.00000 
501.10501 1.00000 
501.24399 1.00000 
501.36200 1.00000 
501.37500 1.00000 
501.07199 1.00000 
505.49701 1.00000 
513.79498 1.00000 
517.66400 1.00000 
514.74701 1.00000 
514.19098 1.00000 
508.55499 1.00000 
511.88400 1.00000 
521.32098 1.00000 
530.64600 1.00000 
534.61102 1.00000 
535.68799 1.00000 
535.42798 1.00000 
537.60602 1.00000 
536.71899 1.00000 
536.76001 1.00000 
536.45300 1.00000 
536.07300 1.00000 
536.42102 1.00000 
536.04199 1.00000 
536.05902 1.00000 
535.65601 1.00000 
535.13202 1.00000 
534.12299 1.00000 
532.99701 1.00000 
532.23297 1.00000 
531.25201 1.00000 
530.35901 1.00000 
529.09900 1.00000 
528.56201 1.00000 
527.88898 1.00000 
527.09900 1.00000 
527.55200 1.00000 
528.17401 1.00000 
528.64301 1.00000 
529.41998 1.00000 
530.46997 1.00000 
531.52698 1.00000 
532.85797 1.00000 
533.98700 1.00000 
534.86200 1.00000 
535.42401 1.00000 
535.87402 1.00000 
535.99500 1.00000 
536.14301 1.00000 
536.73798 1.00000 
537.43500 1.00000 
537.87097 1.00000 
537.65503 1.00000 
537.50598 1.00000 
537.10602 1.00000 
536.93500 1.00000 
536.42499 1.00000 
536.04999 1.00000 
535.71301 1.00000 
535.45001 1.00000 
534.76801 1.00000 
533.90802 1.00000 
533.41998 1.00000 
532.63599 1.00000 
532.00897 1.00000 
531.14801 1.00000 
530.06598 1.00000 
529.24799 1.00000 
528.46698 1.00000 
527.94501 1.00000 
527.58002 1.00000 
527.36499 1.00000 
527.73297 1.00000 
528.26398 1.00000 
528.75800 1.00000 
529.75098 1.00000 
530.95203 1.00000 
531.70300 1.00000 
532.81403 1.00000 
533.84900 1.00000 
534.41302 1.00000 
534.69702 1.00000 
534.92102 1.00000 
535.34497 1.00000 
535.89203 1.00000 
536.99298 1.00000 
537.84003 1.00000 
538.59302 1.00000 
537.98999 1.00000 
537.64899 1.00000 
537.60199 1.00000 
537.77399 1.00000 
537.90100 1.00000 
537.75098 1.00000 
537.39697 1.00000 
536.65503 1.00000 
536.20398 1.00000 
535.64697 1.00000 
535.47998 1.00000 
535.03302 1.00000 
534.71301 1.00000 
534.31097 1.00000 
534.01801 1.00000 
533.70300 1.00000 
533.62701 1.00000 
533.46899 1.00000 
533.25800 1.00000 
533.33002 1.00000 
533.47302 1.00000 
533.57001 1.00000 
533.91498 1.00000 
534.32098 1.00000 
534.55402 1.00000 
534.83899 1.00000 
535.13501 1.00000 
535.62097 1.00000 
535.88898 1.00000 
536.31702 1.00000 
536.34900 1.00000 
536.66400 1.00000 
536.66400 1.00000 
536.64001 1.00000 
536.98999 1.00000 
536.81702 1.00000 
536.75897 1.00000 
536.69598 1.00000 
536.84100 1.00000 
536.85797 1.00000 
536.85901 1.00000 
536.66302 1.00000 
536.73297 1.00000 
536.63501 1.00000 
536.77600 1.00000 
536.70001 1.00000 
536.69098 1.00000 
536.50897 1.00000 
536.40002 1.00000 
536.11401 1.00000 
536.27002 1.00000 
536.16101 1.00000 
536.00299 1.00000 
535.61902 1.00000 
534.89600 1.00000 
533.08801 1.00000 
530.60699 1.00000 
531.63501 1.00000 
532.65198 1.00000 
543.27197 1.00000 
561.88702 1.00000 
0.00000 0.00000 
0.00000 0.00000 
0.00000 0.00000 
0.00000 0.00000 
0.00000 0.00000 
401.51401 1.00000 
402.02701 1.00000 
403.34100 1.00000 
403.76999 1.00000 
402.89301 1.00000 
402.03201 1.00000 
401.55701 1.00000 
401.44299 1.00000 
401.30301 1.00000 
400.41000 1.00000 
399.96399 1.00000 
399.31500 1.00000 
398.29700 1.00000 
396.29501 1.00000 
392.96701 1.00000 
0.00000 0.00000 
576.15997 1.00000 
585.33099 1.00000 
586.17700 1.00000 
585.64697 1.00000 
585.74402 1.00000 
585.03601 1.00000 
584.98401 1.00000 
585.38501 1.00000 
586.92200 1.00000 
588.06897 1.00000 
589.37097 1.00000 
591.02698 1.00000 
592.96301 1.00000 
594.51099 1.00000 
597.82501 1.00000 
600.15399 1.00000 
601.29700 1.00000 
602.44598 1.00000 
603.97302 1.00000 
605.33002 1.00000 
604.30200 1.00000 
603.38501 1.00000 
602.00800 1.00000 
602.21997 1.00000 
602.15698 1.00000 
602.53900 1.00000 
602.19702 1.00000 
601.92999 1.00000 
601.47101 1.00000 
600.49103 1.00000 
599.76202 1.00000 
599.35699 1.00000 
598.40601 1.00000 
597.72198 1.00000 
597.01099 1.00000 
595.51898 1.00000 
594.76300 1.00000 
593.51001 1.00000 
591.64099 1.00000 
590.23297 1.00000 
588.70898 1.00000 
587.59100 1.00000 
586.50201 1.00000 
586.35498 1.00000 
586.31201 1.00000 
586.44598 1.00000 
586.98499 1.00000 
587.83398 1.00000 
589.25897 1.00000 
590.49799 1.00000 
592.83398 1.00000 
595.75702 1.00000 
600.01099 1.00000 
602.45898 1.00000 
604.01398 1.00000 
605.51501 1.00000 
607.35199 1.00000 
607.99200 1.00000 
608.34998 1.00000 
608.17798 1.00000 
607.78601 1.00000 
607.41602 1.00000 
606.31201 1.00000 
605.28400 1.00000 
603.22803 1.00000 
601.45801 1.00000 
599.99701 1.00000 
599.25598 1.00000 
598.34302 1.00000 
597.20502 1.00000 
596.02399 1.00000 
594.75403 1.00000 
593.36499 1.00000 
591.56500 1.00000 
590.05103 1.00000 
588.19598 1.00000 
586.08899 1.00000 
584.88898 1.00000 
585.79102 1.00000 
586.10699 1.00000 
586.38898 1.00000 
586.40698 1.00000 
587.64801 1.00000 
588.65399 1.00000 
589.80103 1.00000 
591.73602 1.00000 
593.97400 1.00000 
597.25098 1.00000 
599.84003 1.00000 
600.18298 1.00000 
600.58099 1.00000 
601.56299 1.00000 
602.64697 1.00000 
603.20099 1.00000 
602.47198 1.00000 
602.53601 1.00000 
603.29401 1.00000 
603.65698 1.00000 
603.99597 1.00000 
603.94000 1.00000 
603.30103 1.00000 
601.56299 1.00000 
599.87500 1.00000 
598.29303 1.00000 
597.01501 1.00000 
595.35602 1.00000 
593.61603 1.00000 
592.32501 1.00000 
591.38702 1.00000 
589.85199 1.00000 
588.95001 1.00000 
586.79401 1.00000 
585.89001 1.00000 
586.19202 1.00000 
586.96600 1.00000 
587.27899 1.00000 
587.11902 1.00000 
588.08197 1.00000 
589.25500 1.00000 
590.57098 1.00000 
591.52399 1.00000 
593.17102 1.00000 
595.30200 1.00000 
597.09998 1.00000 
598.08801 1.00000 
597.92902 1.00000 
598.63202 1.00000 
599.23499 1.00000 
599.95697 1.00000 
601.15503 1.00000 
601.68500 1.00000 
600.59100 1.00000 
599.84998 1.00000 
598.65900 1.00000 
598.64600 1.00000 
598.74500 1.00000 
597.94800 1.00000 
597.32800 1.00000 
598.70599 1.00000 
598.50098 1.00000 
597.12799 1.00000 
595.62903 1.00000 
593.60400 1.00000 
591.87598 1.00000 
589.53802 1.00000 
587.84100 1.00000 
597.19299 1.00000 
584.43799 1.00000 
585.36298 1.00000 
586.12201 1.00000 
586.63300 1.00000 
587.09302 1.00000 
587.77197 1.00000 
588.75299 1.00000 
589.77802 1.00000 
590.37903 1.00000 
591.78900 1.00000 
593.82800 1.00000 
596.28302 1.00000 
598.15399 1.00000 
599.44000 1.00000 
600.15302 1.00000 
600.60400 1.00000 
601.99500 1.00000 
603.17798 1.00000 
603.65302 1.00000 
601.82599 1.00000 
600.14398 1.00000 
599.70203 1.00000 
598.96899 1.00000 
600.37903 1.00000 
600.43799 1.00000 
601.48901 1.00000 
600.23798 1.00000 
599.33099 1.00000 
597.40302 1.00000 
595.77100 1.00000 
593.77002 1.00000 
592.69299 1.00000 
590.96802 1.00000 
588.96399 1.00000 
589.05402 1.00000 
589.44702 1.00000 
588.99902 1.00000 
588.47400 1.00000 
599.76398 1.00000 
590.62000 1.00000 
599.80200 1.00000 
592.43597 1.00000 
593.82300 1.00000 
595.85699 1.00000 
596.71802 1.00000 
598.21698 1.00000 
599.05298 1.00000 
600.63202 1.00000 
601.92603 1.00000 
602.35602 1.00000 
603.70099 1.00000 
604.01202 1.00000 
602.97101 1.00000 
602.84900 1.00000 
604.18799 1.00000 
604.94897 1.00000 
605.40503 1.00000 
605.29700 1.00000 
604.98499 1.00000 
602.81598 1.00000 
602.22998 1.00000 
600.68500 1.00000 
599.53497 1.00000 
597.82001 1.00000 
598.01801 1.00000 
597.61798 1.00000 
596.63397 1.00000 
596.98798 1.00000 
597.52301 1.00000 
597.20203 1.00000 
597.49103 1.00000 
598.06702 1.00000 
598.81097 1.00000 
598.51398 1.00000 
599.43799 1.00000 
600.41302 1.00000 
600.40302 1.00000 
600.41498 1.00000 
600.92499 1.00000 
600.47803 1.00000 
600.52399 1.00000 
601.82397 1.00000 
601.54700 1.00000 
599.97101 1.00000 
601.77197 1.00000 
601.26099 1.00000 
600.72498 1.00000 
600.22498 1.00000 
600.73700 1.00000 
600.81201 1.00000 
600.76300 1.00000 
600.00800 1.00000 
599.68597 1.00000 
601.84100 1.00000 
601.81299 1.00000 
601.64001 1.00000 
602.28302 1.00000 
602.96802 1.00000 
602.16901 1.00000 
602.45203 1.00000 
601.92102 1.00000 
602.01202 1.00000 
601.78900 1.00000 
601.88501 1.00000 
602.83398 1.00000 
599.16901 1.00000 
598.19299 1.00000 
596.36603 1.00000 
592.64801 1.00000 
0.00000 0.00000 
0.00000 0.00000 
0.00000 0.00000 
0.00000 0.00000 
497.07700 1.00000 
499.53799 1.00000 
500.04501 1.00000 
500.48199 1.00000 
500.41400 1.00000 
500.70300 1.00000 
499.89899 1.00000 
499.18100 1.00000 
498.34500 1.00000 
497.98300 1.00000 
497.97800 1.00000 
497.62799 1.00000 
497.31799 1.00000 
496.62299 1.00000 
496.60001 1.00000 
496.32199 1.00000 
495.86600 1.00000 
495.46799 1.00000 
495.32999 1.00000 
495.07001 1.00000 
495.38699 1.00000 
495.54099 1.00000 
495.67401 1.00000 
495.97000 1.00000 
496.76199 1.00000 
497.68701 1.00000 
498.12601 1.00000 
499.73901 1.00000 
500.35599 1.00000 
501.08600 1.00000 
501.61899 1.00000 
501.92001 1.00000 
502.63699 1.00000 
502.82501 1.00000 
502.89999 1.00000 
502.84500 1.00000 
502.62601 1.00000 
502.79901 1.00000 
502.26401 1.00000 
501.37000 1.00000 
500.45901 1.00000 
498.92999 1.00000 
498.05099 1.00000 
497.07501 1.00000 
496.42899 1.00000 
495.72501 1.00000 
494.55801 1.00000 
493.64301 1.00000 
492.25500 1.00000 
490.61600 1.00000 
489.58200 1.00000 
489.11899 1.00000 
489.05499 1.00000 
489.29800 1.00000 
489.40100 1.00000 
489.45300 1.00000 
489.90399 1.00000 
490.60901 1.00000 
491.43799 1.00000 
492.64200 1.00000 
492.82800 1.00000 
493.31000 1.00000 
494.25299 1.00000 
495.89099 1.00000 
497.50299 1.00000 
498.93100 1.00000 
500.00900 1.00000 
501.11301 1.00000 
501.31799 1.00000 
501.79001 1.00000 
502.10999 1.00000 
502.04300 1.00000 
501.75201 1.00000 
501.59601 1.00000 
501.26999 1.00000 
501.12799 1.00000 
500.39099 1.00000 
499.84601 1.00000 
498.87399 1.00000 
498.04599 1.00000 
497.15601 1.00000 
496.54800 1.00000 
495.93399 1.00000 
495.71899 1.00000 
495.38699 1.00000 
495.27100 1.00000 
494.88199 1.00000 
494.74701 1.00000 
494.97699 1.00000 
495.02499 1.00000 
495.16400 1.00000 
495.53000 1.00000 
495.94800 1.00000 
496.66000 1.00000 
497.59201 1.00000 
498.91800 1.00000 
499.84201 1.00000 
500.61600 1.00000 
501.13501 1.00000 
501.59201 1.00000 
502.19101 1.00000 
502.62601 1.00000 
502.80499 1.00000 
503.13300 1.00000 
503.41000 1.00000 
503.87799 1.00000 
503.94199 1.00000 
503.59698 1.00000 
503.38000 1.00000 
502.98001 1.00000 
502.43500 1.00000 
502.14700 1.00000 
501.68201 1.00000 
501.41400 1.00000 
501.17999 1.00000 
501.03400 1.00000 
501.02100 1.00000 
500.94199 1.00000 
500.76199 1.00000 
500.70801 1.00000 
500.66501 1.00000 
500.69800 1.00000 
500.81400 1.00000 
500.96600 1.00000 
500.92001 1.00000 
501.12799 1.00000 
501.01199 1.00000 
501.06100 1.00000 
500.83200 1.00000 
500.29300 1.00000 
498.55499 1.00000 
495.68900 1.00000 
495.90302 1.00000 
497.68799 1.00000 
496.56799 1.00000 
503.78400 1.00000 
516.95203 1.00000 
523.48602 1.00000 
527.84003 1.00000 
529.62299 1.00000 
530.74597 1.00000 
533.40900 1.00000 
534.24799 1.00000 
534.38098 1.00000 
534.48499 1.00000 
534.23999 1.00000 
533.82599 1.00000 
533.18500 1.00000 
532.46301 1.00000 
531.58502 1.00000 
530.08099 1.00000 
527.89801 1.00000 
525.78802 1.00000 
524.07599 1.00000 
522.97400 1.00000 
522.81201 1.00000 
522.88599 1.00000 
522.96100 1.00000 
523.52197 1.00000 
524.38098 1.00000 
524.99799 1.00000 
525.35699 1.00000 
525.92499 1.00000 
526.23499 1.00000 
526.87402 1.00000 
527.54602 1.00000 
528.30103 1.00000 
529.37000 1.00000 
530.62799 1.00000 
531.53003 1.00000 
532.12903 1.00000 
532.79700 1.00000 
532.99799 1.00000 
532.70599 1.00000 
532.46002 1.00000 
532.75702 1.00000 
532.80402 1.00000 
533.05298 1.00000 
533.43402 1.00000 
533.93500 1.00000 
534.15698 1.00000 
533.69800 1.00000 
533.17700 1.00000 
532.52698 1.00000 
531.60699 1.00000 
530.82703 1.00000 
530.04303 1.00000 
529.37201 1.00000 
528.84998 1.00000 
528.31799 1.00000 
528.06403 1.00000 
527.99402 1.00000 
527.76898 1.00000 
527.85602 1.00000 
527.68103 1.00000 
527.76801 1.00000 
527.64899 1.00000 
527.85498 1.00000 
528.22101 1.00000 
528.69299 1.00000 
529.42499 1.00000 
529.94800 1.00000 
530.41400 1.00000 
530.66602 1.00000 
530.84998 1.00000 
530.87299 1.00000 
530.84100 1.00000 
530.85602 1.00000 
530.75201 1.00000 
530.81799 1.00000 
530.87000 1.00000 
530.87701 1.00000 
531.01599 1.00000 
531.04901 1.00000 
530.87500 1.00000 
530.84003 1.00000 
530.67499 1.00000 
530.49799 1.00000 
530.28302 1.00000 
530.16901 1.00000 
529.93903 1.00000 
529.59497 1.00000 
529.38000 1.00000 
529.33197 1.00000 
529.04602 1.00000 
528.78003 1.00000 
528.46301 1.00000 
528.62299 1.00000 
528.54999 1.00000 
528.45300 1.00000 
528.53699 1.00000 
528.51898 1.00000 
528.77301 1.00000 
528.92999 1.00000 
529.14203 1.00000 
529.08197 1.00000 
529.24799 1.00000 
529.23199 1.00000 
529.08398 1.00000 
529.00897 1.00000 
528.84998 1.00000 
529.01898 1.00000 
528.84998 1.00000 
528.92200 1.00000 
528.97601 1.00000 
529.11401 1.00000 
529.19397 1.00000 
529.58301 1.00000 
531.24902 1.00000 
530.50201 1.00000 
529.00702 1.00000 
527.96802 1.00000 
533.31097 1.00000 
540.85797 1.00000 
545.51398 1.00000 
550.34998 1.00000 
551.13397 1.00000 
549.33197 1.00000 
552.06799 1.00000 
554.57397 1.00000 
554.79602 1.00000 
556.88599 1.00000 
559.57397 1.00000 
560.74701 1.00000 
563.08398 1.00000 
567.35498 1.00000 
570.59399 1.00000 
573.47699 1.00000 
576.08002 1.00000 
580.91699 1.00000 
583.78497 1.00000 
585.22400 1.00000 
587.22498 1.00000 
588.38599 1.00000 
589.71301 1.00000 
566.35498 1.00000 
593.68103 1.00000 
594.98602 1.00000 
595.77100 1.00000 
596.80402 1.00000 
596.47498 1.00000 
595.82703 1.00000 
596.60999 1.00000 
598.58398 1.00000 
597.19598 1.00000 
599.35797 1.00000 
598.77002 1.00000 
596.93298 1.00000 
599.60699 1.00000 
596.98499 1.00000 
596.92200 1.00000 
600.35901 1.00000 
598.20599 1.00000 
597.56201 1.00000 
599.63501 1.00000 
597.80402 1.00000 
600.85400 1.00000 
599.41602 1.00000 
603.07098 1.00000 
600.64697 1.00000 
599.00098 1.00000 
600.01001 1.00000 
599.59802 1.00000 
599.86200 1.00000 
601.84497 1.00000 
601.42200 1.00000 
601.59900 1.00000 
602.00800 1.00000 
602.75897 1.00000 
602.83197 1.00000 
602.43500 1.00000 
603.27100 1.00000 
603.84100 1.00000 
602.95099 1.00000 
602.65802 1.00000 
602.63501 1.00000 
602.74402 1.00000 
603.61798 1.00000 
602.85303 1.00000 
603.77502 1.00000 
603.59198 1.00000 
603.47699 1.00000 
602.84698 1.00000 
602.58899 1.00000 
603.43103 1.00000 
603.65302 1.00000 
603.02502 1.00000 
602.82202 1.00000 
602.98297 1.00000 
603.22803 1.00000 
602.94397 1.00000 
602.03198 1.00000 
602.09198 1.00000 
601.20599 1.00000 
599.77899 1.00000 
598.85699 1.00000 
597.96399 1.00000 
597.04797 1.00000 
595.75702 1.00000 
594.27502 1.00000 
593.20502 1.00000 
592.14697 1.00000 
591.54303 1.00000 
590.17102 1.00000 
588.89099 1.00000 
588.55798 1.00000 
589.20898 1.00000 
589.92999 1.00000 
590.94897 1.00000 
591.52698 1.00000 
593.34497 1.00000 
596.29797 1.00000 
599.49402 1.00000 
601.63202 1.00000 
601.52100 1.00000 
601.85901 1.00000 
603.68500 1.00000 
605.68597 1.00000 
606.57898 1.00000 
606.35199 1.00000 
605.66400 1.00000 
606.70203 1.00000 
607.10498 1.00000 
608.04700 1.00000 
606.49298 1.00000 
605.91803 1.00000 
604.20801 1.00000 
602.57501 1.00000 
600.57001 1.00000 
598.85303 1.00000 
596.71399 1.00000 
594.71002 1.00000 
592.31403 1.00000 
590.33801 1.00000 
588.24402 1.00000 
584.00897 1.00000 
585.18701 1.00000 
585.84998 1.00000 
586.23199 1.00000 
586.37598 1.00000 
586.46600 1.00000 
586.95398 1.00000 
588.43500 1.00000 
590.49298 1.00000 
592.53101 1.00000 
595.37402 1.00000 
599.09302 1.00000 
601.38800 1.00000 
601.60901 1.00000 
602.48999 1.00000 
604.67700 1.00000 
606.52600 1.00000 
606.94800 1.00000 
607.27100 1.00000 
608.25403 1.00000 
608.59998 1.00000 
608.57300 1.00000 
608.35602 1.00000 
607.11200 1.00000 
605.48297 1.00000 
603.64899 1.00000 
602.49402 1.00000 
600.53101 1.00000 
598.70300 1.00000 
597.53400 1.00000 
596.36798 1.00000 
594.45898 1.00000 
593.08899 1.00000 
591.81897 1.00000 
590.51801 1.00000 
589.74200 1.00000 
588.93500 1.00000 
588.76001 1.00000 
589.94702 1.00000 
590.40503 1.00000 
591.29999 1.00000 
592.45502 1.00000 
594.13300 1.00000 
596.34399 1.00000 
598.96002 1.00000 
600.58398 1.00000 
600.77899 1.00000 
601.58197 1.00000 
603.01801 1.00000 
604.72803 1.00000 
605.45898 1.00000 
605.59698 1.00000 
605.64398 1.00000 
606.42603 1.00000 
606.94299 1.00000 
606.41602 1.00000 
605.69800 1.00000 
604.36200 1.00000 
602.77002 1.00000 
601.08502 1.00000 
599.39099 1.00000 
598.10699 1.00000 
596.78302 1.00000 
595.19800 1.00000 
593.79602 1.00000 
592.08502 1.00000 
590.37000 1.00000 
588.75299 1.00000 
586.40997 1.00000 
585.57202 1.00000 
585.94299 1.00000 
586.25201 1.00000 
586.21997 1.00000 
586.41901 1.00000 
587.35797 1.00000 
588.07300 1.00000 
0.00000 0.00000 
598.92401 1.00000 
592.96997 1.00000 
595.36499 1.00000 
597.58002 1.00000 
599.28198 1.00000 
599.98499 1.00000 
600.42603 1.00000 
601.76099 1.00000 
603.43298 1.00000 
603.66699 1.00000 
603.27100 1.00000 
602.83002 1.00000 
603.95801 1.00000 
605.18701 1.00000 
605.47998 1.00000 
605.04498 1.00000 
603.29999 1.00000 
601.90802 1.00000 
600.21503 1.00000 
599.10699 1.00000 
598.36700 1.00000 
597.41400 1.00000 
595.83099 1.00000 
594.78998 1.00000 
594.41699 1.00000 
594.24298 1.00000 
593.94897 1.00000 
593.39502 1.00000 
592.47900 1.00000 
591.90601 1.00000 
591.84003 1.00000 
592.00800 1.00000 
592.14001 1.00000 
592.34900 1.00000 
592.71899 1.00000 
592.92297 1.00000 
593.54498 1.00000 
594.04401 1.00000 
594.10999 1.00000 
594.43402 1.00000 
595.21503 1.00000 
595.43103 1.00000 
595.84198 1.00000 
596.04401 1.00000 
596.37097 1.00000 
596.73499 1.00000 
597.04797 1.00000 
597.44397 1.00000 
597.60101 1.00000 
597.98901 1.00000 
598.64801 1.00000 
599.60199 1.00000 
600.49701 1.00000 
600.78400 1.00000 
600.96997 1.00000 
601.11200 1.00000 
601.54901 1.00000 
601.39801 1.00000 
600.77600 1.00000 
600.58899 1.00000 
600.03900 1.00000 
599.91498 1.00000 
599.46399 1.00000 
599.25897 1.00000 
599.50403 1.00000 
599.26599 1.00000 
599.26501 1.00000 
599.22101 1.00000 
599.18597 1.00000 
599.43298 1.00000 
599.03601 1.00000 
599.00201 1.00000 
598.88397 1.00000 
598.92798 1.00000 
598.71002 1.00000 
598.46503 1.00000 
598.02899 1.00000 
597.65698 1.00000 
597.16901 1.00000 
596.93903 1.00000 
596.42603 1.00000 
595.97900 1.00000 
595.31097 1.00000 
594.62598 1.00000 
594.10797 1.00000 
591.53497 1.00000 
583.17499 1.00000 
579.81598 1.00000 
584.42102 1.00000 
587.64697 1.00000 
589.00299 1.00000 
588.45898 1.00000 
0.00000 0.00000 
589.75598 1.00000 
590.41199 1.00000 
591.12701 1.00000 
592.61499 1.00000 
595.09698 1.00000 
597.65900 1.00000 
600.00098 1.00000 
601.09900 1.00000 
601.78400 1.00000 
602.10901 1.00000 
603.01703 1.00000 
603.26398 1.00000 
602.29700 1.00000 
602.37500 1.00000 
599.68103 1.00000 
598.55402 1.00000 
597.70502 1.00000 
597.16901 1.00000 
596.66101 1.00000 
595.25299 1.00000 
593.41400 1.00000 
591.63898 1.00000 
590.15997 1.00000 
588.78601 1.00000 
588.35199 1.00000 
587.82397 1.00000 
587.30200 1.00000 
587.64600 1.00000 
587.73602 1.00000 
588.02600 1.00000 
588.51801 1.00000 
589.26703 1.00000 
590.21100 1.00000 
591.96600 1.00000 
594.07599 1.00000 
596.04303 1.00000 
597.42700 1.00000 
598.53198 1.00000 
599.51202 1.00000 
600.31897 1.00000 
601.34998 1.00000 
602.68402 1.00000 
603.44501 1.00000 
603.66901 1.00000 
604.34198 1.00000 
605.78802 1.00000 
606.36298 1.00000 
607.14301 1.00000 
606.57898 1.00000 
605.07599 1.00000 
603.35199 1.00000 
602.40900 1.00000 
602.08301 1.00000 
601.29102 1.00000 
601.01801 1.00000 
601.17902 1.00000 
601.27197 1.00000 
601.75299 1.00000 
602.20502 1.00000 
603.15601 1.00000 
603.71100 1.00000 
604.70398 1.00000 
604.51703 1.00000 
603.90698 1.00000 
603.04401 1.00000 
602.43298 1.00000 
601.43701 1.00000 
597.73102 1.00000 
595.65503 1.00000 
0.00000 0.00000 
0.00000 0.00000 
623.50702 1.00000 
645.49298 1.00000 
660.50403 1.00000 
659.52399 1.00000 
663.02301 1.00000 
667.93402 1.00000 
667.92700 1.00000 
672.82001 1.00000 
670.93799 1.00000 
670.49701 1.00000 
670.07800 1.00000 
668.10602 1.00000 
670.82800 1.00000 
668.26703 1.00000 
670.69897 1.00000 
671.46503 1.00000 
669.78497 1.00000 
672.62201 1.00000 
669.15503 1.00000 
672.37598 1.00000 
668.50299 1.00000 
669.71600 1.00000 
669.74902 1.00000 
666.88800 1.00000 
670.93701 1.00000 
667.03302 1.00000 
670.13501 1.00000 
669.26898 1.00000 
668.21399 1.00000 
671.00201 1.00000 
666.69397 1.00000 
670.80103 1.00000 
668.14600 1.00000 
667.99402 1.00000 
670.07501 1.00000 
666.94800 1.00000 
671.05402 1.00000 
667.80798 1.00000 
668.98199 1.00000 
670.23999 1.00000 
667.41998 1.00000 
670.46899 1.00000 
667.95697 1.00000 
669.51202 1.00000 
669.32001 1.00000 
668.01801 1.00000 
670.22198 1.00000 
667.99402 1.00000 
669.34698 1.00000 
668.83502 1.00000 
668.26300 1.00000 
670.03400 1.00000 
668.31702 1.00000 
670.05103 1.00000 
668.86603 1.00000 
668.86401 1.00000 
669.56403 1.00000 
662.50500 1.00000 
650.97101 1.00000 
655.74200 1.00000 
0.00000 0.00000 
0.00000 0.00000 
0.00000 0.00000 
0.00000 0.00000 
0.00000 0.00000 
589.76703 1.00000 
588.43402 1.00000 
597.55701 1.00000 
602.23901 1.00000 
601.41400 1.00000 
598.35101 1.00000 
597.59998 1.00000 
597.10901 1.00000 
593.90100 1.00000 
591.88300 1.00000 
590.79797 1.00000 
587.94800 1.00000 
585.69000 1.00000 
585.40198 1.00000 
585.50800 1.00000 
585.57001 1.00000 
585.46802 1.00000 
585.32300 1.00000 
586.35797 1.00000 
587.40399 1.00000 
588.76398 1.00000 
590.38501 1.00000 
592.67999 1.00000 
595.47900 1.00000 
599.14301 1.00000 
601.94598 1.00000 
601.77301 1.00000 
601.67603 1.00000 
602.88397 1.00000 
602.38800 1.00000 
602.18799 1.00000 
603.90100 1.00000 
603.87000 1.00000 
604.26599 1.00000 
607.26898 1.00000 
609.56403 1.00000 
607.06598 1.00000 
602.69702 1.00000 
600.11499 1.00000 
598.25403 1.00000 
596.90900 1.00000 
595.84900 1.00000 
594.88501 1.00000 
594.49701 1.00000 
594.64398 1.00000 
594.91699 1.00000 
595.57800 1.00000 
596.74701 1.00000 
597.15601 1.00000 
597.69800 1.00000 
597.40399 1.00000 
597.51599 1.00000 
597.22400 1.00000 
596.64203 1.00000 
595.54102 1.00000 
595.01202 1.00000 
594.28302 1.00000 
593.76703 1.00000 
593.49597 1.00000 
593.06201 1.00000 
589.52399 1.00000 
580.42700 1.00000 
561.71198 1.00000 
541.50800 1.00000 
547.86102 1.00000 
0.00000 0.00000 
0.00000 0.00000 
0.00000 0.00000 
0.00000 0.00000 
0.00000 0.00000 
0.00000 0.00000 
529.28900 1.00000 
528.33502 1.00000 
529.07599 1.00000 
529.25098 1.00000 
529.63800 1.00000 
529.54102 1.00000 
529.57300 1.00000 
529.75800 1.00000 
530.30499 1.00000 
530.10999 1.00000 
530.49200 1.00000 
531.09698 1.00000 
531.57397 1.00000 
532.78998 1.00000 
533.67798 1.00000 
534.53003 1.00000 
534.58099 1.00000 
535.00000 1.00000 
535.77698 1.00000 
535.51599 1.00000 
535.45099 1.00000 
536.09497 1.00000 
537.31403 1.00000 
536.83301 1.00000 
536.38800 1.00000 
536.58502 1.00000 
537.02502 1.00000 
536.13000 1.00000 
535.69702 1.00000 
535.31500 1.00000 
534.83099 1.00000 
533.77600 1.00000 
533.28900 1.00000 
532.74799 1.00000 
532.09003 1.00000 
531.66901 1.00000 
531.37299 1.00000 
531.29901 1.00000 
531.50098 1.00000 
531.47803 1.00000 
532.08197 1.00000 
532.32300 1.00000 
532.37799 1.00000 
532.98199 1.00000 
533.20099 1.00000 
533.38397 1.00000 
533.45203 1.00000 
533.40802 1.00000 
533.36902 1.00000 
533.12000 1.00000 
532.99402 1.00000 
532.98999 1.00000 
532.79401 1.00000 
532.72998 1.00000 
532.80200 1.00000 
532.95599 1.00000 
532.91101 1.00000 
532.77002 1.00000 
532.94299 1.00000 
533.11401 1.00000 
533.17200 1.00000 
533.19397 1.00000 
532.56403 1.00000 
531.60498 1.00000 
529.88202 1.00000 
525.45502 1.00000 
520.65302 1.00000 
523.41803 1.00000 
532.47699 1.00000 
521.95203 1.00000 
502.32901 1.00000 
496.32501 1.00000 
504.22699 1.00000 
504.35599 1.00000 
505.88400 1.00000 
506.89801 1.00000 
507.66800 1.00000 
508.54300 1.00000 
508.43701 1.00000 
508.02701 1.00000 
507.58401 1.00000 
506.39499 1.00000 
505.23099 1.00000 
503.86099 1.00000 
502.26001 1.00000 
500.80701 1.00000 
499.91699 1.00000 
499.16000 1.00000 
499.04001 1.00000 
498.98199 1.00000 
498.48700 1.00000 
497.58600 1.00000 
497.48300 1.00000 
497.53000 1.00000 
497.29800 1.00000 
497.54199 1.00000 
498.07599 1.00000 
498.92200 1.00000 
499.39401 1.00000 
500.72501 1.00000 
501.36401 1.00000 
502.60800 1.00000 
503.31500 1.00000 
504.40799 1.00000 
505.39999 1.00000 
506.25699 1.00000 
506.49100 1.00000 
506.57800 1.00000 
507.05099 1.00000 
507.03000 1.00000 
506.82300 1.00000 
506.51300 1.00000 
505.98901 1.00000 
505.46100 1.00000 
504.79001 1.00000 
503.76199 1.00000 
502.46899 1.00000 
501.25101 1.00000 
500.33401 1.00000 
499.71600 1.00000 
499.05899 1.00000 
498.09201 1.00000 
497.89001 1.00000 
497.94601 1.00000 
497.30701 1.00000 
496.81400 1.00000 
496.58899 1.00000 
496.59000 1.00000 
496.72101 1.00000 
497.08701 1.00000 
497.25500 1.00000 
497.35901 1.00000 
497.66199 1.00000 
498.24301 1.00000 
498.93301 1.00000 
500.10699 1.00000 
500.89200 1.00000 
501.59500 1.00000 
501.64801 1.00000 
502.11301 1.00000 
502.47400 1.00000 
502.66800 1.00000 
503.14200 1.00000 
503.46600 1.00000 
502.99799 1.00000 
502.65900 1.00000 
502.84601 1.00000 
502.78601 1.00000 
502.30200 1.00000 
502.05301 1.00000 
502.10001 1.00000 
501.82599 1.00000 
501.77899 1.00000 
501.30899 1.00000 
500.89200 1.00000 
500.51401 1.00000 
500.07501 1.00000 
499.71600 1.00000 
499.21399 1.00000 
499.09900 1.00000 
499.01599 1.00000 
498.98801 1.00000 
499.41400 1.00000 
499.18799 1.00000 
499.53400 1.00000 
499.34698 1.00000 
499.87399 1.00000 
499.65701 1.00000 
500.27802 1.00000 
500.04999 1.00000 
500.73599 1.00000 
500.79700 1.00000 
501.31400 1.00000 
501.07101 1.00000 
501.62000 1.00000 
501.99200 1.00000 
502.33301 1.00000 
502.71600 1.00000 
503.04999 1.00000 
503.52499 1.00000 
503.63599 1.00000 
503.99899 1.00000 
504.16299 1.00000 
504.25201 1.00000 
504.49200 1.00000 
505.10300 1.00000 
505.24200 1.00000 
505.42401 1.00000 
505.46399 1.00000 
505.30200 1.00000 
505.35101 1.00000 
505.29800 1.00000 
505.23199 1.00000 
505.44699 1.00000 
505.45801 1.00000 
505.16901 1.00000 
505.06400 1.00000 
504.91501 1.00000 
505.07199 1.00000 
505.07300 1.00000 
505.39001 1.00000 
504.83499 1.00000 
504.82599 1.00000 
504.81400 1.00000 
504.75101 1.00000 
504.62799 1.00000 
504.34201 1.00000 
504.14999 1.00000 
503.95999 1.00000 
503.68100 1.00000 
503.39801 1.00000 
503.50500 1.00000 
504.13501 1.00000 
503.59799 1.00000 
0.00000 0.00000 
0.00000 0.00000 
0.00000 0.00000 
0.00000 0.00000 
393.73401 1.00000 
396.56601 1.00000 
397.64801 1.00000 
398.64301 1.00000 
401.05399 1.00000 
402.96600 1.00000 
402.66800 1.00000 
401.04199 1.00000 
400.76001 1.00000 
401.35599 1.00000 
401.97501 1.00000 
401.62799 1.00000 
400.73199 1.00000 
400.39801 1.00000 
400.49100 1.00000 
400.56900 1.00000 
399.91800 1.00000 
399.12399 1.00000 
398.51401 1.00000 
397.35400 1.00000 
396.04401 1.00000 
394.86600 1.00000 
393.57199 1.00000 
392.53900 1.00000 
391.72800 1.00000 
391.33301 1.00000 
391.03400 1.00000 
390.79700 1.00000 
391.05099 1.00000 
391.39001 1.00000 
391.93399 1.00000 
392.89001 1.00000 
394.17401 1.00000 
395.56900 1.00000 
395.62601 1.00000 
397.54300 1.00000 
398.42499 1.00000 
398.38901 1.00000 
398.47800 1.00000 
398.89401 1.00000 
399.26501 1.00000 
399.47800 1.00000 
399.69901 1.00000 
399.81601 1.00000 
399.87799 1.00000 
399.97699 1.00000 
399.69101 1.00000 
399.59000 1.00000 
399.40302 1.00000 
399.19101 1.00000 
398.89001 1.00000 
398.64200 1.00000 
398.34399 1.00000 
397.78500 1.00000 
396.99600 1.00000 
396.39801 1.00000 
395.82901 1.00000 
395.16299 1.00000 
394.48700 1.00000 
394.10199 1.00000 
393.66599 1.00000 
393.77802 1.00000 
393.95001 1.00000 
393.84299 1.00000 
393.20001 1.00000 
392.78299 1.00000 
393.00500 1.00000 
393.28601 1.00000 
394.09201 1.00000 
394.97501 1.00000 
395.62299 1.00000 
396.41699 1.00000 
397.38599 1.00000 
398.06201 1.00000 
398.67801 1.00000 
398.75400 1.00000 
398.69800 1.00000 
398.82599 1.00000 
398.83701 1.00000 
398.85999 1.00000 
398.73300 1.00000 
398.50101 1.00000 
398.32401 1.00000 
398.29901 1.00000 
398.24600 1.00000 
398.13501 1.00000 
397.95300 1.00000 
397.67300 1.00000 
397.47699 1.00000 
397.19299 1.00000 
396.89200 1.00000 
396.54800 1.00000 
396.08499 1.00000 
395.74799 1.00000 
395.39600 1.00000 
395.07199 1.00000 
394.70499 1.00000 
394.41000 1.00000 
394.30701 1.00000 
394.02100 1.00000 
393.86899 1.00000 
393.67801 1.00000 
393.46201 1.00000 
393.58200 1.00000 
393.53601 1.00000 
393.51099 1.00000 
393.52399 1.00000 
393.56500 1.00000 
393.66901 1.00000 
393.84799 1.00000 
393.91800 1.00000 
394.16901 1.00000 
394.37601 1.00000 
394.45300 1.00000 
394.80899 1.00000 
394.97800 1.00000 
395.18701 1.00000 
395.20499 1.00000 
395.25900 1.00000 
395.64600 1.00000 
395.81900 1.00000 
395.48999 1.00000 
395.13699 1.00000 
394.84900 1.00000 
395.05399 1.00000 
396.77399 1.00000 
397.44699 1.00000 
398.42801 1.00000 
397.05899 1.00000 
395.44501 1.00000 
394.84399 1.00000 
397.50800 1.00000 
402.66901 1.00000 
403.84900 1.00000 
401.47000 1.00000 
0.00000 0.00000 
0.00000 0.00000 
0.00000 0.00000 
0.00000 0.00000 
0.00000 0.00000 
0.00000 0.00000 
0.00000 0.00000 
0.00000 0.00000 
593.50598 1.00000 
592.29303 1.00000 
590.27399 1.00000 
588.51398 1.00000 
585.94800 1.00000 
583.72198 1.00000 
581.66602 1.00000 
579.64600 1.00000 
578.80298 1.00000 
578.58899 1.00000 
579.53400 1.00000 
579.98700 1.00000 
581.64502 1.00000 
582.57397 1.00000 
583.96399 1.00000 
585.53998 1.00000 
587.36298 1.00000 
588.94702 1.00000 
591.30701 1.00000 
593.75299 1.00000 
595.88702 1.00000 
598.10901 1.00000 
600.46600 1.00000 
602.44702 1.00000 
602.01703 1.00000 
602.03699 1.00000 
602.08398 1.00000 
601.49799 1.00000 
600.54602 1.00000 
600.22601 1.00000 
599.96198 1.00000 
599.84802 1.00000 
599.33698 1.00000 
599.37000 1.00000 
598.59497 1.00000 
597.73499 1.00000 
596.71301 1.00000 
595.24597 1.00000 
594.09900 1.00000 
592.97198 1.00000 
592.02600 1.00000 
591.06403 1.00000 
589.99902 1.00000 
589.39600 1.00000 
588.86401 1.00000 
589.32898 1.00000 
589.51898 1.00000 
590.07300 1.00000 
590.21399 1.00000 
590.75000 1.00000 
591.61298 1.00000 
592.15900 1.00000 
592.91998 1.00000 
593.91302 1.00000 
593.60400 1.00000 
593.37201 1.00000 
594.17200 1.00000 
594.05402 1.00000 
594.50897 1.00000 
594.51202 1.00000 
595.38300 1.00000 
596.54102 1.00000 
595.54901 1.00000 
598.10101 1.00000 
611.10400 1.00000 
611.75897 1.00000 
601.60400 1.00000 
629.79102 1.00000 
661.12201 1.00000 
666.95801 1.00000 
669.87097 1.00000 
672.81897 1.00000 
672.52802 1.00000 
674.71100 1.00000 
672.31500 1.00000 
672.07501 1.00000 
670.34497 1.00000 
669.89203 1.00000 
670.31702 1.00000 
668.87903 1.00000 
670.55798 1.00000 
668.91498 1.00000 
669.86200 1.00000 
670.05603 1.00000 
669.08301 1.00000 
670.37201 1.00000 
668.72998 1.00000 
670.01398 1.00000 
669.42102 1.00000 
669.60199 1.00000 
670.70801 1.00000 
670.01801 1.00000 
671.52301 1.00000 
671.54797 1.00000 
672.15503 1.00000 
672.90399 1.00000 
671.90601 1.00000 
673.34302 1.00000 
672.35400 1.00000 
673.57098 1.00000 
673.33398 1.00000 
672.95898 1.00000 
674.06598 1.00000 
672.85602 1.00000 
674.31702 1.00000 
672.57800 1.00000 
673.65399 1.00000 
673.07800 1.00000 
673.09601 1.00000 
673.67297 1.00000 
672.58600 1.00000 
673.66101 1.00000 
672.62201 1.00000 
673.36499 1.00000 
672.70898 1.00000 
672.69397 1.00000 
672.99799 1.00000 
671.98102 1.00000 
673.13202 1.00000 
672.43500 1.00000 
673.01001 1.00000 
672.85498 1.00000 
672.50299 1.00000 
673.79700 1.00000 
672.86102 1.00000 
673.85400 1.00000 
672.74597 1.00000 
673.69800 1.00000 
673.66699 1.00000 
671.18103 1.00000 
667.60400 1.00000 
663.16998 1.00000 
669.30499 1.00000 
661.95502 1.00000 
597.00702 1.00000 
597.77802 1.00000 
597.86298 1.00000 
596.96899 1.00000 
595.95801 1.00000 
593.77502 1.00000 
591.50299 1.00000 
590.17902 1.00000 
588.07703 1.00000 
585.55701 1.00000 
585.03900 1.00000 
585.16901 1.00000 
584.91699 1.00000 
585.21301 1.00000 
585.45898 1.00000 
586.37097 1.00000 
588.13098 1.00000 
589.78900 1.00000 
592.01099 1.00000 
594.89801 1.00000 
598.08600 1.00000 
600.54498 1.00000 
600.39801 1.00000 
600.75800 1.00000 
602.88397 1.00000 
604.58899 1.00000 
605.32898 1.00000 
605.96198 1.00000 
606.44800 1.00000 
606.70203 1.00000 
607.17700 1.00000 
607.02002 1.00000 
605.37000 1.00000 
603.02899 1.00000 
601.22101 1.00000 
599.39899 1.00000 
598.47198 1.00000 
597.32300 1.00000 
595.91498 1.00000 
593.13800 1.00000 
590.53003 1.00000 
587.63702 1.00000 
585.16602 1.00000 
584.36200 1.00000 
584.88599 1.00000 
584.24597 1.00000 
583.42798 1.00000 
583.22302 1.00000 
584.09601 1.00000 
584.77301 1.00000 
585.40698 1.00000 
586.41901 1.00000 
587.50098 1.00000 
588.84003 1.00000 
590.03400 1.00000 
591.09302 1.00000 
593.03998 1.00000 
596.40198 1.00000 
596.58301 1.00000 
596.30603 1.00000 
594.89398 1.00000 
595.66699 1.00000 
596.88702 1.00000 
596.52802 1.00000 
594.69800 1.00000 
593.90601 1.00000 
592.50702 1.00000 
590.92700 1.00000 
583.26202 1.00000 
554.79102 1.00000 
542.09399 1.00000 
540.06201 1.00000 
535.71802 1.00000 
536.59601 1.00000 
541.26898 1.00000 
535.01703 1.00000 
530.64001 1.00000 
531.44501 1.00000 
532.18298 1.00000 
532.20697 1.00000 
532.30603 1.00000 
531.98700 1.00000 
531.63397 1.00000 
531.20697 1.00000 
531.45099 1.00000 
531.13898 1.00000 
530.94598 1.00000 
530.87097 1.00000 
530.55701 1.00000 
530.52100 1.00000 
530.43597 1.00000 
530.37201 1.00000 
530.46698 1.00000 
530.82098 1.00000 
531.18103 1.00000 
531.53601 1.00000 
531.82599 1.00000 
532.58801 1.00000 
533.12000 1.00000 
533.79199 1.00000 
534.47198 1.00000 
535.02301 1.00000 
535.70502 1.00000 
536.46802 1.00000 
536.99597 1.00000 
537.46997 1.00000 
537.58899 1.00000 
537.55798 1.00000 
537.38300 1.00000 
537.04401 1.00000 
536.72699 1.00000 
536.45502 1.00000 
536.25500 1.00000 
536.01501 1.00000 
535.74103 1.00000 
535.46503 1.00000 
535.27197 1.00000 
535.13501 1.00000 
535.08899 1.00000 
534.81702 1.00000 
534.98602 1.00000 
534.82001 1.00000 
535.06897 1.00000 
534.94000 1.00000 
534.79901 1.00000 
534.91998 1.00000 
535.14398 1.00000 
535.00403 1.00000 
535.13397 1.00000 
535.16699 1.00000 
535.25403 1.00000 
535.40503 1.00000 
535.30298 1.00000 
535.34497 1.00000 
535.14600 1.00000 
535.16803 1.00000 
535.25299 1.00000 
535.37201 1.00000 
535.26202 1.00000 
535.38098 1.00000 
535.49103 1.00000 
535.48999 1.00000 
535.51599 1.00000 
535.66699 1.00000 
535.60303 1.00000 
535.46698 1.00000 
535.12097 1.00000 
534.38898 1.00000 
532.46997 1.00000 
529.29901 1.00000 
531.59198 1.00000 
527.52002 1.00000 
0.00000 0.00000 
0.00000 0.00000 
0.00000 0.00000 
0.00000 0.00000 
532.46899 1.00000 
531.20898 1.00000 
531.79797 1.00000 
532.97400 1.00000 
534.93298 1.00000 
536.16901 1.00000 
536.32703 1.00000 
535.89203 1.00000 
536.32703 1.00000 
536.49701 1.00000 
535.46100 1.00000 
535.88501 1.00000 
535.94098 1.00000 
536.02100 1.00000 
535.46698 1.00000 
534.62201 1.00000 
533.06799 1.00000 
531.16901 1.00000 
529.47601 1.00000 
526.50201 1.00000 
521.94202 1.00000 
515.75299 1.00000 
509.92401 1.00000 
505.63101 1.00000 
507.47000 1.00000 
507.79501 1.00000 
507.43799 1.00000 
508.70801 1.00000 
509.43701 1.00000 
508.73499 1.00000 
509.73099 1.00000 
509.84000 1.00000 
508.95599 1.00000 
509.17099 1.00000 
509.56299 1.00000 
509.05099 1.00000 
509.01599 1.00000 
508.51001 1.00000 
507.32999 1.00000 
506.96201 1.00000 
506.76801 1.00000 
505.57999 1.00000 
504.67001 1.00000 
503.75101 1.00000 
502.95801 1.00000 
502.73599 1.00000 
502.04199 1.00000 
501.38199 1.00000 
501.15100 1.00000 
500.59900 1.00000 
500.57599 1.00000 
500.32999 1.00000 
500.42999 1.00000 
501.05899 1.00000 
501.36700 1.00000 
501.93600 1.00000 
502.12799 1.00000 
503.02399 1.00000 
504.33200 1.00000 
505.74600 1.00000 
506.55200 1.00000 
507.57001 1.00000 
508.36801 1.00000 
508.65900 1.00000 
508.96701 1.00000 
509.17499 1.00000 
509.34201 1.00000 
509.64401 1.00000 
509.92801 1.00000 
509.79999 1.00000 
509.18399 1.00000 
508.59399 1.00000 
507.57401 1.00000 
506.19101 1.00000 
504.54001 1.00000 
503.37500 1.00000 
502.20099 1.00000 
501.69699 1.00000 
500.66800 1.00000 
499.83099 1.00000 
498.39301 1.00000 
497.85101 1.00000 
497.32901 1.00000 
497.52701 1.00000 
497.70499 1.00000 
497.66199 1.00000 
498.24200 1.00000 
498.73300 1.00000 
499.51999 1.00000 
499.65302 1.00000 
500.08701 1.00000 
500.53000 1.00000 
501.79099 1.00000 
503.31201 1.00000 
504.54199 1.00000 
505.49399 1.00000 
506.28500 1.00000 
507.37701 1.00000 
508.26999 1.00000 
508.35101 1.00000 
508.13800 1.00000 
507.78201 1.00000 
507.50000 1.00000 
507.43799 1.00000 
506.88501 1.00000 
506.33200 1.00000 
505.40701 1.00000 
504.57800 1.00000 
503.34900 1.00000 
502.24301 1.00000 
501.28699 1.00000 
500.63000 1.00000 
500.28101 1.00000 
499.87399 1.00000 
499.82901 1.00000 
499.50500 1.00000 
499.20499 1.00000 
498.63400 1.00000 
498.60101 1.00000 
498.52701 1.00000 
498.58301 1.00000 
498.89999 1.00000 
499.11801 1.00000 
499.56900 1.00000 
499.78299 1.00000 
500.38599 1.00000 
500.88400 1.00000 
501.37500 1.00000 
501.83899 1.00000 
501.94000 1.00000 
502.55200 1.00000 
502.63501 1.00000 
503.15100 1.00000 
503.62399 1.00000 
503.92401 1.00000 
504.08499 1.00000 
504.54401 1.00000 
504.71799 1.00000 
504.87100 1.00000 
505.10400 1.00000 
505.42401 1.00000 
505.84698 1.00000 
505.84900 1.00000 
505.84799 1.00000 
506.22601 1.00000 
506.02200 1.00000 
505.93100 1.00000 
506.04501 1.00000 
507.38599 1.00000 
508.73199 1.00000 
508.18201 1.00000 
0.00000 0.00000 
0.00000 0.00000 
0.00000 0.00000 
397.08899 1.00000 
398.03601 1.00000 
399.44699 1.00000 
401.64001 1.00000 
402.04401 1.00000 
403.15500 1.00000 
402.56699 1.00000 
402.07501 1.00000 
401.67401 1.00000 
401.45401 1.00000 
400.82199 1.00000 
400.13199 1.00000 
399.46201 1.00000 
398.78000 1.00000 
397.99701 1.00000 
397.10300 1.00000 
395.96899 1.00000 
394.70901 1.00000 
393.62201 1.00000 
392.37799 1.00000 
391.01801 1.00000 
389.55600 1.00000 
389.69501 1.00000 
390.21899 1.00000 
389.78201 1.00000 
390.08301 1.00000 
390.45499 1.00000 
390.61401 1.00000 
391.57501 1.00000 
392.98099 1.00000 
394.35199 1.00000 
395.84000 1.00000 
397.14200 1.00000 
398.16501 1.00000 
399.59900 1.00000 
400.66501 1.00000 
400.55301 1.00000 
400.21701 1.00000 
400.29199 1.00000 
400.46899 1.00000 
400.48001 1.00000 
400.17401 1.00000 
399.75201 1.00000 
399.43301 1.00000 
399.42401 1.00000 
399.20099 1.00000 
398.64999 1.00000 
397.97501 1.00000 
397.24701 1.00000 
396.20401 1.00000 
395.16699 1.00000 
394.21899 1.00000 
393.14499 1.00000 
392.48499 1.00000 
391.75900 1.00000 
391.34000 1.00000 
391.06699 1.00000 
391.58801 1.00000 
390.86099 1.00000 
390.50900 1.00000 
390.56299 1.00000 
390.87799 1.00000 
391.35501 1.00000 
391.89301 1.00000 
392.70599 1.00000 
394.04700 1.00000 
395.64700 1.00000 
397.19501 1.00000 
398.39401 1.00000 
399.47299 1.00000 
400.63300 1.00000 
400.60101 1.00000 
400.01999 1.00000 
399.93799 1.00000 
400.02701 1.00000 
400.02802 1.00000 
399.98999 1.00000 
399.99100 1.00000 
399.86499 1.00000 
399.61099 1.00000 
399.38901 1.00000 
399.03201 1.00000 
398.57401 1.00000 
398.00201 1.00000 
397.37500 1.00000 
396.82700 1.00000 
396.10901 1.00000 
395.14001 1.00000 
394.31000 1.00000 
393.63000 1.00000 
393.16199 1.00000 
392.76901 1.00000 
392.41901 1.00000 
392.06201 1.00000 
392.13901 1.00000 
392.02701 1.00000 
391.77499 1.00000 
391.90799 1.00000 
392.31100 1.00000 
393.15399 1.00000 
394.12299 1.00000 
395.20801 1.00000 
396.39801 1.00000 
397.58099 1.00000 
398.31201 1.00000 
398.95801 1.00000 
399.15302 1.00000 
399.13901 1.00000 
399.23199 1.00000 
399.59000 1.00000 
399.47400 1.00000 
399.53500 1.00000 
399.46799 1.00000 
399.59299 1.00000 
399.45599 1.00000 
399.29501 1.00000 
399.15100 1.00000 
399.13901 1.00000 
398.94601 1.00000 
398.78500 1.00000 
398.49301 1.00000 
398.44501 1.00000 
398.12299 1.00000 
397.81699 1.00000 
397.60300 1.00000 
397.27701 1.00000 
397.01599 1.00000 
396.78400 1.00000 
396.58301 1.00000 
396.32700 1.00000 
396.12399 1.00000 
396.10400 1.00000 
395.98401 1.00000 
395.97800 1.00000 
395.88300 1.00000 
395.82300 1.00000 
395.86801 1.00000 
395.83099 1.00000 
395.90201 1.00000 
396.02200 1.00000 
396.12799 1.00000 
396.30099 1.00000 
396.53699 1.00000 
396.84900 1.00000 
397.14801 1.00000 
397.42700 1.00000 
397.74100 1.00000 
398.07001 1.00000 
399.23801 1.00000 
398.77200 1.00000 
397.99200 1.00000 
397.05499 1.00000 
398.14600 1.00000 
398.04001 1.00000 
399.21701 1.00000 
399.57101 1.00000 
399.44199 1.00000 
398.72198 1.00000 
398.26199 1.00000 
398.58099 1.00000 
399.24500 1.00000 
399.22601 1.00000 
399.10999 1.00000 
398.82901 1.00000 
397.76700 1.00000 
397.07700 1.00000 
396.67001 1.00000 
396.50900 1.00000 
395.32901 1.00000 
394.20300 1.00000 
393.34698 1.00000 
392.67700 1.00000 
392.29001 1.00000 
391.88901 1.00000 
391.33499 1.00000 
391.09900 1.00000 
391.28101 1.00000 
391.57101 1.00000 
392.09201 1.00000 
392.72699 1.00000 
393.64801 1.00000 
394.54501 1.00000 
395.35400 1.00000 
396.08701 1.00000 
396.97198 1.00000 
397.67099 1.00000 
398.11801 1.00000 
398.18201 1.00000 
398.06201 1.00000 
398.20700 1.00000 
398.54300 1.00000 
399.01999 1.00000 
399.17099 1.00000 
399.18399 1.00000 
399.14401 1.00000 
398.97198 1.00000 
398.83099 1.00000 
398.53000 1.00000 
398.11899 1.00000 
397.66101 1.00000 
397.11700 1.00000 
396.49399 1.00000 
395.79401 1.00000 
395.12399 1.00000 
394.49200 1.00000 
393.72800 1.00000 
393.24899 1.00000 
393.23999 1.00000 
393.02802 1.00000 
393.08301 1.00000 
392.39600 1.00000 
391.92801 1.00000 
391.79999 1.00000 
391.79199 1.00000 
392.11899 1.00000 
392.50500 1.00000 
393.32999 1.00000 
394.26700 1.00000 
395.46100 1.00000 
396.62100 1.00000 
397.73901 1.00000 
399.11301 1.00000 
400.53500 1.00000 
401.15399 1.00000 
400.49399 1.00000 
399.86401 1.00000 
399.60800 1.00000 
399.58099 1.00000 
399.67300 1.00000 
399.52600 1.00000 
399.24600 1.00000 
399.01700 1.00000 
398.56000 1.00000 
398.11401 1.00000 
397.55099 1.00000 
397.03101 1.00000 
396.55701 1.00000 
395.67700 1.00000 
394.57999 1.00000 
393.65500 1.00000 
392.85199 1.00000 
392.12900 1.00000 
392.24500 1.00000 
391.93799 1.00000 
392.58899 1.00000 
392.36301 1.00000 
392.20901 1.00000 
392.29300 1.00000 
392.26401 1.00000 
392.21799 1.00000 
392.13901 1.00000 
392.25900 1.00000 
392.82999 1.00000 
393.34900 1.00000 
394.17899 1.00000 
395.13400 1.00000 
396.27499 1.00000 
397.32800 1.00000 
398.39801 1.00000 
399.47101 1.00000 
399.75400 1.00000 
398.76001 1.00000 
397.91000 1.00000 
397.20001 1.00000 
396.70001 1.00000 
396.37201 1.00000 
396.35599 1.00000 
396.40601 1.00000 
396.00400 1.00000 
395.20999 1.00000 
394.52301 1.00000 
393.47299 1.00000 
392.52701 1.00000 
391.74301 1.00000 
391.00101 1.00000 
390.35400 1.00000 
390.29401 1.00000 
390.41400 1.00000 
390.54001 1.00000 
390.73099 1.00000 
390.84299 1.00000 
390.91599 1.00000 
391.14001 1.00000 
391.64401 1.00000 
392.38800 1.00000 
393.42001 1.00000 
394.54001 1.00000 
395.97501 1.00000 
397.11401 1.00000 
397.81400 1.00000 
398.22601 1.00000 
397.21600 1.00000 
395.46301 1.00000 
393.69199 1.00000 
393.22900 1.00000 
396.65399 1.00000 
395.49100 1.00000 
393.82401 1.00000 
393.33301 1.00000 
395.09100 1.00000 
398.58301 1.00000 
396.88000 1.00000 
395.94800 1.00000 
384.62900 1.00000 
383.86099 1.00000 
374.68701 1.00000 
0.00000 0.00000 
0.00000 0.00000 
0.00000 0.00000 
0.00000 0.00000 
0.00000 0.00000 
0.00000 0.00000 
0.00000 0.00000 
0.00000 0.00000 
0.00000 0.00000 
295.99899 1.00000 
295.23001 1.00000 
295.93100 1.00000 
296.44000 1.00000 
295.62299 1.00000 
296.17599 1.00000 
294.51001 1.00000 
295.30200 1.00000 
294.17001 1.00000 
296.31601 1.00000 
294.60400 1.00000 
296.58701 1.00000 
294.82501 1.00000 
296.04599 1.00000 
293.86899 1.00000 
295.23499 1.00000 
293.49200 1.00000 
294.62500 1.00000 
293.08401 1.00000 
294.65302 1.00000 
293.70700 1.00000 
294.68600 1.00000 
293.67999 1.00000 
294.36600 1.00000 
293.94901 1.00000 
294.62701 1.00000 
294.06601 1.00000 
294.52899 1.00000 
294.22101 1.00000 
294.53799 1.00000 
294.26801 1.00000 
294.57901 1.00000 
294.55701 1.00000 
294.58600 1.00000 
294.58200 1.00000 
294.61700 1.00000 
294.56400 1.00000 
294.64099 1.00000 
294.63101 1.00000 
294.47601 1.00000 
294.39899 1.00000 
294.53000 1.00000 
294.41299 1.00000 
294.42001 1.00000 
294.38599 1.00000 
294.36801 1.00000 
294.41101 1.00000 
294.57101 1.00000 
294.61200 1.00000 
294.51501 1.00000 
294.66599 1.00000 
294.55801 1.00000 
294.70300 1.00000 
294.61499 1.00000 
294.68399 1.00000 
294.59698 1.00000 
294.56799 1.00000 
294.59500 1.00000 
294.76501 1.00000 
294.62601 1.00000 
294.67599 1.00000 
294.60400 1.00000 
294.82101 1.00000 
294.65399 1.00000 
294.67300 1.00000 
294.67801 1.00000 
294.66101 1.00000 
294.66599 1.00000 
294.69299 1.00000 
294.73901 1.00000 
294.67099 1.00000 
294.58499 1.00000 
294.61899 1.00000 
294.61401 1.00000 
294.75900 1.00000 
294.70001 1.00000 
294.76700 1.00000 
294.80301 1.00000 
294.75699 1.00000 
294.64700 1.00000 
294.82101 1.00000 
294.75699 1.00000 
294.78299 1.00000 
294.81201 1.00000 
294.74600 1.00000 
294.82401 1.00000 
294.82199 1.00000 
294.73599 1.00000 
294.86801 1.00000 
294.75500 1.00000 
294.77301 1.00000 
294.82001 1.00000 
294.92499 1.00000 
294.90601 1.00000 
294.88000 1.00000 
294.84299 1.00000 
294.76099 1.00000 
294.84399 1.00000 
294.67001 1.00000 
294.66199 1.00000 
294.71100 1.00000 
294.73801 1.00000 
294.62900 1.00000 
294.81400 1.00000 
294.72198 1.00000 
294.77301 1.00000 
294.67999 1.00000 
294.82401 1.00000 
294.70499 1.00000 
294.66599 1.00000 
294.73001 1.00000 
294.79800 1.00000 
294.72699 1.00000 
294.68301 1.00000 
294.66299 1.00000 
294.74799 1.00000 
294.54001 1.00000 
294.75400 1.00000 
294.59601 1.00000 
294.71301 1.00000 
294.69800 1.00000 
294.51401 1.00000 
294.64801 1.00000 
294.68600 1.00000 
294.64301 1.00000 
294.62900 1.00000 
294.63400 1.00000 
294.42200 1.00000 
294.68100 1.00000 
294.70001 1.00000 
294.77499 1.00000 
294.72198 1.00000 
294.72299 1.00000 
294.60800 1.00000 
294.85001 1.00000 
293.83899 1.00000 
295.93799 1.00000 
300.01300 1.00000 
300.30899 1.00000 
295.59601 1.00000 
297.44501 1.00000 
303.44601 1.00000 
0.00000 0.00000 
0.00000 0.00000 
0.00000 0.00000 
397.69000 1.00000 
401.02100 1.00000 
404.24500 1.00000 
408.17401 1.00000 
408.45901 1.00000 
405.39899 1.00000 
403.86301 1.00000 
402.62299 1.00000 
401.45499 1.00000 
400.33701 1.00000 
399.44199 1.00000 
398.88599 1.00000 
398.90601 1.00000 
399.05701 1.00000 
400.08899 1.00000 
401.23999 1.00000 
402.13501 1.00000 
403.27301 1.00000 
403.94101 1.00000 
404.29800 1.00000 
404.10599 1.00000 
403.62299 1.00000 
402.67001 1.00000 
401.20001 1.00000 
399.90799 1.00000 
398.76001 1.00000 
398.10001 1.00000 
397.92001 1.00000 
397.89801 1.00000 
398.02200 1.00000 
397.81900 1.00000 
0.00000 0.00000 
0.00000 0.00000 
397.25800 1.00000 
397.49100 1.00000 
398.01901 1.00000 
399.48300 1.00000 
400.85300 1.00000 
401.87100 1.00000 
401.57101 1.00000 
401.41901 1.00000 
401.53000 1.00000 
401.83301 1.00000 
401.81601 1.00000 
401.62000 1.00000 
401.09100 1.00000 
400.85400 1.00000 
400.29901 1.00000 
399.69101 1.00000 
399.50299 1.00000 
398.90601 1.00000 
398.78201 1.00000 
398.93900 1.00000 
399.45901 1.00000 
400.26999 1.00000 
400.70200 1.00000 
401.28900 1.00000 
401.14301 1.00000 
401.18100 1.00000 
400.48801 1.00000 
400.11700 1.00000 
399.82401 1.00000 
399.27399 1.00000 
399.23999 1.00000 
399.00900 1.00000 
399.20999 1.00000 
400.09601 1.00000 
399.73401 1.00000 
399.38501 1.00000 
399.76199 1.00000 
400.52802 1.00000 
400.45801 1.00000 
399.77301 1.00000 
399.11200 1.00000 
398.93301 1.00000 
398.91800 1.00000 
399.01099 1.00000 
398.74500 1.00000 
398.58401 1.00000 
398.46701 1.00000 
398.55399 1.00000 
398.65302 1.00000 
398.74100 1.00000 
398.59601 1.00000 
398.59900 1.00000 
398.28201 1.00000 
398.11600 1.00000 
397.94501 1.00000 
397.81201 1.00000 
397.36099 1.00000 
396.92200 1.00000 
396.63400 1.00000 
396.51099 1.00000 
396.34000 1.00000 
396.18701 1.00000 
395.94000 1.00000 
395.72400 1.00000 
395.73401 1.00000 
395.48001 1.00000 
395.46899 1.00000 
395.50000 1.00000 
395.96600 1.00000 
396.17200 1.00000 
396.26001 1.00000 
396.31100 1.00000 
396.55801 1.00000 
396.76700 1.00000 
396.88199 1.00000 
396.94299 1.00000 
397.12000 1.00000 
397.27399 1.00000 
397.23199 1.00000 
397.35699 1.00000 
397.42599 1.00000 
397.70200 1.00000 
397.86499 1.00000 
398.15201 1.00000 
398.26099 1.00000 
398.20401 1.00000 
398.30200 1.00000 
398.56601 1.00000 
398.69699 1.00000 
398.32700 1.00000 
397.94000 1.00000 
397.46899 1.00000 
396.90900 1.00000 
396.62201 1.00000 
396.10300 1.00000 
395.62799 1.00000 
395.25000 1.00000 
394.73199 1.00000 
394.32300 1.00000 
394.24701 1.00000 
394.02600 1.00000 
394.01801 1.00000 
393.59799 1.00000 
393.35699 1.00000 
393.16000 1.00000 
393.22900 1.00000 
393.21201 1.00000 
393.27301 1.00000 
393.44101 1.00000 
393.84799 1.00000 
394.31400 1.00000 
394.93701 1.00000 
395.18900 1.00000 
395.63599 1.00000 
395.93900 1.00000 
396.14200 1.00000 
396.36700 1.00000 
396.72000 1.00000 
397.39801 1.00000 
397.71201 1.00000 
397.89600 1.00000 
398.27301 1.00000 
398.49600 1.00000 
398.57401 1.00000 
398.51199 1.00000 
398.49399 1.00000 
398.54001 1.00000 
398.57001 1.00000 
398.01300 1.00000 
397.66800 1.00000 
397.61700 1.00000 
397.11200 1.00000 
396.73001 1.00000 
396.32599 1.00000 
396.03601 1.00000 
395.76501 1.00000 
395.36801 1.00000 
395.11499 1.00000 
394.93399 1.00000 
394.74799 1.00000 
394.84799 1.00000 
394.68701 1.00000 
394.59299 1.00000 
394.31400 1.00000 
394.53799 1.00000 
394.39301 1.00000 
394.13699 1.00000 
394.41800 1.00000 
394.40799 1.00000 
394.68301 1.00000 
394.82999 1.00000 
395.10501 1.00000 
395.30099 1.00000 
395.36301 1.00000 
395.72601 1.00000 
396.06900 1.00000 
396.29199 1.00000 
396.57199 1.00000 
396.91101 1.00000 
397.36499 1.00000 
397.66501 1.00000 
397.69000 1.00000 
397.63501 1.00000 
397.77301 1.00000 
398.09100 1.00000 
398.10699 1.00000 
397.79300 1.00000 
397.68301 1.00000 
397.14401 1.00000 
396.81201 1.00000 
396.35699 1.00000 
396.10001 1.00000 
395.87000 1.00000 
395.69101 1.00000 
395.74701 1.00000 
395.64999 1.00000 
395.34100 1.00000 
395.22198 1.00000 
394.70999 1.00000 
394.64401 1.00000 
394.74399 1.00000 
394.52301 1.00000 
394.27100 1.00000 
394.06201 1.00000 
393.87500 1.00000 
394.05801 1.00000 
393.85001 1.00000 
393.87201 1.00000 
394.48099 1.00000 
394.60300 1.00000 
394.13599 1.00000 
394.52802 1.00000 
394.75000 1.00000 
394.68399 1.00000 
395.35101 1.00000 
395.76501 1.00000 
395.90701 1.00000 
396.49500 1.00000 
396.61801 1.00000 
397.03201 1.00000 
397.75900 1.00000 
397.59500 1.00000 
397.55499 1.00000 
397.28500 1.00000 
397.19601 1.00000 
397.09299 1.00000 
396.89001 1.00000 
396.72198 1.00000 
396.18201 1.00000 
395.82401 1.00000 
395.74799 1.00000 
395.63800 1.00000 
395.37100 1.00000 
395.25699 1.00000 
395.22198 1.00000 
395.03500 1.00000 
394.85999 1.00000 
394.92599 1.00000 
394.51099 1.00000 
394.47101 1.00000 
394.46399 1.00000 
394.37601 1.00000 
394.39700 1.00000 
394.52701 1.00000 
393.96301 1.00000 
394.13501 1.00000 
393.96201 1.00000 
394.27802 1.00000 
394.44501 1.00000 
394.72501 1.00000 
394.92001 1.00000 
395.20099 1.00000 
395.95901 1.00000 
396.44501 1.00000 
396.73901 1.00000 
397.09799 1.00000 
397.62799 1.00000 
397.75500 1.00000 
398.09900 1.00000 
398.42401 1.00000 
398.47101 1.00000 
398.94601 1.00000 
398.87701 1.00000 
398.77600 1.00000 
398.77899 1.00000 
398.90399 1.00000 
399.71701 1.00000 
399.15302 1.00000 
396.35699 1.00000 
394.98300 1.00000 
392.58899 1.00000 
391.18500 1.00000 
390.74100 1.00000 
390.96701 1.00000 
390.68799 1.00000 
392.58499 1.00000 
392.10901 1.00000 
391.79800 1.00000 
391.24701 1.00000 
391.46500 1.00000 
391.72198 1.00000 
391.90900 1.00000 
392.01199 1.00000 
391.84100 1.00000 
391.75900 1.00000 
391.88800 1.00000 
392.26801 1.00000 
392.72900 1.00000 
393.65302 1.00000 
394.27100 1.00000 
394.69000 1.00000 
394.93100 1.00000 
396.23999 1.00000 
397.07101 1.00000 
397.51001 1.00000 
397.82199 1.00000 
398.38599 1.00000 
398.43701 1.00000 
398.62000 1.00000 
398.53601 1.00000 
398.51099 1.00000 
398.53900 1.00000 
398.48700 1.00000 
398.23901 1.00000 
397.92200 1.00000 
397.47101 1.00000 
397.30200 1.00000 
397.09100 1.00000 
396.61499 1.00000 
396.26700 1.00000 
396.06799 1.00000 
395.44601 1.00000 
394.96701 1.00000 
394.27802 1.00000 
393.62000 1.00000 
392.74899 1.00000 
392.37000 1.00000 
391.88199 1.00000 
391.78601 1.00000 
391.97101 1.00000 
392.06900 1.00000 
392.16299 1.00000 
392.15100 1.00000 
392.46701 1.00000 
393.00800 1.00000 
393.42099 1.00000 
394.00101 1.00000 
395.19699 1.00000 
396.34299 1.00000 
397.78400 1.00000 
399.34500 1.00000 
399.81299 1.00000 
399.21100 1.00000 
398.88400 1.00000 
398.93100 1.00000 
398.73599 1.00000 
398.12100 1.00000 
398.01501 1.00000 
397.94901 1.00000 
397.54999 1.00000 
396.89099 1.00000 
396.77802 1.00000 
396.37299 1.00000 
396.34399 1.00000 
395.81400 1.00000 
395.33801 1.00000 
394.87299 1.00000 
394.69000 1.00000 
393.94199 1.00000 
393.59698 1.00000 
392.77200 1.00000 
391.85901 1.00000 
391.51700 1.00000 
391.14999 1.00000 
391.69901 1.00000 
391.28900 1.00000 
391.23901 1.00000 
391.63699 1.00000 
391.82501 1.00000 
392.39001 1.00000 
392.74799 1.00000 
393.50900 1.00000 
394.17001 1.00000 
394.79099 1.00000 
395.79401 1.00000 
397.54001 1.00000 
399.23801 1.00000 
399.82800 1.00000 
400.04300 1.00000 
399.89801 1.00000 
399.15302 1.00000 
398.96600 1.00000 
398.76300 1.00000 
398.51999 1.00000 
398.21100 1.00000 
398.04999 1.00000 
397.89200 1.00000 
397.63599 1.00000 
396.85599 1.00000 
396.46899 1.00000 
395.86200 1.00000 
395.76099 1.00000 
395.15900 1.00000 
394.73300 1.00000 
394.25800 1.00000 
393.92300 1.00000 
393.56100 1.00000 
393.17999 1.00000 
393.40701 1.00000 
393.11401 1.00000 
392.10800 1.00000 
392.07999 1.00000 
391.85800 1.00000 
392.23300 1.00000 
392.31900 1.00000 
392.17099 1.00000 
392.42700 1.00000 
392.52899 1.00000 
392.66901 1.00000 
393.15201 1.00000 
393.99500 1.00000 
394.52301 1.00000 
395.57401 1.00000 
396.25500 1.00000 
396.53400 1.00000 
397.28000 1.00000 
397.69501 1.00000 
398.17001 1.00000 
398.54999 1.00000 
398.53000 1.00000 
398.28500 1.00000 
397.74600 1.00000 
398.01599 1.00000 
398.04300 1.00000 
397.92099 1.00000 
398.06799 1.00000 
398.77200 1.00000 
398.67700 1.00000 
398.08401 1.00000 
397.95901 1.00000 
397.60501 1.00000 
398.62399 1.00000 
401.93301 1.00000 
398.52499 1.00000 
395.60999 1.00000 
394.65500 1.00000 
395.94299 1.00000 
398.98801 1.00000 
397.11200 1.00000 
399.90100 1.00000 
392.64001 1.00000 
398.52200 1.00000 
384.66800 1.00000 
393.18399 1.00000 
376.94400 1.00000 
387.18100 1.00000 
379.44400 1.00000 
380.93301 1.00000 
379.87299 1.00000 
382.53000 1.00000 
384.39301 1.00000 
0.00000 0.00000 
0.00000 0.00000 
0.00000 0.00000 
0.00000 0.00000 
0.00000 0.00000 
0.00000 0.00000 
0.00000 0.00000 
0.00000 0.00000 
0.00000 0.00000 
0.00000 0.00000 
310.62299 1.00000 
296.64001 1.00000 
304.57800 1.00000 
295.29199 1.00000 
297.04099 1.00000 
294.41000 1.00000 
296.09399 1.00000 
293.31601 1.00000 
294.23499 1.00000 
292.98199 1.00000 
293.42899 1.00000 
293.07401 1.00000 
292.46500 1.00000 
292.84399 1.00000 
292.28000 1.00000 
293.20200 1.00000 
292.80399 1.00000 
293.68500 1.00000 
292.84399 1.00000 
293.92899 1.00000 
293.64700 1.00000 
294.32101 1.00000 
293.78799 1.00000 
294.27499 1.00000 
293.67700 1.00000 
293.91101 1.00000 
293.25601 1.00000 
293.75101 1.00000 
293.20401 1.00000 
293.52899 1.00000 
293.45801 1.00000 
293.30099 1.00000 
293.29099 1.00000 
293.36200 1.00000 
293.40701 1.00000 
293.38000 1.00000 
293.74301 1.00000 
293.79501 1.00000 
293.73001 1.00000 
293.74600 1.00000 
293.86600 1.00000 
293.86200 1.00000 
294.07999 1.00000 
293.79901 1.00000 
293.87399 1.00000 
293.88101 1.00000 
293.88501 1.00000 
293.75699 1.00000 
293.92801 1.00000 
293.91501 1.00000 
293.97800 1.00000 
294.00000 1.00000 
294.02399 1.00000 
293.93799 1.00000 
294.12299 1.00000 
294.17099 1.00000 
294.06100 1.00000 
293.95901 1.00000 
294.15302 1.00000 
294.20300 1.00000 
294.13000 1.00000 
294.21301 1.00000 
294.20499 1.00000 
294.27600 1.00000 
294.35400 1.00000 
294.30301 1.00000 
294.29599 1.00000 
294.28299 1.00000 
294.16299 1.00000 
294.19800 1.00000 
294.24500 1.00000 
294.30301 1.00000 
294.24301 1.00000 
294.14700 1.00000 
294.27802 1.00000 
294.40601 1.00000 
294.24399 1.00000 
294.20001 1.00000 
294.21201 1.00000 
294.22101 1.00000 
294.19800 1.00000 
294.25900 1.00000 
294.28699 1.00000 
294.47198 1.00000 
294.31699 1.00000 
294.40100 1.00000 
294.13300 1.00000 
294.21399 1.00000 
294.07999 1.00000 
294.01001 1.00000 
294.08701 1.00000 
294.09100 1.00000 
293.95001 1.00000 
293.91901 1.00000 
293.56400 1.00000 
293.37799 1.00000 
293.46799 1.00000 
296.33600 1.00000 
296.14001 1.00000 
297.55899 1.00000 
297.64499 1.00000 
291.44400 1.00000 
296.51401 1.00000 
294.50601 1.00000 
300.17700 1.00000 
302.14301 1.00000 
298.01901 1.00000 
306.12399 1.00000 
322.29901 1.00000 
326.84399 1.00000 
325.13901 1.00000 
328.82300 1.00000 
334.56400 1.00000 
0.00000 0.00000 
0.00000 0.00000 
0.00000 0.00000 
0.00000 0.00000 
0.00000 0.00000 
0.00000 0.00000 
0.00000 0.00000 
0.00000 0.00000 
0.00000 0.00000 
0.00000 0.00000 
0.00000 0.00000 
0.00000 0.00000 
0.00000 0.00000 
0.00000 0.00000 
0.00000 0.00000 
0.00000 0.00000 
0.00000 0.00000 
0.00000 0.00000 
0.00000 0.00000 
545.48700 1.00000 
548.66400 1.00000 
553.96698 1.00000 
557.62402 1.00000 
560.35199 1.00000 
563.40802 1.00000 
566.69702 1.00000 
565.77399 1.00000 
566.47498 1.00000 
564.41998 1.00000 
562.08801 1.00000 
561.18298 1.00000 
560.08099 1.00000 
560.43201 1.00000 
557.36902 1.00000 
562.91199 1.00000 
563.12598 1.00000 
554.68903 1.00000 
548.67999 1.00000 
0.00000 0.00000 
0.00000 0.00000 
0.00000 0.00000 
0.00000 0.00000 
0.00000 0.00000 
0.00000 0.00000 
0.00000 0.00000 
0.00000 0.00000 
0.00000 0.00000 
0.00000 0.00000 
0.00000 0.00000 
0.00000 0.00000 
0.00000 0.00000 
0.00000 0.00000 
0.00000 0.00000 
0.00000 0.00000 
0.00000 0.00000 
0.00000 0.00000 
0.00000 0.00000 
0.00000 0.00000 
0.00000 0.00000 
0.00000 0.00000 
0.00000 0.00000 
0.00000 0.00000 
0.00000 0.00000 
0.00000 0.00000 
0.00000 0.00000 
0.00000 0.00000 
0.00000 0.00000 
0.00000 0.00000 
0.00000 0.00000 
0.00000 0.00000 
0.00000 0.00000 
0.00000 0.00000 
0.00000 0.00000 
0.00000 0.00000 
0.00000 0.00000 
0.00000 0.00000 
0.00000 0.00000 
0.00000 0.00000 
0.00000 0.00000 
0.00000 0.00000 
0.00000 0.00000 
0.00000 0.00000 
0.00000 0.00000 
0.00000 0.00000 
0.00000 0.00000 
0.00000 0.00000 
0.00000 0.00000 
0.00000 0.00000 
392.29099 1.00000 
393.39001 1.00000 
393.73901 1.00000 
393.67700 1.00000 
393.86200 1.00000 
393.78299 1.00000 
393.85501 1.00000 
392.98199 1.00000 
392.82599 1.00000 
392.42099 1.00000 
392.28601 1.00000 
391.95999 1.00000 
392.50101 1.00000 
392.59299 1.00000 
392.70901 1.00000 
392.32401 1.00000 
392.78799 1.00000 
392.81500 1.00000 
393.10199 1.00000 
392.69501 1.00000 
392.88101 1.00000 
392.71399 1.00000 
392.23499 1.00000 
392.62500 1.00000 
392.81799 1.00000 
392.50500 1.00000 
392.22699 1.00000 
391.48001 1.00000 
391.37000 1.00000 
391.29901 1.00000 
390.35901 1.00000 
390.09799 1.00000 
389.54700 1.00000 
388.84000 1.00000 
388.53699 1.00000 
388.42200 1.00000 
388.09698 1.00000 
388.28900 1.00000 
387.86801 1.00000 
387.90302 1.00000 
388.06201 1.00000 
388.45001 1.00000 
388.63699 1.00000 
388.98801 1.00000 
389.35901 1.00000 
390.08099 1.00000 
390.23401 1.00000 
391.24600 1.00000 
392.09500 1.00000 
392.61200 1.00000 
393.10300 1.00000 
393.49799 1.00000 
393.52802 1.00000 
393.26001 1.00000 
393.85400 1.00000 
394.19101 1.00000 
394.45300 1.00000 
394.61899 1.00000 
394.25800 1.00000 
394.06799 1.00000 
393.59100 1.00000 
393.17700 1.00000 
392.62601 1.00000 
391.87799 1.00000 
391.16699 1.00000 
390.01300 1.00000 
389.23001 1.00000 
388.86301 1.00000 
388.64700 1.00000 
388.63901 1.00000 
388.05200 1.00000 
388.11401 1.00000 
388.20700 1.00000 
388.04700 1.00000 
387.96500 1.00000 
387.89401 1.00000 
388.15601 1.00000 
388.14099 1.00000 
388.35699 1.00000 
388.90799 1.00000 
389.46399 1.00000 
389.38599 1.00000 
389.99200 1.00000 
391.13599 1.00000 
392.54599 1.00000 
393.71500 1.00000 
394.39899 1.00000 
394.72198 1.00000 
394.84500 1.00000 
395.09601 1.00000 
395.21301 1.00000 
395.69101 1.00000 
395.85999 1.00000 
396.06299 1.00000 
395.93799 1.00000 
395.76501 1.00000 
395.73599 1.00000 
395.69901 1.00000 
395.50699 1.00000 
395.19800 1.00000 
394.51599 1.00000 
394.04001 1.00000 
393.37799 1.00000 
393.07501 1.00000 
392.75299 1.00000 
392.31900 1.00000 
392.09100 1.00000 
391.73401 1.00000 
391.07101 1.00000 
390.59500 1.00000 
390.11499 1.00000 
389.89600 1.00000 
389.58899 1.00000 
389.32599 1.00000 
389.45999 1.00000 
389.44501 1.00000 
389.87399 1.00000 
390.04901 1.00000 
390.16101 1.00000 
390.25699 1.00000 
391.46399 1.00000 
392.56299 1.00000 
393.55600 1.00000 
394.42200 1.00000 
394.76801 1.00000 
395.11301 1.00000 
395.40900 1.00000 
395.60400 1.00000 
395.90601 1.00000 
396.33499 1.00000 
396.62799 1.00000 
396.50699 1.00000 
396.34601 1.00000 
396.45700 1.00000 
396.18399 1.00000 
395.86401 1.00000 
395.79999 1.00000 
395.13699 1.00000 
395.01300 1.00000 
394.38901 1.00000 
393.47198 1.00000 
392.60300 1.00000 
391.65201 1.00000 
391.03900 1.00000 
390.94901 1.00000 
390.41400 1.00000 
389.76001 1.00000 
389.36600 1.00000 
389.10599 1.00000 
389.61301 1.00000 
389.43799 1.00000 
389.58301 1.00000 
389.56799 1.00000 
390.16000 1.00000 
390.56900 1.00000 
390.96799 1.00000 
391.56100 1.00000 
391.87000 1.00000 
392.28601 1.00000 
393.04199 1.00000 
393.75101 1.00000 
394.04199 1.00000 
394.48901 1.00000 
395.01001 1.00000 
395.42001 1.00000 
395.41400 1.00000 
395.73199 1.00000 
395.76401 1.00000 
395.73300 1.00000 
395.84000 1.00000 
395.80899 1.00000 
395.46799 1.00000 
395.13599 1.00000 
394.65100 1.00000 
394.17499 1.00000 
393.48499 1.00000 
392.98499 1.00000 
392.35300 1.00000 
392.21600 1.00000 
391.98999 1.00000 
391.47800 1.00000 
391.25601 1.00000 
390.97101 1.00000 
390.71100 1.00000 
390.20200 1.00000 
390.04800 1.00000 
389.78101 1.00000 
389.77301 1.00000 
389.56100 1.00000 
389.81201 1.00000 
389.51599 1.00000 
389.89801 1.00000 
389.98001 1.00000 
390.43201 1.00000 
390.66501 1.00000 
390.79800 1.00000 
391.25299 1.00000 
392.34601 1.00000 
393.17200 1.00000 
393.84900 1.00000 
394.46899 1.00000 
394.87900 1.00000 
395.02802 1.00000 
395.42499 1.00000 
395.55301 1.00000 
395.92599 1.00000 
395.95099 1.00000 
395.95499 1.00000 
395.85501 1.00000 
395.44400 1.00000 
395.10501 1.00000 
394.45300 1.00000 
393.97601 1.00000 
393.60300 1.00000 
393.21100 1.00000 
392.60199 1.00000 
392.10300 1.00000 
391.34698 1.00000 
390.93500 1.00000 
390.70599 1.00000 
390.29501 1.00000 
389.92401 1.00000 
389.70499 1.00000 
389.64401 1.00000 
389.69800 1.00000 
389.92599 1.00000 
390.42499 1.00000 
391.37000 1.00000 
392.11600 1.00000 
392.86200 1.00000 
393.75500 1.00000 
394.69601 1.00000 
396.79901 1.00000 
398.54501 1.00000 
402.33600 1.00000 
400.54700 1.00000 
397.95200 1.00000 
397.13199 1.00000 
396.40701 1.00000 
397.13000 1.00000 
397.46500 1.00000 
396.50400 1.00000 
396.60300 1.00000 
395.95999 1.00000 
396.54099 1.00000 
396.25900 1.00000 
396.82401 1.00000 
396.59500 1.00000 
397.44501 1.00000 
396.69901 1.00000 
399.78101 1.00000 
398.54700 1.00000 
398.26999 1.00000 
398.85599 1.00000 
396.84000 1.00000 
397.04199 1.00000 
395.42001 1.00000 
395.28500 1.00000 
393.04599 1.00000 
393.98599 1.00000 
392.35300 1.00000 
392.74701 1.00000 
393.57199 1.00000 
395.80801 1.00000 
395.06400 1.00000 
397.44199 1.00000 
396.49799 1.00000 
399.69199 1.00000 
400.92300 1.00000 
409.16800 1.00000 
0.00000 0.00000 
0.00000 0.00000 
0.00000 0.00000 
0.00000 0.00000 
381.31201 1.00000 
385.32901 1.00000 
382.46201 1.00000 
399.65399 1.00000 
397.10001 1.00000 
397.44299 1.00000 
394.21500 1.00000 
396.22900 1.00000 
397.58801 1.00000 
399.85300 1.00000 
397.74399 1.00000 
398.75400 1.00000 
396.32199 1.00000 
394.40799 1.00000 
397.34299 1.00000 
401.37201 1.00000 
391.93701 1.00000 
391.22601 1.00000 
392.59201 1.00000 
392.08099 1.00000 
393.37500 1.00000 
395.64200 1.00000 
398.89401 1.00000 
399.14499 1.00000 
402.39801 1.00000 
388.97900 1.00000 
378.75500 1.00000 
380.50900 1.00000 
400.86801 1.00000 
399.47000 1.00000 
384.01999 1.00000 
390.09500 1.00000 
389.57800 1.00000 
387.79999 1.00000 
391.98599 1.00000 
382.42499 1.00000 
381.44199 1.00000 
380.47400 1.00000 
391.31900 1.00000 
380.71899 1.00000 
382.79800 1.00000 
0.00000 0.00000 
0.00000 0.00000 
0.00000 0.00000 
0.00000 0.00000 
0.00000 0.00000 
0.00000 0.00000 
0.00000 0.00000 
0.00000 0.00000 
0.00000 0.00000 
0.00000 0.00000 
0.00000 0.00000 
0.00000 0.00000 
0.00000 0.00000 
0.00000 0.00000 
0.00000 0.00000 
0.00000 0.00000 
0.00000 0.00000 
0.00000 0.00000 
0.00000 0.00000 
0.00000 0.00000 
0.00000 0.00000 
0.00000 0.00000 
0.00000 0.00000 
0.00000 0.00000 
0.00000 0.00000 
0.00000 0.00000 
0.00000 0.00000 
0.00000 0.00000 
0.00000 0.00000 
0.00000 0.00000 
0.00000 0.00000 
0.00000 0.00000 
0.00000 0.00000 
0.00000 0.00000 
0.00000 0.00000 
0.00000 0.00000 
0.00000 0.00000 
0.00000 0.00000 
0.00000 0.00000 
0.00000 0.00000 
0.00000 0.00000 
0.00000 0.00000 
0.00000 0.00000 
0.00000 0.00000 
0.00000 0.00000 
0.00000 0.00000 
0.00000 0.00000 
0.00000 0.00000 
0.00000 0.00000 
0.00000 0.00000 
0.00000 0.00000 
0.00000 0.00000 
0.00000 0.00000 
0.00000 0.00000 
0.00000 0.00000 
0.00000 0.00000 
0.00000 0.00000 
0.00000 0.00000 
0.00000 0.00000 
0.00000 0.00000 
0.00000 0.00000 
0.00000 0.00000 
0.00000 0.00000 
0.00000 0.00000 
0.00000 0.00000 
0.00000 0.00000 
0.00000 0.00000 
0.00000 0.00000 
0.00000 0.00000 
0.00000 0.00000 
0.00000 0.00000 
0.00000 0.00000 
0.00000 0.00000 
0.00000 0.00000 
0.00000 0.00000 
0.00000 0.00000 
0.00000 0.00000 
0.00000 0.00000 
0.00000 0.00000 
0.00000 0.00000 
0.00000 0.00000 
0.00000 0.00000 
0.00000 0.00000 
0.00000 0.00000 
0.00000 0.00000 
0.00000 0.00000 
0.00000 0.00000 
0.00000 0.00000 
0.00000 0.00000 
0.00000 0.00000 
0.00000 0.00000 
0.00000 0.00000 
0.00000 0.00000 
0.00000 0.00000 
0.00000 0.00000 
0.00000 0.00000 
0.00000 0.00000 
0.00000 0.00000 
0.00000 0.00000 
0.00000 0.00000 
0.00000 0.00000 
0.00000 0.00000 
0.00000 0.00000 
0.00000 0.00000 
0.00000 0.00000 
0.00000 0.00000 
0.00000 0.00000 
0.00000 0.00000 
0.00000 0.00000 
0.00000 0.00000 
0.00000 0.00000 
0.00000 0.00000 
0.00000 0.00000 
0.00000 0.00000 
0.00000 0.00000 
0.00000 0.00000 
0.00000 0.00000 
0.00000 0.00000 
0.00000 0.00000 
0.00000 0.00000 
0.00000 0.00000 
0.00000 0.00000 
0.00000 0.00000 
0.00000 0.00000 
0.00000 0.00000 
0.00000 0.00000 
0.00000 0.00000 
0.00000 0.00000 
0.00000 0.00000 
0.00000 0.00000 
0.00000 0.00000 
0.00000 0.00000 
0.00000 0.00000 
0.00000 0.00000 
0.00000 0.00000 
0.00000 0.00000 
0.00000 0.00000 
0.00000 0.00000 
0.00000 0.00000 
0.00000 0.00000 
0.00000 0.00000 
0.00000 0.00000 
0.00000 0.00000 
0.00000 0.00000 
0.00000 0.00000 
0.00000 0.00000 
0.00000 0.00000 
0.00000 0.00000 
0.00000 0.00000 
0.00000 0.00000 
0.00000 0.00000 
0.00000 0.00000 
0.00000 0.00000 
0.00000 0.00000 
0.00000 0.00000 
0.00000 0.00000 
0.00000 0.00000 
0.00000 0.00000 
0.00000 0.00000 
0.00000 0.00000 
0.00000 0.00000 
0.00000 0.00000 
0.00000 0.00000 
0.00000 0.00000 
0.00000 0.00000 
0.00000 0.00000 
0.00000 0.00000 
0.00000 0.00000 
0.00000 0.00000 
0.00000 0.00000 
0.00000 0.00000 
0.00000 0.00000 
0.00000 0.00000 
0.00000 0.00000 
0.00000 0.00000 
0.00000 0.00000 
0.00000 0.00000 
0.00000 0.00000 
0.00000 0.00000 
0.00000 0.00000 
0.00000 0.00000 
0.00000 0.00000 
0.00000 0.00000 
0.00000 0.00000 
0.00000 0.00000 
0.00000 0.00000 
0.00000 0.00000 
0.00000 0.00000 
0.00000 0.00000 
0.00000 0.00000 
0.00000 0.00000 
0.00000 0.00000 
0.00000 0.00000 
0.00000 0.00000 
0.00000 0.00000 
0.00000 0.00000 
0.00000 0.00000 
0.00000 0.00000 
0.00000 0.00000 
0.00000 0.00000 
0.00000 0.00000 
0.00000 0.00000 
0.00000 0.00000 
0.00000 0.00000 
0.00000 0.00000 
0.00000 0.00000 
0.00000 0.00000 
0.00000 0.00000 
0.00000 0.00000 
0.00000 0.00000 
0.00000 0.00000 
0.00000 0.00000 
0.00000 0.00000 
0.00000 0.00000 
0.00000 0.00000 
0.00000 0.00000 
0.00000 0.00000 
0.00000 0.00000 
0.00000 0.00000 
0.00000 0.00000 
0.00000 0.00000 
0.00000 0.00000 
0.00000 0.00000 
0.00000 0.00000 
0.00000 0.00000 
0.00000 0.00000 
0.00000 0.00000 
0.00000 0.00000 
0.00000 0.00000 
0.00000 0.00000 
0.00000 0.00000 
0.00000 0.00000 
0.00000 0.00000 
0.00000 0.00000 
0.00000 0.00000 
0.00000 0.00000 
0.00000 0.00000 
0.00000 0.00000 
0.00000 0.00000 
0.00000 0.00000 
0.00000 0.00000 
0.00000 0.00000 
0.00000 0.00000 
0.00000 0.00000 
0.00000 0.00000 
0.00000 0.00000 
0.00000 0.00000 
0.00000 0.00000 
0.00000 0.00000 
0.00000 0.00000 
0.00000 0.00000 
0.00000 0.00000 
0.00000 0.00000 
0.00000 0.00000 
0.00000 0.00000 
0.00000 0.00000 
0.00000 0.00000 
0.00000 0.00000 
0.00000 0.00000 
0.00000 0.00000 
0.00000 0.00000 
