 0.00000 0.00000 
0.00000 0.00000 
0.00000 0.00000 
0.00000 0.00000 
0.00000 0.00000 
0.00000 0.00000 
0.00000 0.00000 
0.00000 0.00000 
0.00000 0.00000 
0.00000 0.00000 
0.00000 0.00000 
0.00000 0.00000 
0.00000 0.00000 
0.00000 0.00000 
0.00000 0.00000 
0.00000 0.00000 
0.00000 0.00000 
0.00000 0.00000 
0.00000 0.00000 
0.00000 0.00000 
0.00000 0.00000 
0.00000 0.00000 
0.00000 0.00000 
0.00000 0.00000 
0.00000 0.00000 
0.00000 0.00000 
0.00000 0.00000 
0.00000 0.00000 
0.00000 0.00000 
0.00000 0.00000 
0.00000 0.00000 
0.00000 0.00000 
0.00000 0.00000 
0.00000 0.00000 
0.00000 0.00000 
0.00000 0.00000 
0.00000 0.00000 
0.00000 0.00000 
0.00000 0.00000 
0.00000 0.00000 
0.00000 0.00000 
0.00000 0.00000 
0.00000 0.00000 
0.00000 0.00000 
0.00000 0.00000 
0.00000 0.00000 
0.00000 0.00000 
0.00000 0.00000 
0.00000 0.00000 
0.00000 0.00000 
0.00000 0.00000 
0.00000 0.00000 
0.00000 0.00000 
0.00000 0.00000 
0.00000 0.00000 
0.00000 0.00000 
0.00000 0.00000 
0.00000 0.00000 
0.00000 0.00000 
0.00000 0.00000 
0.00000 0.00000 
0.00000 0.00000 
0.00000 0.00000 
0.00000 0.00000 
0.00000 0.00000 
0.00000 0.00000 
0.00000 0.00000 
0.00000 0.00000 
0.00000 0.00000 
0.00000 0.00000 
0.00000 0.00000 
0.00000 0.00000 
0.00000 0.00000 
0.00000 0.00000 
0.00000 0.00000 
0.00000 0.00000 
0.00000 0.00000 
0.00000 0.00000 
0.00000 0.00000 
0.00000 0.00000 
0.00000 0.00000 
0.00000 0.00000 
0.00000 0.00000 
0.00000 0.00000 
0.00000 0.00000 
0.00000 0.00000 
0.00000 0.00000 
0.00000 0.00000 
0.00000 0.00000 
0.00000 0.00000 
0.00000 0.00000 
0.00000 0.00000 
0.00000 0.00000 
0.00000 0.00000 
0.00000 0.00000 
0.00000 0.00000 
0.00000 0.00000 
0.00000 0.00000 
0.00000 0.00000 
0.00000 0.00000 
0.00000 0.00000 
0.00000 0.00000 
0.00000 0.00000 
0.00000 0.00000 
0.00000 0.00000 
0.00000 0.00000 
0.00000 0.00000 
0.00000 0.00000 
0.00000 0.00000 
0.00000 0.00000 
0.00000 0.00000 
0.00000 0.00000 
0.00000 0.00000 
0.00000 0.00000 
0.00000 0.00000 
0.00000 0.00000 
0.00000 0.00000 
351.64899 1.00000 
354.48401 1.00000 
372.20499 1.00000 
373.88000 1.00000 
375.60501 1.00000 
379.05301 1.00000 
381.55399 1.00000 
385.85400 1.00000 
390.41901 1.00000 
392.98001 1.00000 
394.75800 1.00000 
397.39499 1.00000 
399.60501 1.00000 
403.39001 1.00000 
406.82901 1.00000 
406.28900 1.00000 
405.99899 1.00000 
406.08899 1.00000 
406.27499 1.00000 
406.82501 1.00000 
407.11301 1.00000 
407.85999 1.00000 
408.74799 1.00000 
410.50500 1.00000 
412.12601 1.00000 
413.08600 1.00000 
411.62299 1.00000 
410.10699 1.00000 
409.11099 1.00000 
408.58899 1.00000 
408.75699 1.00000 
409.26599 1.00000 
409.71701 1.00000 
410.48901 1.00000 
411.74600 1.00000 
412.76599 1.00000 
414.61200 1.00000 
414.98599 1.00000 
414.56500 1.00000 
413.04199 1.00000 
411.80499 1.00000 
411.40500 1.00000 
411.07599 1.00000 
411.37100 1.00000 
411.74200 1.00000 
412.20401 1.00000 
412.72601 1.00000 
412.90701 1.00000 
413.16901 1.00000 
413.72198 1.00000 
413.60699 1.00000 
412.56100 1.00000 
411.98599 1.00000 
411.29501 1.00000 
411.12399 1.00000 
410.82700 1.00000 
411.25101 1.00000 
411.41199 1.00000 
411.50800 1.00000 
411.35501 1.00000 
411.28101 1.00000 
411.10999 1.00000 
410.60699 1.00000 
409.56900 1.00000 
408.51700 1.00000 
408.41599 1.00000 
408.77899 1.00000 
405.79501 1.00000 
396.87900 1.00000 
392.67401 1.00000 
387.81500 1.00000 
387.02499 1.00000 
390.36801 1.00000 
391.37100 1.00000 
387.75299 1.00000 
328.80600 1.00000 
325.98999 1.00000 
322.60800 1.00000 
325.01199 1.00000 
324.12100 1.00000 
324.73801 1.00000 
325.99799 1.00000 
326.70300 1.00000 
327.45300 1.00000 
328.58099 1.00000 
329.16299 1.00000 
330.00000 1.00000 
330.87601 1.00000 
331.22400 1.00000 
332.05801 1.00000 
332.52200 1.00000 
333.11200 1.00000 
333.60999 1.00000 
333.98401 1.00000 
334.41699 1.00000 
334.64099 1.00000 
334.90201 1.00000 
335.22601 1.00000 
335.56900 1.00000 
336.23901 1.00000 
337.06100 1.00000 
338.48499 1.00000 
339.40799 1.00000 
339.61600 1.00000 
339.18201 1.00000 
338.64001 1.00000 
338.19901 1.00000 
337.76801 1.00000 
337.22501 1.00000 
336.92700 1.00000 
336.13199 1.00000 
334.68399 1.00000 
333.82199 1.00000 
333.16000 1.00000 
332.53000 1.00000 
332.41400 1.00000 
332.40799 1.00000 
332.56000 1.00000 
332.45599 1.00000 
332.72000 1.00000 
332.48599 1.00000 
332.49701 1.00000 
332.82101 1.00000 
333.04800 1.00000 
332.71100 1.00000 
333.83899 1.00000 
334.09299 1.00000 
334.16699 1.00000 
334.32700 1.00000 
334.20200 1.00000 
333.83499 1.00000 
333.34500 1.00000 
332.00299 1.00000 
330.10300 1.00000 
331.67401 1.00000 
332.68900 1.00000 
331.17801 1.00000 
0.00000 0.00000 
0.00000 0.00000 
289.70599 1.00000 
292.63000 1.00000 
293.36499 1.00000 
293.86099 1.00000 
294.37500 1.00000 
294.82199 1.00000 
294.71701 1.00000 
293.84100 1.00000 
294.54300 1.00000 
293.84601 1.00000 
293.90201 1.00000 
293.82199 1.00000 
294.28000 1.00000 
294.33499 1.00000 
294.73401 1.00000 
294.42801 1.00000 
294.37299 1.00000 
294.30301 1.00000 
294.57401 1.00000 
294.49399 1.00000 
294.43100 1.00000 
294.42700 1.00000 
294.43100 1.00000 
294.30200 1.00000 
294.44400 1.00000 
294.34900 1.00000 
294.32101 1.00000 
294.54099 1.00000 
294.47900 1.00000 
294.35199 1.00000 
294.36499 1.00000 
294.40399 1.00000 
294.37701 1.00000 
294.49399 1.00000 
294.48599 1.00000 
294.34500 1.00000 
294.45999 1.00000 
294.35400 1.00000 
294.47198 1.00000 
294.58401 1.00000 
294.34799 1.00000 
294.36600 1.00000 
294.45499 1.00000 
294.42700 1.00000 
294.26700 1.00000 
294.28601 1.00000 
294.40500 1.00000 
294.07599 1.00000 
294.21201 1.00000 
293.90799 1.00000 
293.73801 1.00000 
293.96301 1.00000 
293.56000 1.00000 
293.02499 1.00000 
292.16699 1.00000 
292.50800 1.00000 
295.33701 1.00000 
293.41501 1.00000 
295.25201 1.00000 
292.77200 1.00000 
294.99799 1.00000 
298.96600 1.00000 
301.03299 1.00000 
304.15399 1.00000 
307.75601 1.00000 
333.26901 1.00000 
337.02899 1.00000 
335.13400 1.00000 
337.82001 1.00000 
336.81100 1.00000 
335.75900 1.00000 
336.38400 1.00000 
333.69601 1.00000 
335.54800 1.00000 
333.66901 1.00000 
331.98401 1.00000 
331.94601 1.00000 
332.08301 1.00000 
331.52600 1.00000 
331.77499 1.00000 
331.92499 1.00000 
331.98499 1.00000 
331.93399 1.00000 
332.33899 1.00000 
332.44101 1.00000 
332.54001 1.00000 
333.27200 1.00000 
333.34500 1.00000 
333.15100 1.00000 
333.30801 1.00000 
332.63699 1.00000 
331.91800 1.00000 
332.27802 1.00000 
332.50000 1.00000 
332.76300 1.00000 
333.80399 1.00000 
334.34601 1.00000 
335.39200 1.00000 
336.68900 1.00000 
337.61200 1.00000 
338.38800 1.00000 
338.18701 1.00000 
339.95001 1.00000 
339.17899 1.00000 
338.59500 1.00000 
338.39301 1.00000 
337.23199 1.00000 
336.35699 1.00000 
335.33499 1.00000 
334.13501 1.00000 
333.42401 1.00000 
333.14801 1.00000 
333.91800 1.00000 
334.10400 1.00000 
334.61499 1.00000 
335.92300 1.00000 
336.54901 1.00000 
338.25000 1.00000 
341.70200 1.00000 
345.09201 1.00000 
347.07300 1.00000 
348.58401 1.00000 
347.77600 1.00000 
347.06601 1.00000 
344.38101 1.00000 
0.00000 0.00000 
0.00000 0.00000 
0.00000 0.00000 
0.00000 0.00000 
330.65701 1.00000 
336.21301 1.00000 
341.45099 1.00000 
345.61200 1.00000 
347.65302 1.00000 
349.54800 1.00000 
350.37900 1.00000 
350.64499 1.00000 
351.40601 1.00000 
351.65100 1.00000 
350.94199 1.00000 
350.90900 1.00000 
351.28400 1.00000 
351.84900 1.00000 
351.41000 1.00000 
351.14301 1.00000 
351.28299 1.00000 
351.47198 1.00000 
351.52499 1.00000 
351.38901 1.00000 
351.15900 1.00000 
351.36700 1.00000 
351.64099 1.00000 
351.57001 1.00000 
351.29099 1.00000 
351.10199 1.00000 
351.64801 1.00000 
351.56100 1.00000 
351.31000 1.00000 
350.82901 1.00000 
351.12500 1.00000 
351.17200 1.00000 
351.07001 1.00000 
350.80099 1.00000 
350.96399 1.00000 
351.19699 1.00000 
351.21799 1.00000 
350.85501 1.00000 
350.49100 1.00000 
351.14600 1.00000 
351.01599 1.00000 
350.60999 1.00000 
350.93201 1.00000 
351.08899 1.00000 
350.89499 1.00000 
351.24200 1.00000 
350.62100 1.00000 
351.09201 1.00000 
350.79300 1.00000 
350.63101 1.00000 
350.39200 1.00000 
359.33200 1.00000 
382.34000 1.00000 
384.31601 1.00000 
381.65601 1.00000 
350.38800 1.00000 
365.00601 1.00000 
392.15201 1.00000 
394.08600 1.00000 
396.85300 1.00000 
397.95801 1.00000 
398.92899 1.00000 
399.62500 1.00000 
400.47000 1.00000 
401.62201 1.00000 
402.38199 1.00000 
402.92200 1.00000 
402.99100 1.00000 
402.74301 1.00000 
402.16000 1.00000 
401.68301 1.00000 
401.21500 1.00000 
400.56699 1.00000 
399.98401 1.00000 
399.42001 1.00000 
398.80600 1.00000 
398.23199 1.00000 
397.65601 1.00000 
397.25800 1.00000 
397.08801 1.00000 
397.22299 1.00000 
397.41901 1.00000 
397.42599 1.00000 
397.44199 1.00000 
397.50800 1.00000 
398.07700 1.00000 
398.34500 1.00000 
396.57001 1.00000 
396.16599 1.00000 
396.26599 1.00000 
397.94400 1.00000 
398.26501 1.00000 
398.48901 1.00000 
398.28299 1.00000 
398.46100 1.00000 
401.04599 1.00000 
402.57401 1.00000 
403.09698 1.00000 
403.07199 1.00000 
402.38800 1.00000 
401.76001 1.00000 
400.96701 1.00000 
400.58200 1.00000 
400.19501 1.00000 
399.92200 1.00000 
399.53101 1.00000 
399.17999 1.00000 
398.75201 1.00000 
398.27399 1.00000 
397.81699 1.00000 
397.31201 1.00000 
396.89600 1.00000 
396.79001 1.00000 
396.58499 1.00000 
396.16299 1.00000 
395.94101 1.00000 
395.41800 1.00000 
395.14099 1.00000 
395.29401 1.00000 
395.13800 1.00000 
395.14801 1.00000 
395.10400 1.00000 
394.92700 1.00000 
394.40399 1.00000 
394.14899 1.00000 
393.99600 1.00000 
393.88000 1.00000 
393.32800 1.00000 
390.39999 1.00000 
384.72800 1.00000 
377.95801 1.00000 
385.67001 1.00000 
392.35599 1.00000 
394.50900 1.00000 
396.41699 1.00000 
397.55301 1.00000 
398.38599 1.00000 
399.51801 1.00000 
400.32700 1.00000 
399.12799 1.00000 
398.67499 1.00000 
398.17300 1.00000 
397.48801 1.00000 
396.88699 1.00000 
397.16800 1.00000 
396.84601 1.00000 
397.12100 1.00000 
397.16199 1.00000 
397.25800 1.00000 
397.55600 1.00000 
397.40100 1.00000 
397.39499 1.00000 
397.59799 1.00000 
396.73401 1.00000 
396.64999 1.00000 
397.26001 1.00000 
397.28201 1.00000 
397.37299 1.00000 
397.53000 1.00000 
397.35999 1.00000 
396.72601 1.00000 
397.11801 1.00000 
397.70599 1.00000 
395.93100 1.00000 
397.89301 1.00000 
396.91699 1.00000 
397.73599 1.00000 
397.21201 1.00000 
397.50500 1.00000 
396.75000 1.00000 
402.91901 1.00000 
393.78799 1.00000 
396.02600 1.00000 
397.17599 1.00000 
398.17999 1.00000 
395.01199 1.00000 
395.40601 1.00000 
397.38901 1.00000 
401.86600 1.00000 
395.92200 1.00000 
390.56699 1.00000 
391.24301 1.00000 
381.53201 1.00000 
383.25201 1.00000 
389.37299 1.00000 
390.03601 1.00000 
393.34799 1.00000 
395.33401 1.00000 
396.45001 1.00000 
397.40601 1.00000 
397.82300 1.00000 
397.89600 1.00000 
398.07901 1.00000 
397.94101 1.00000 
397.72000 1.00000 
396.84201 1.00000 
395.82599 1.00000 
394.86899 1.00000 
393.98300 1.00000 
392.91800 1.00000 
392.11600 1.00000 
391.58301 1.00000 
391.00601 1.00000 
390.48700 1.00000 
390.23199 1.00000 
390.34100 1.00000 
390.68799 1.00000 
390.89200 1.00000 
391.12601 1.00000 
391.39801 1.00000 
391.88699 1.00000 
392.75299 1.00000 
393.58499 1.00000 
394.76901 1.00000 
395.85699 1.00000 
396.88699 1.00000 
397.87500 1.00000 
398.35400 1.00000 
398.39099 1.00000 
398.32999 1.00000 
398.11700 1.00000 
397.85101 1.00000 
398.07999 1.00000 
397.83301 1.00000 
397.64700 1.00000 
397.46799 1.00000 
397.11899 1.00000 
396.77499 1.00000 
396.34100 1.00000 
395.84399 1.00000 
395.46600 1.00000 
394.85800 1.00000 
394.57999 1.00000 
394.15302 1.00000 
393.48599 1.00000 
392.95499 1.00000 
392.39899 1.00000 
391.92999 1.00000 
391.80499 1.00000 
391.69199 1.00000 
391.63400 1.00000 
391.28101 1.00000 
391.16400 1.00000 
391.31699 1.00000 
391.61401 1.00000 
392.03101 1.00000 
392.09698 1.00000 
391.88800 1.00000 
391.44901 1.00000 
389.25299 1.00000 
387.55701 1.00000 
387.69299 1.00000 
383.38199 1.00000 
381.34900 1.00000 
387.24399 1.00000 
391.59201 1.00000 
394.61801 1.00000 
396.54099 1.00000 
398.05801 1.00000 
398.33200 1.00000 
398.41400 1.00000 
398.48599 1.00000 
398.31799 1.00000 
398.06500 1.00000 
397.40900 1.00000 
396.53000 1.00000 
395.73700 1.00000 
394.96899 1.00000 
394.29700 1.00000 
393.90799 1.00000 
393.34100 1.00000 
392.81100 1.00000 
392.22601 1.00000 
391.69699 1.00000 
391.34799 1.00000 
391.23300 1.00000 
391.25900 1.00000 
391.25400 1.00000 
391.36200 1.00000 
391.56100 1.00000 
391.69501 1.00000 
391.95499 1.00000 
392.23401 1.00000 
392.63199 1.00000 
392.90701 1.00000 
393.46500 1.00000 
394.00800 1.00000 
394.89499 1.00000 
395.75201 1.00000 
396.52899 1.00000 
396.96399 1.00000 
397.20901 1.00000 
397.06699 1.00000 
397.11700 1.00000 
397.07401 1.00000 
397.00201 1.00000 
396.89499 1.00000 
397.01901 1.00000 
397.01199 1.00000 
397.14301 1.00000 
397.07199 1.00000 
396.90701 1.00000 
396.71899 1.00000 
397.01099 1.00000 
397.16299 1.00000 
397.20700 1.00000 
396.97699 1.00000 
396.89600 1.00000 
397.35599 1.00000 
397.20499 1.00000 
398.96799 1.00000 
400.91199 1.00000 
398.83200 1.00000 
396.87500 1.00000 
394.71399 1.00000 
394.57401 1.00000 
398.65500 1.00000 
402.80801 1.00000 
395.55301 1.00000 
387.05399 1.00000 
404.31500 1.00000 
413.04999 1.00000 
416.09500 1.00000 
415.71701 1.00000 
426.69601 1.00000 
426.83801 1.00000 
427.60300 1.00000 
427.35800 1.00000 
426.82300 1.00000 
426.83099 1.00000 
427.40399 1.00000 
428.04099 1.00000 
427.01300 1.00000 
426.82700 1.00000 
426.87500 1.00000 
427.35199 1.00000 
428.01001 1.00000 
427.47900 1.00000 
429.60999 1.00000 
429.41800 1.00000 
431.85199 1.00000 
434.94699 1.00000 
436.77899 1.00000 
435.76801 1.00000 
436.21799 1.00000 
438.29901 1.00000 
441.07101 1.00000 
441.62000 1.00000 
438.56400 1.00000 
441.93900 1.00000 
445.28601 1.00000 
444.79501 1.00000 
443.44400 1.00000 
444.31500 1.00000 
449.24200 1.00000 
448.31100 1.00000 
445.65900 1.00000 
447.59601 1.00000 
450.63400 1.00000 
447.64899 1.00000 
445.18900 1.00000 
448.62299 1.00000 
455.21600 1.00000 
448.76001 1.00000 
439.29901 1.00000 
445.92001 1.00000 
450.81900 1.00000 
442.83499 1.00000 
441.38000 1.00000 
442.25601 1.00000 
444.68900 1.00000 
442.70599 1.00000 
441.85599 1.00000 
442.09100 1.00000 
439.30200 1.00000 
438.96701 1.00000 
428.85001 1.00000 
427.66400 1.00000 
427.11099 1.00000 
0.00000 0.00000 
0.00000 0.00000 
0.00000 0.00000 
430.65201 1.00000 
437.42001 1.00000 
441.17499 1.00000 
442.11099 1.00000 
443.89001 1.00000 
444.86099 1.00000 
445.31900 1.00000 
446.86401 1.00000 
447.29800 1.00000 
447.20599 1.00000 
446.38400 1.00000 
446.95099 1.00000 
446.53601 1.00000 
446.74799 1.00000 
446.38501 1.00000 
446.44000 1.00000 
446.68301 1.00000 
445.80499 1.00000 
446.05200 1.00000 
445.94601 1.00000 
445.58899 1.00000 
445.81500 1.00000 
445.80899 1.00000 
445.57999 1.00000 
445.04999 1.00000 
445.28299 1.00000 
445.96100 1.00000 
445.75601 1.00000 
445.20099 1.00000 
445.70300 1.00000 
446.20901 1.00000 
445.69699 1.00000 
445.42599 1.00000 
446.22699 1.00000 
446.40601 1.00000 
445.34601 1.00000 
444.92700 1.00000 
446.59698 1.00000 
444.58499 1.00000 
442.97198 1.00000 
444.89301 1.00000 
445.11600 1.00000 
446.20700 1.00000 
441.93301 1.00000 
446.55701 1.00000 
449.89401 1.00000 
441.48001 1.00000 
442.11600 1.00000 
444.24100 1.00000 
442.35599 1.00000 
442.44699 1.00000 
439.58401 1.00000 
435.32999 1.00000 
428.68799 1.00000 
428.28900 1.00000 
426.96500 1.00000 
423.82700 1.00000 
424.97000 1.00000 
0.00000 0.00000 
0.00000 0.00000 
0.00000 0.00000 
435.22198 1.00000 
439.01099 1.00000 
442.44199 1.00000 
443.35999 1.00000 
443.22101 1.00000 
443.29099 1.00000 
443.59000 1.00000 
443.49899 1.00000 
443.77200 1.00000 
443.41000 1.00000 
443.01999 1.00000 
442.73599 1.00000 
442.95700 1.00000 
442.60300 1.00000 
442.78201 1.00000 
442.83701 1.00000 
442.79401 1.00000 
442.65601 1.00000 
442.44601 1.00000 
442.26401 1.00000 
442.15500 1.00000 
441.99899 1.00000 
438.89499 1.00000 
441.57101 1.00000 
441.05399 1.00000 
441.68900 1.00000 
441.89999 1.00000 
442.16599 1.00000 
439.18701 1.00000 
442.90900 1.00000 
442.69400 1.00000 
443.23099 1.00000 
443.85101 1.00000 
443.51700 1.00000 
443.88400 1.00000 
443.63199 1.00000 
444.33899 1.00000 
443.98901 1.00000 
445.10901 1.00000 
444.69000 1.00000 
444.08801 1.00000 
444.88901 1.00000 
443.85800 1.00000 
444.56100 1.00000 
444.58701 1.00000 
443.97299 1.00000 
443.96500 1.00000 
445.04401 1.00000 
444.59500 1.00000 
445.56299 1.00000 
445.63101 1.00000 
444.85999 1.00000 
445.25201 1.00000 
444.15201 1.00000 
445.53400 1.00000 
445.10400 1.00000 
445.30099 1.00000 
442.54300 1.00000 
439.20401 1.00000 
437.54099 1.00000 
427.97198 1.00000 
427.15701 1.00000 
427.47699 1.00000 
428.80600 1.00000 
410.34900 1.00000 
424.37799 1.00000 
432.98499 1.00000 
437.41400 1.00000 
439.18399 1.00000 
442.79001 1.00000 
443.27802 1.00000 
443.99200 1.00000 
444.76300 1.00000 
444.79401 1.00000 
445.36600 1.00000 
445.19199 1.00000 
445.04401 1.00000 
445.12100 1.00000 
445.13501 1.00000 
444.99899 1.00000 
445.04401 1.00000 
445.05899 1.00000 
444.77301 1.00000 
444.36600 1.00000 
444.25900 1.00000 
444.08801 1.00000 
444.06201 1.00000 
443.92099 1.00000 
444.09100 1.00000 
444.01599 1.00000 
444.32700 1.00000 
444.21600 1.00000 
444.18301 1.00000 
444.01801 1.00000 
444.32800 1.00000 
444.11301 1.00000 
444.02301 1.00000 
444.22400 1.00000 
444.24399 1.00000 
444.55600 1.00000 
444.70001 1.00000 
444.39499 1.00000 
444.32901 1.00000 
445.34900 1.00000 
444.79800 1.00000 
444.66000 1.00000 
444.41199 1.00000 
445.01099 1.00000 
444.67300 1.00000 
444.73001 1.00000 
444.84900 1.00000 
444.51300 1.00000 
444.26700 1.00000 
443.33600 1.00000 
444.14700 1.00000 
445.46500 1.00000 
443.84100 1.00000 
439.35800 1.00000 
437.77200 1.00000 
427.44101 1.00000 
426.79901 1.00000 
414.11499 1.00000 
421.19000 1.00000 
0.00000 0.00000 
0.00000 0.00000 
384.65500 1.00000 
389.76700 1.00000 
391.34900 1.00000 
393.27301 1.00000 
395.29099 1.00000 
395.11401 1.00000 
395.14200 1.00000 
393.71500 1.00000 
392.01700 1.00000 
390.68301 1.00000 
389.44101 1.00000 
388.61700 1.00000 
387.77100 1.00000 
387.20099 1.00000 
387.63901 1.00000 
388.26999 1.00000 
389.10901 1.00000 
389.61499 1.00000 
390.75900 1.00000 
391.60101 1.00000 
392.46201 1.00000 
393.01001 1.00000 
394.16800 1.00000 
395.25601 1.00000 
396.62799 1.00000 
397.68600 1.00000 
398.07101 1.00000 
398.25000 1.00000 
398.36499 1.00000 
398.46100 1.00000 
398.40601 1.00000 
398.45599 1.00000 
398.19601 1.00000 
398.07599 1.00000 
398.15100 1.00000 
398.11700 1.00000 
398.02499 1.00000 
397.58801 1.00000 
396.76501 1.00000 
395.86899 1.00000 
395.06900 1.00000 
394.27499 1.00000 
393.31699 1.00000 
392.50601 1.00000 
391.54401 1.00000 
391.28201 1.00000 
391.12601 1.00000 
390.75900 1.00000 
390.67401 1.00000 
390.57700 1.00000 
390.78000 1.00000 
391.16299 1.00000 
391.36801 1.00000 
391.55399 1.00000 
392.06601 1.00000 
392.65900 1.00000 
393.64001 1.00000 
394.77600 1.00000 
395.80399 1.00000 
396.94199 1.00000 
397.73001 1.00000 
398.19800 1.00000 
398.89200 1.00000 
399.22101 1.00000 
399.41299 1.00000 
399.39099 1.00000 
399.07199 1.00000 
399.11099 1.00000 
399.15100 1.00000 
398.99500 1.00000 
398.74899 1.00000 
398.71500 1.00000 
398.37500 1.00000 
397.90701 1.00000 
397.28500 1.00000 
396.46899 1.00000 
395.86801 1.00000 
395.07401 1.00000 
394.34900 1.00000 
394.02100 1.00000 
393.64600 1.00000 
393.16000 1.00000 
392.62500 1.00000 
392.29001 1.00000 
392.27100 1.00000 
392.31699 1.00000 
391.99500 1.00000 
391.98001 1.00000 
391.71301 1.00000 
391.96500 1.00000 
392.24200 1.00000 
392.97299 1.00000 
393.76501 1.00000 
394.46301 1.00000 
395.66501 1.00000 
396.82800 1.00000 
398.11099 1.00000 
398.90201 1.00000 
399.20200 1.00000 
399.17999 1.00000 
398.70999 1.00000 
399.36200 1.00000 
399.41800 1.00000 
399.02100 1.00000 
399.20599 1.00000 
398.95401 1.00000 
398.50601 1.00000 
398.66101 1.00000 
398.34299 1.00000 
397.80301 1.00000 
397.20801 1.00000 
396.83200 1.00000 
396.50201 1.00000 
395.83899 1.00000 
395.02802 1.00000 
394.54800 1.00000 
394.17599 1.00000 
393.89600 1.00000 
393.32800 1.00000 
392.92999 1.00000 
392.70099 1.00000 
392.96100 1.00000 
392.76300 1.00000 
392.64801 1.00000 
392.90500 1.00000 
392.73700 1.00000 
392.81400 1.00000 
393.39999 1.00000 
394.04199 1.00000 
394.53601 1.00000 
395.42499 1.00000 
396.45001 1.00000 
397.32401 1.00000 
397.71701 1.00000 
398.04999 1.00000 
398.04300 1.00000 
398.48199 1.00000 
398.68900 1.00000 
398.76501 1.00000 
398.43301 1.00000 
398.36700 1.00000 
398.58401 1.00000 
398.87201 1.00000 
398.69000 1.00000 
398.69601 1.00000 
398.54999 1.00000 
398.29300 1.00000 
398.21399 1.00000 
398.21100 1.00000 
398.49799 1.00000 
398.67499 1.00000 
398.62299 1.00000 
398.58600 1.00000 
398.37399 1.00000 
398.14999 1.00000 
397.48401 1.00000 
397.39499 1.00000 
397.49100 1.00000 
396.86301 1.00000 
396.85101 1.00000 
396.66501 1.00000 
397.39401 1.00000 
398.25900 1.00000 
397.59299 1.00000 
396.13599 1.00000 
394.79099 1.00000 
395.12201 1.00000 
389.95499 1.00000 
387.61700 1.00000 
389.07501 1.00000 
388.04599 1.00000 
392.07700 1.00000 
395.04700 1.00000 
391.55701 1.00000 
393.42999 1.00000 
393.36200 1.00000 
396.35599 1.00000 
396.55801 1.00000 
389.80399 1.00000 
390.27200 1.00000 
393.94601 1.00000 
360.33301 1.00000 
359.29501 1.00000 
356.26300 1.00000 
361.81400 1.00000 
370.01599 1.00000 
396.66901 1.00000 
395.57700 1.00000 
327.35699 1.00000 
329.53699 1.00000 
334.26501 1.00000 
337.68201 1.00000 
337.84201 1.00000 
339.21100 1.00000 
339.98300 1.00000 
339.55301 1.00000 
340.11200 1.00000 
340.28201 1.00000 
340.10001 1.00000 
339.73901 1.00000 
340.26700 1.00000 
340.29199 1.00000 
340.04800 1.00000 
340.08600 1.00000 
340.26099 1.00000 
340.08200 1.00000 
339.85400 1.00000 
339.87701 1.00000 
339.85199 1.00000 
339.64999 1.00000 
339.46100 1.00000 
339.60901 1.00000 
339.41400 1.00000 
339.41101 1.00000 
339.29199 1.00000 
339.20200 1.00000 
339.07001 1.00000 
339.01599 1.00000 
339.14401 1.00000 
339.03699 1.00000 
338.85101 1.00000 
339.05301 1.00000 
338.96201 1.00000 
338.95401 1.00000 
338.85001 1.00000 
338.87601 1.00000 
339.05600 1.00000 
338.72699 1.00000 
339.23999 1.00000 
339.14401 1.00000 
338.78101 1.00000 
338.92200 1.00000 
339.29199 1.00000 
338.94800 1.00000 
338.47198 1.00000 
338.96100 1.00000 
339.25101 1.00000 
338.86499 1.00000 
339.94299 1.00000 
338.77499 1.00000 
338.60699 1.00000 
338.90100 1.00000 
336.60101 1.00000 
336.52802 1.00000 
337.49100 1.00000 
342.60800 1.00000 
344.28299 1.00000 
0.00000 0.00000 
0.00000 0.00000 
0.00000 0.00000 
348.55701 1.00000 
343.77899 1.00000 
347.34500 1.00000 
348.90900 1.00000 
350.42801 1.00000 
351.93399 1.00000 
353.44101 1.00000 
355.23300 1.00000 
356.01801 1.00000 
356.23700 1.00000 
355.54999 1.00000 
354.73001 1.00000 
354.27499 1.00000 
353.76999 1.00000 
352.83099 1.00000 
351.75800 1.00000 
351.17499 1.00000 
350.41299 1.00000 
350.02499 1.00000 
349.75601 1.00000 
349.88101 1.00000 
350.31299 1.00000 
351.35101 1.00000 
352.27899 1.00000 
352.83499 1.00000 
353.72900 1.00000 
354.61301 1.00000 
355.84201 1.00000 
356.87701 1.00000 
357.17499 1.00000 
356.66901 1.00000 
356.67899 1.00000 
356.87799 1.00000 
357.01801 1.00000 
357.32199 1.00000 
357.35001 1.00000 
357.58899 1.00000 
357.76401 1.00000 
357.58401 1.00000 
357.56299 1.00000 
357.22800 1.00000 
356.87500 1.00000 
356.85599 1.00000 
356.63300 1.00000 
356.45401 1.00000 
356.45599 1.00000 
356.18701 1.00000 
355.63400 1.00000 
355.85400 1.00000 
354.71701 1.00000 
354.15799 1.00000 
356.16800 1.00000 
354.19800 1.00000 
354.96100 1.00000 
355.46701 1.00000 
355.65302 1.00000 
354.91501 1.00000 
355.17300 1.00000 
353.67899 1.00000 
350.05099 1.00000 
342.17300 1.00000 
379.32101 1.00000 
376.63699 1.00000 
390.50601 1.00000 
382.02899 1.00000 
384.67999 1.00000 
390.55801 1.00000 
392.45401 1.00000 
395.61401 1.00000 
398.17200 1.00000 
400.50800 1.00000 
401.28601 1.00000 
401.13000 1.00000 
401.16000 1.00000 
400.70099 1.00000 
400.51599 1.00000 
400.51599 1.00000 
400.36099 1.00000 
400.34299 1.00000 
400.35400 1.00000 
400.27200 1.00000 
400.38400 1.00000 
400.38501 1.00000 
400.26999 1.00000 
400.19299 1.00000 
400.10800 1.00000 
400.12701 1.00000 
400.23499 1.00000 
400.16299 1.00000 
400.22699 1.00000 
400.21301 1.00000 
400.18799 1.00000 
400.13000 1.00000 
400.17001 1.00000 
400.24500 1.00000 
400.22800 1.00000 
400.20901 1.00000 
400.18301 1.00000 
400.24701 1.00000 
400.48999 1.00000 
400.68201 1.00000 
400.95901 1.00000 
401.11301 1.00000 
401.36200 1.00000 
401.81100 1.00000 
402.07501 1.00000 
402.32300 1.00000 
402.59698 1.00000 
402.89700 1.00000 
403.02701 1.00000 
403.13400 1.00000 
402.78201 1.00000 
402.58801 1.00000 
402.33099 1.00000 
402.13599 1.00000 
401.39999 1.00000 
400.70901 1.00000 
400.53699 1.00000 
400.31799 1.00000 
399.98801 1.00000 
399.66000 1.00000 
399.60800 1.00000 
398.89099 1.00000 
397.95801 1.00000 
397.36301 1.00000 
396.55899 1.00000 
395.23901 1.00000 
398.28299 1.00000 
401.83401 1.00000 
398.20099 1.00000 
398.17099 1.00000 
396.12601 1.00000 
385.71201 1.00000 
393.55801 1.00000 
426.18600 1.00000 
432.86401 1.00000 
438.43701 1.00000 
442.78900 1.00000 
442.08099 1.00000 
441.19299 1.00000 
441.56601 1.00000 
442.73401 1.00000 
443.10300 1.00000 
442.53201 1.00000 
442.40500 1.00000 
442.73199 1.00000 
443.07901 1.00000 
442.94800 1.00000 
442.67300 1.00000 
442.70099 1.00000 
442.97198 1.00000 
443.17300 1.00000 
442.86401 1.00000 
442.65201 1.00000 
442.83200 1.00000 
442.95999 1.00000 
442.70300 1.00000 
442.70999 1.00000 
442.82199 1.00000 
442.75000 1.00000 
442.81299 1.00000 
442.64301 1.00000 
442.54099 1.00000 
442.59201 1.00000 
442.68701 1.00000 
442.63901 1.00000 
442.42700 1.00000 
442.65100 1.00000 
442.69000 1.00000 
442.62701 1.00000 
442.60800 1.00000 
442.52301 1.00000 
442.86899 1.00000 
442.58301 1.00000 
442.36899 1.00000 
442.32901 1.00000 
442.34100 1.00000 
442.41199 1.00000 
442.16501 1.00000 
442.08301 1.00000 
442.20099 1.00000 
442.17001 1.00000 
442.26300 1.00000 
442.27600 1.00000 
442.24500 1.00000 
442.64301 1.00000 
442.72699 1.00000 
443.48300 1.00000 
442.45001 1.00000 
449.63400 1.00000 
447.27701 1.00000 
446.58499 1.00000 
443.48099 1.00000 
445.27499 1.00000 
451.11899 1.00000 
487.10199 1.00000 
495.70801 1.00000 
499.58600 1.00000 
500.42200 1.00000 
500.67599 1.00000 
501.64099 1.00000 
501.33701 1.00000 
501.61099 1.00000 
501.47400 1.00000 
501.21701 1.00000 
501.74500 1.00000 
501.29700 1.00000 
501.41599 1.00000 
501.63901 1.00000 
501.50000 1.00000 
501.66800 1.00000 
501.39700 1.00000 
501.60599 1.00000 
501.44101 1.00000 
501.58401 1.00000 
501.66599 1.00000 
501.44601 1.00000 
501.49600 1.00000 
501.32300 1.00000 
501.31500 1.00000 
501.25900 1.00000 
501.27600 1.00000 
501.27701 1.00000 
501.64899 1.00000 
501.41901 1.00000 
501.65399 1.00000 
501.38501 1.00000 
501.59100 1.00000 
501.54099 1.00000 
501.48901 1.00000 
501.76501 1.00000 
501.51801 1.00000 
502.07599 1.00000 
501.80301 1.00000 
501.89899 1.00000 
501.99701 1.00000 
501.84100 1.00000 
502.15900 1.00000 
502.00000 1.00000 
501.96899 1.00000 
502.35400 1.00000 
502.20200 1.00000 
502.23801 1.00000 
501.95599 1.00000 
502.10400 1.00000 
501.82300 1.00000 
506.18201 1.00000 
517.38702 1.00000 
522.66998 1.00000 
522.65399 1.00000 
522.05701 1.00000 
521.60400 1.00000 
521.14600 1.00000 
518.97198 1.00000 
517.40802 1.00000 
523.41699 1.00000 
525.67401 1.00000 
527.76398 1.00000 
529.35901 1.00000 
530.32202 1.00000 
530.55298 1.00000 
530.67102 1.00000 
530.32001 1.00000 
530.43298 1.00000 
530.08398 1.00000 
529.74200 1.00000 
528.97699 1.00000 
527.60999 1.00000 
525.79498 1.00000 
524.12000 1.00000 
522.83398 1.00000 
522.08197 1.00000 
521.52197 1.00000 
521.33301 1.00000 
521.28900 1.00000 
521.46997 1.00000 
522.12903 1.00000 
523.65698 1.00000 
525.14697 1.00000 
526.79401 1.00000 
528.22803 1.00000 
529.24200 1.00000 
530.11401 1.00000 
530.81799 1.00000 
531.65900 1.00000 
532.18298 1.00000 
532.16803 1.00000 
531.85303 1.00000 
531.37402 1.00000 
531.01001 1.00000 
530.78198 1.00000 
530.54102 1.00000 
530.28101 1.00000 
530.18799 1.00000 
530.13702 1.00000 
529.86902 1.00000 
529.69501 1.00000 
529.26099 1.00000 
528.91803 1.00000 
528.77698 1.00000 
528.56201 1.00000 
528.70001 1.00000 
528.86298 1.00000 
528.53302 1.00000 
528.92200 1.00000 
529.03497 1.00000 
529.37598 1.00000 
529.34399 1.00000 
529.51099 1.00000 
529.50201 1.00000 
529.54303 1.00000 
529.56000 1.00000 
529.57599 1.00000 
529.64099 1.00000 
529.59198 1.00000 
529.56897 1.00000 
529.71899 1.00000 
529.36902 1.00000 
529.13800 1.00000 
528.81799 1.00000 
528.41101 1.00000 
528.73102 1.00000 
528.16602 1.00000 
529.88599 1.00000 
526.04303 1.00000 
496.60300 1.00000 
509.57300 1.00000 
531.08698 1.00000 
0.00000 0.00000 
391.84399 1.00000 
392.50800 1.00000 
393.36099 1.00000 
394.85101 1.00000 
395.81201 1.00000 
395.86099 1.00000 
396.08701 1.00000 
395.80099 1.00000 
395.64999 1.00000 
395.06900 1.00000 
394.07800 1.00000 
392.97601 1.00000 
391.95801 1.00000 
390.75699 1.00000 
390.95001 1.00000 
390.55499 1.00000 
389.41501 1.00000 
389.83099 1.00000 
389.47400 1.00000 
390.12500 1.00000 
389.80801 1.00000 
390.01501 1.00000 
390.84000 1.00000 
391.08701 1.00000 
391.36499 1.00000 
392.13199 1.00000 
392.57001 1.00000 
392.93900 1.00000 
393.37399 1.00000 
393.88800 1.00000 
394.05099 1.00000 
394.44601 1.00000 
394.77100 1.00000 
395.19901 1.00000 
395.37100 1.00000 
395.08600 1.00000 
395.64499 1.00000 
395.36301 1.00000 
395.47501 1.00000 
395.89499 1.00000 
395.65500 1.00000 
395.89801 1.00000 
396.19101 1.00000 
395.42001 1.00000 
396.12701 1.00000 
395.97101 1.00000 
395.66299 1.00000 
396.25900 1.00000 
395.83200 1.00000 
395.33200 1.00000 
395.48199 1.00000 
394.42801 1.00000 
395.39001 1.00000 
395.61401 1.00000 
395.70999 1.00000 
395.57300 1.00000 
395.05301 1.00000 
395.30099 1.00000 
395.70001 1.00000 
394.65900 1.00000 
393.92099 1.00000 
393.78299 1.00000 
393.98401 1.00000 
394.61499 1.00000 
395.09000 1.00000 
396.51599 1.00000 
394.30899 1.00000 
392.68600 1.00000 
391.53799 1.00000 
394.01999 1.00000 
392.24500 1.00000 
391.68201 1.00000 
390.90701 1.00000 
390.53101 1.00000 
388.70599 1.00000 
386.86700 1.00000 
389.55499 1.00000 
393.61499 1.00000 
396.71201 1.00000 
395.42200 1.00000 
405.93301 1.00000 
403.73599 1.00000 
0.00000 0.00000 
0.00000 0.00000 
0.00000 0.00000 
0.00000 0.00000 
0.00000 0.00000 
0.00000 0.00000 
0.00000 0.00000 
0.00000 0.00000 
0.00000 0.00000 
0.00000 0.00000 
0.00000 0.00000 
0.00000 0.00000 
0.00000 0.00000 
0.00000 0.00000 
0.00000 0.00000 
0.00000 0.00000 
0.00000 0.00000 
0.00000 0.00000 
0.00000 0.00000 
0.00000 0.00000 
0.00000 0.00000 
0.00000 0.00000 
0.00000 0.00000 
0.00000 0.00000 
0.00000 0.00000 
0.00000 0.00000 
0.00000 0.00000 
0.00000 0.00000 
0.00000 0.00000 
0.00000 0.00000 
0.00000 0.00000 
0.00000 0.00000 
0.00000 0.00000 
0.00000 0.00000 
0.00000 0.00000 
0.00000 0.00000 
0.00000 0.00000 
0.00000 0.00000 
0.00000 0.00000 
0.00000 0.00000 
0.00000 0.00000 
0.00000 0.00000 
0.00000 0.00000 
0.00000 0.00000 
0.00000 0.00000 
0.00000 0.00000 
0.00000 0.00000 
0.00000 0.00000 
0.00000 0.00000 
0.00000 0.00000 
0.00000 0.00000 
0.00000 0.00000 
0.00000 0.00000 
0.00000 0.00000 
0.00000 0.00000 
376.67700 1.00000 
373.61600 1.00000 
377.76300 1.00000 
379.98199 1.00000 
383.43600 1.00000 
386.61499 1.00000 
389.44199 1.00000 
390.95099 1.00000 
391.78900 1.00000 
391.89899 1.00000 
392.17499 1.00000 
392.04901 1.00000 
392.15201 1.00000 
392.24500 1.00000 
392.59399 1.00000 
392.66400 1.00000 
392.51901 1.00000 
392.39200 1.00000 
392.35901 1.00000 
392.26999 1.00000 
392.10599 1.00000 
392.30399 1.00000 
392.60599 1.00000 
392.67899 1.00000 
392.43701 1.00000 
392.61301 1.00000 
392.64801 1.00000 
392.52301 1.00000 
392.55200 1.00000 
392.38199 1.00000 
392.49500 1.00000 
392.68500 1.00000 
392.64401 1.00000 
392.97601 1.00000 
392.92700 1.00000 
393.24500 1.00000 
393.49399 1.00000 
393.52399 1.00000 
393.05701 1.00000 
393.19501 1.00000 
394.49500 1.00000 
395.53299 1.00000 
396.99301 1.00000 
397.12201 1.00000 
394.63199 1.00000 
392.12000 1.00000 
390.15701 1.00000 
394.15302 1.00000 
395.23700 1.00000 
397.78299 1.00000 
396.35300 1.00000 
394.84201 1.00000 
396.14499 1.00000 
395.65900 1.00000 
397.56900 1.00000 
398.10901 1.00000 
396.92099 1.00000 
394.03000 1.00000 
396.86099 1.00000 
397.65701 1.00000 
400.08899 1.00000 
407.57501 1.00000 
389.02301 1.00000 
348.34000 1.00000 
349.45999 1.00000 
344.16299 1.00000 
345.40500 1.00000 
344.02399 1.00000 
346.01001 1.00000 
347.13199 1.00000 
349.20999 1.00000 
350.65399 1.00000 
351.14099 1.00000 
350.41101 1.00000 
350.30600 1.00000 
349.74701 1.00000 
349.03000 1.00000 
347.98499 1.00000 
347.45401 1.00000 
347.14600 1.00000 
346.58099 1.00000 
345.85501 1.00000 
345.62299 1.00000 
345.73099 1.00000 
345.71100 1.00000 
345.87701 1.00000 
346.06900 1.00000 
346.60699 1.00000 
346.78900 1.00000 
347.18900 1.00000 
347.69101 1.00000 
348.73901 1.00000 
349.49200 1.00000 
350.02499 1.00000 
350.16101 1.00000 
350.76801 1.00000 
351.05899 1.00000 
350.90500 1.00000 
351.08701 1.00000 
351.47900 1.00000 
351.97900 1.00000 
351.98401 1.00000 
351.95999 1.00000 
351.64200 1.00000 
351.86600 1.00000 
351.93399 1.00000 
351.70599 1.00000 
351.67899 1.00000 
351.21399 1.00000 
351.47800 1.00000 
351.14301 1.00000 
350.23001 1.00000 
349.46301 1.00000 
349.05301 1.00000 
348.46701 1.00000 
347.07599 1.00000 
346.23300 1.00000 
346.93201 1.00000 
347.24200 1.00000 
346.49701 1.00000 
346.48599 1.00000 
347.09100 1.00000 
347.32300 1.00000 
346.35599 1.00000 
346.15500 1.00000 
343.62399 1.00000 
343.37799 1.00000 
348.64001 1.00000 
358.96600 1.00000 
345.92599 1.00000 
336.48801 1.00000 
332.62500 1.00000 
334.56100 1.00000 
341.37601 1.00000 
343.75900 1.00000 
347.20499 1.00000 
348.82001 1.00000 
349.89401 1.00000 
350.23700 1.00000 
350.85001 1.00000 
351.02200 1.00000 
351.16800 1.00000 
351.07501 1.00000 
351.05899 1.00000 
351.01599 1.00000 
350.70300 1.00000 
349.98001 1.00000 
349.77899 1.00000 
349.49799 1.00000 
349.06699 1.00000 
348.11899 1.00000 
347.62100 1.00000 
348.72299 1.00000 
348.93900 1.00000 
348.37500 1.00000 
348.01001 1.00000 
349.00400 1.00000 
349.41199 1.00000 
349.07101 1.00000 
348.66800 1.00000 
349.47400 1.00000 
349.65100 1.00000 
349.38599 1.00000 
348.48099 1.00000 
348.98099 1.00000 
349.47101 1.00000 
349.15601 1.00000 
348.43100 1.00000 
348.96100 1.00000 
349.34799 1.00000 
349.62500 1.00000 
349.00299 1.00000 
349.31000 1.00000 
349.74899 1.00000 
349.45700 1.00000 
349.14600 1.00000 
348.93399 1.00000 
348.78400 1.00000 
347.51501 1.00000 
346.93399 1.00000 
346.26801 1.00000 
348.50101 1.00000 
346.15500 1.00000 
342.99701 1.00000 
342.15900 1.00000 
0.00000 0.00000 
0.00000 0.00000 
0.00000 0.00000 
0.00000 0.00000 
0.00000 0.00000 
0.00000 0.00000 
0.00000 0.00000 
0.00000 0.00000 
0.00000 0.00000 
328.78799 1.00000 
328.25800 1.00000 
329.65799 1.00000 
328.81500 1.00000 
329.72400 1.00000 
331.28601 1.00000 
331.13400 1.00000 
330.63699 1.00000 
331.59900 1.00000 
331.90100 1.00000 
332.05099 1.00000 
332.30701 1.00000 
332.29901 1.00000 
332.37399 1.00000 
332.67300 1.00000 
332.47299 1.00000 
332.32199 1.00000 
332.45401 1.00000 
332.25900 1.00000 
332.32199 1.00000 
332.44901 1.00000 
332.41400 1.00000 
332.38901 1.00000 
332.33899 1.00000 
332.41400 1.00000 
332.37000 1.00000 
332.45300 1.00000 
332.58200 1.00000 
332.84299 1.00000 
332.62601 1.00000 
332.67599 1.00000 
332.90302 1.00000 
332.69601 1.00000 
332.92200 1.00000 
332.84799 1.00000 
332.90701 1.00000 
332.96600 1.00000 
332.74899 1.00000 
332.99899 1.00000 
333.16901 1.00000 
333.25400 1.00000 
332.93201 1.00000 
333.44601 1.00000 
333.19501 1.00000 
333.03601 1.00000 
332.55399 1.00000 
332.70099 1.00000 
332.96600 1.00000 
332.37799 1.00000 
332.35800 1.00000 
331.41599 1.00000 
330.91199 1.00000 
330.76801 1.00000 
330.47900 1.00000 
330.04700 1.00000 
329.83499 1.00000 
330.82700 1.00000 
329.29599 1.00000 
327.78101 1.00000 
328.82700 1.00000 
336.94299 1.00000 
332.64700 1.00000 
328.29001 1.00000 
329.55801 1.00000 
327.91699 1.00000 
323.85001 1.00000 
328.63000 1.00000 
331.31100 1.00000 
331.74399 1.00000 
330.95401 1.00000 
331.01599 1.00000 
330.96799 1.00000 
331.26401 1.00000 
331.16800 1.00000 
331.13901 1.00000 
331.03601 1.00000 
331.29999 1.00000 
331.02802 1.00000 
331.26501 1.00000 
331.25699 1.00000 
330.82599 1.00000 
330.82101 1.00000 
331.09399 1.00000 
331.11401 1.00000 
330.78000 1.00000 
330.63300 1.00000 
330.79599 1.00000 
330.98001 1.00000 
330.84299 1.00000 
330.72501 1.00000 
331.00201 1.00000 
330.92401 1.00000 
330.90500 1.00000 
330.93100 1.00000 
331.06299 1.00000 
330.90701 1.00000 
331.10001 1.00000 
331.11499 1.00000 
331.13901 1.00000 
331.04001 1.00000 
331.39801 1.00000 
331.14600 1.00000 
332.06100 1.00000 
332.79401 1.00000 
330.76599 1.00000 
328.47800 1.00000 
325.63400 1.00000 
328.56299 1.00000 
338.14600 1.00000 
327.59500 1.00000 
324.56100 1.00000 
333.73999 1.00000 
335.18301 1.00000 
309.35400 1.00000 
308.63000 1.00000 
290.19800 1.00000 
313.08401 1.00000 
328.18600 1.00000 
325.39801 1.00000 
319.04501 1.00000 
0.00000 0.00000 
0.00000 0.00000 
0.00000 0.00000 
0.00000 0.00000 
295.35901 1.00000 
290.13599 1.00000 
292.66501 1.00000 
293.28299 1.00000 
292.97101 1.00000 
294.14499 1.00000 
294.42200 1.00000 
294.44699 1.00000 
294.87299 1.00000 
295.54001 1.00000 
295.89899 1.00000 
296.45700 1.00000 
295.57300 1.00000 
294.93500 1.00000 
295.13699 1.00000 
294.84100 1.00000 
294.13199 1.00000 
293.06000 1.00000 
292.57101 1.00000 
292.08099 1.00000 
291.56201 1.00000 
291.16901 1.00000 
290.64301 1.00000 
290.45999 1.00000 
290.63501 1.00000 
291.03799 1.00000 
291.29700 1.00000 
291.58200 1.00000 
291.87100 1.00000 
292.47501 1.00000 
292.68100 1.00000 
293.35501 1.00000 
293.53799 1.00000 
293.71500 1.00000 
294.49701 1.00000 
294.70001 1.00000 
295.17001 1.00000 
295.58600 1.00000 
295.76999 1.00000 
296.28101 1.00000 
296.44901 1.00000 
296.45700 1.00000 
296.48001 1.00000 
296.32300 1.00000 
296.23001 1.00000 
296.06601 1.00000 
295.94800 1.00000 
295.20901 1.00000 
295.02701 1.00000 
293.95599 1.00000 
293.41199 1.00000 
293.36600 1.00000 
293.25500 1.00000 
292.95200 1.00000 
292.02899 1.00000 
291.01199 1.00000 
290.62900 1.00000 
289.61600 1.00000 
289.74399 1.00000 
290.16699 1.00000 
290.06500 1.00000 
290.56201 1.00000 
290.93900 1.00000 
290.92599 1.00000 
291.66299 1.00000 
291.88101 1.00000 
292.54999 1.00000 
293.06900 1.00000 
293.49799 1.00000 
294.06699 1.00000 
294.48300 1.00000 
294.81299 1.00000 
295.02701 1.00000 
295.04199 1.00000 
295.68399 1.00000 
295.69101 1.00000 
295.76501 1.00000 
295.15100 1.00000 
295.47501 1.00000 
295.69101 1.00000 
295.15601 1.00000 
295.31601 1.00000 
295.19901 1.00000 
294.69000 1.00000 
294.62799 1.00000 
294.37799 1.00000 
294.92999 1.00000 
294.60001 1.00000 
294.01401 1.00000 
293.22198 1.00000 
292.43701 1.00000 
291.51599 1.00000 
290.95700 1.00000 
291.13699 1.00000 
291.24701 1.00000 
291.67300 1.00000 
291.70099 1.00000 
291.72400 1.00000 
292.11301 1.00000 
292.21500 1.00000 
292.79501 1.00000 
293.03201 1.00000 
293.31400 1.00000 
293.59900 1.00000 
293.93301 1.00000 
294.17801 1.00000 
294.61099 1.00000 
295.12100 1.00000 
295.91599 1.00000 
295.96100 1.00000 
295.93701 1.00000 
295.95300 1.00000 
295.70001 1.00000 
296.00601 1.00000 
296.03799 1.00000 
295.69299 1.00000 
295.35699 1.00000 
295.07901 1.00000 
294.92200 1.00000 
294.88101 1.00000 
294.64600 1.00000 
294.34100 1.00000 
294.12500 1.00000 
293.55099 1.00000 
293.50900 1.00000 
293.29199 1.00000 
293.15399 1.00000 
292.77499 1.00000 
292.97101 1.00000 
293.59100 1.00000 
293.45401 1.00000 
293.36499 1.00000 
293.68399 1.00000 
293.77200 1.00000 
293.91000 1.00000 
293.96600 1.00000 
293.37500 1.00000 
293.92300 1.00000 
294.35101 1.00000 
294.35501 1.00000 
294.62500 1.00000 
294.07401 1.00000 
294.32501 1.00000 
294.51099 1.00000 
294.67200 1.00000 
294.25299 1.00000 
293.92200 1.00000 
293.74799 1.00000 
293.39099 1.00000 
293.64600 1.00000 
293.36801 1.00000 
293.65799 1.00000 
293.03201 1.00000 
292.65100 1.00000 
293.29901 1.00000 
292.63699 1.00000 
295.16699 1.00000 
294.12799 1.00000 
295.21301 1.00000 
294.67599 1.00000 
295.13699 1.00000 
293.08401 1.00000 
292.29001 1.00000 
0.00000 0.00000 
0.00000 0.00000 
0.00000 0.00000 
0.00000 0.00000 
0.00000 0.00000 
0.00000 0.00000 
0.00000 0.00000 
0.00000 0.00000 
0.00000 0.00000 
0.00000 0.00000 
0.00000 0.00000 
0.00000 0.00000 
0.00000 0.00000 
0.00000 0.00000 
0.00000 0.00000 
0.00000 0.00000 
0.00000 0.00000 
0.00000 0.00000 
0.00000 0.00000 
0.00000 0.00000 
0.00000 0.00000 
0.00000 0.00000 
0.00000 0.00000 
0.00000 0.00000 
0.00000 0.00000 
0.00000 0.00000 
0.00000 0.00000 
359.37500 1.00000 
359.55801 1.00000 
361.40201 1.00000 
364.19699 1.00000 
366.72699 1.00000 
367.44000 1.00000 
367.30801 1.00000 
368.17401 1.00000 
368.36401 1.00000 
368.52200 1.00000 
368.42599 1.00000 
368.76501 1.00000 
368.57401 1.00000 
368.51599 1.00000 
368.28900 1.00000 
368.29599 1.00000 
368.24500 1.00000 
367.89401 1.00000 
368.43301 1.00000 
368.12201 1.00000 
369.02399 1.00000 
369.69800 1.00000 
370.66501 1.00000 
372.23001 1.00000 
374.22299 1.00000 
376.68600 1.00000 
378.32800 1.00000 
379.56699 1.00000 
381.27600 1.00000 
382.70001 1.00000 
384.76001 1.00000 
385.50400 1.00000 
385.98700 1.00000 
387.17499 1.00000 
387.75800 1.00000 
387.44901 1.00000 
388.39899 1.00000 
389.32999 1.00000 
389.79501 1.00000 
389.91299 1.00000 
390.58499 1.00000 
391.23001 1.00000 
391.71799 1.00000 
391.76901 1.00000 
391.12799 1.00000 
391.26199 1.00000 
391.30801 1.00000 
391.62799 1.00000 
391.67801 1.00000 
391.93600 1.00000 
392.25699 1.00000 
391.88699 1.00000 
391.88300 1.00000 
392.22501 1.00000 
392.33099 1.00000 
392.16901 1.00000 
392.33899 1.00000 
392.55200 1.00000 
392.76999 1.00000 
392.32901 1.00000 
392.74200 1.00000 
392.79800 1.00000 
393.04901 1.00000 
393.34601 1.00000 
393.07199 1.00000 
393.60999 1.00000 
393.75201 1.00000 
394.02200 1.00000 
394.15701 1.00000 
393.41000 1.00000 
393.17999 1.00000 
392.90500 1.00000 
392.67700 1.00000 
392.54800 1.00000 
392.17401 1.00000 
391.31000 1.00000 
390.85199 1.00000 
391.17599 1.00000 
391.56000 1.00000 
389.49200 1.00000 
390.51401 1.00000 
399.90399 1.00000 
387.64801 1.00000 
390.47101 1.00000 
389.56000 1.00000 
384.58499 1.00000 
381.30099 1.00000 
362.53799 1.00000 
332.76001 1.00000 
335.56500 1.00000 
333.40399 1.00000 
327.32599 1.00000 
328.62399 1.00000 
328.78299 1.00000 
325.87900 1.00000 
328.74301 1.00000 
328.89401 1.00000 
325.97000 1.00000 
329.17200 1.00000 
329.07401 1.00000 
328.76300 1.00000 
331.48199 1.00000 
331.74100 1.00000 
331.83301 1.00000 
333.54300 1.00000 
333.94400 1.00000 
333.92999 1.00000 
333.97400 1.00000 
334.17899 1.00000 
333.42099 1.00000 
333.15500 1.00000 
333.81000 1.00000 
333.87900 1.00000 
334.04199 1.00000 
335.90701 1.00000 
338.21701 1.00000 
335.55099 1.00000 
335.34299 1.00000 
335.21899 1.00000 
333.12500 1.00000 
333.04800 1.00000 
333.18201 1.00000 
331.74600 1.00000 
331.83499 1.00000 
330.68399 1.00000 
330.27100 1.00000 
331.57101 1.00000 
331.75900 1.00000 
331.30200 1.00000 
332.35699 1.00000 
333.09601 1.00000 
332.18100 1.00000 
331.49799 1.00000 
331.89899 1.00000 
331.63199 1.00000 
331.36099 1.00000 
332.68701 1.00000 
331.73801 1.00000 
332.08499 1.00000 
333.57901 1.00000 
333.15500 1.00000 
330.95700 1.00000 
330.48700 1.00000 
328.69000 1.00000 
325.32101 1.00000 
333.72299 1.00000 
326.31299 1.00000 
328.41901 1.00000 
328.87799 1.00000 
287.96100 1.00000 
290.59201 1.00000 
290.27600 1.00000 
292.01099 1.00000 
290.74500 1.00000 
290.45001 1.00000 
290.34799 1.00000 
290.15100 1.00000 
290.88501 1.00000 
291.73700 1.00000 
291.98700 1.00000 
293.25201 1.00000 
293.14301 1.00000 
292.96899 1.00000 
293.73700 1.00000 
293.92899 1.00000 
293.79001 1.00000 
294.18399 1.00000 
294.09500 1.00000 
294.06299 1.00000 
294.22400 1.00000 
294.30301 1.00000 
294.39401 1.00000 
294.39999 1.00000 
294.01901 1.00000 
293.93100 1.00000 
293.93799 1.00000 
293.69699 1.00000 
293.86200 1.00000 
294.28500 1.00000 
294.37100 1.00000 
294.42099 1.00000 
294.32599 1.00000 
294.51801 1.00000 
294.34900 1.00000 
294.70001 1.00000 
294.63501 1.00000 
294.47900 1.00000 
294.58099 1.00000 
294.55099 1.00000 
294.31799 1.00000 
293.97198 1.00000 
294.10001 1.00000 
293.70599 1.00000 
294.07300 1.00000 
293.56201 1.00000 
293.30200 1.00000 
292.19901 1.00000 
292.38599 1.00000 
293.10101 1.00000 
296.51501 1.00000 
298.04800 1.00000 
295.13699 1.00000 
288.70901 1.00000 
295.88599 1.00000 
298.60300 1.00000 
294.66101 1.00000 
290.83099 1.00000 
297.52701 1.00000 
298.87399 1.00000 
294.91501 1.00000 
299.99500 1.00000 
330.26599 1.00000 
333.72601 1.00000 
332.06500 1.00000 
330.12201 1.00000 
332.66800 1.00000 
333.10300 1.00000 
332.81100 1.00000 
333.87299 1.00000 
332.62100 1.00000 
332.59201 1.00000 
331.82001 1.00000 
330.57800 1.00000 
330.68600 1.00000 
329.92001 1.00000 
329.37701 1.00000 
329.81299 1.00000 
329.03400 1.00000 
329.39401 1.00000 
330.34900 1.00000 
330.16599 1.00000 
330.80499 1.00000 
331.18799 1.00000 
331.40399 1.00000 
332.07501 1.00000 
331.62799 1.00000 
332.32001 1.00000 
332.97800 1.00000 
332.35501 1.00000 
333.54099 1.00000 
333.57700 1.00000 
333.40900 1.00000 
334.50699 1.00000 
333.96100 1.00000 
334.65500 1.00000 
335.09601 1.00000 
335.07999 1.00000 
336.09201 1.00000 
335.32999 1.00000 
336.46201 1.00000 
335.76300 1.00000 
335.51300 1.00000 
335.53201 1.00000 
334.49600 1.00000 
336.88300 1.00000 
334.10999 1.00000 
335.67700 1.00000 
333.85901 1.00000 
333.13400 1.00000 
335.42899 1.00000 
331.90201 1.00000 
335.07901 1.00000 
332.95801 1.00000 
333.29099 1.00000 
334.89700 1.00000 
332.39099 1.00000 
333.37701 1.00000 
332.15500 1.00000 
332.79300 1.00000 
335.72601 1.00000 
331.79700 1.00000 
332.58701 1.00000 
333.23099 1.00000 
335.09000 1.00000 
331.58701 1.00000 
340.53000 1.00000 
342.40701 1.00000 
346.36700 1.00000 
346.47198 1.00000 
347.68799 1.00000 
348.46201 1.00000 
348.78201 1.00000 
349.03400 1.00000 
349.25900 1.00000 
349.17499 1.00000 
349.11801 1.00000 
349.22699 1.00000 
349.30099 1.00000 
349.16901 1.00000 
349.39401 1.00000 
349.29501 1.00000 
349.20499 1.00000 
349.37799 1.00000 
349.28400 1.00000 
349.23099 1.00000 
349.61301 1.00000 
349.51199 1.00000 
349.54800 1.00000 
349.67401 1.00000 
349.72299 1.00000 
349.83401 1.00000 
349.78201 1.00000 
349.89200 1.00000 
349.82001 1.00000 
349.98599 1.00000 
350.02100 1.00000 
350.16599 1.00000 
349.96701 1.00000 
349.91000 1.00000 
350.11499 1.00000 
349.96600 1.00000 
349.97299 1.00000 
350.23199 1.00000 
350.31601 1.00000 
350.30600 1.00000 
349.93799 1.00000 
349.74100 1.00000 
349.85400 1.00000 
350.28400 1.00000 
349.56400 1.00000 
349.22000 1.00000 
349.68100 1.00000 
349.98700 1.00000 
349.92700 1.00000 
349.76199 1.00000 
349.20700 1.00000 
349.04300 1.00000 
348.04800 1.00000 
349.09500 1.00000 
351.59799 1.00000 
361.34100 1.00000 
367.65799 1.00000 
368.73700 1.00000 
357.87399 1.00000 
361.64801 1.00000 
349.20001 1.00000 
379.40799 1.00000 
389.35199 1.00000 
392.27802 1.00000 
394.94199 1.00000 
394.59000 1.00000 
394.50000 1.00000 
394.66699 1.00000 
394.67401 1.00000 
394.99899 1.00000 
394.81699 1.00000 
394.08600 1.00000 
393.93201 1.00000 
393.93201 1.00000 
393.72400 1.00000 
393.77301 1.00000 
392.85400 1.00000 
391.36099 1.00000 
389.53201 1.00000 
388.11600 1.00000 
386.58301 1.00000 
385.62500 1.00000 
385.03900 1.00000 
385.03000 1.00000 
385.55600 1.00000 
386.41599 1.00000 
386.97501 1.00000 
387.64099 1.00000 
388.50201 1.00000 
389.60901 1.00000 
390.89600 1.00000 
392.16400 1.00000 
393.71500 1.00000 
395.50800 1.00000 
397.24799 1.00000 
398.26300 1.00000 
399.38101 1.00000 
399.34100 1.00000 
398.83600 1.00000 
398.39700 1.00000 
398.34399 1.00000 
398.25500 1.00000 
398.12201 1.00000 
398.04401 1.00000 
397.81201 1.00000 
397.76599 1.00000 
397.82001 1.00000 
397.66299 1.00000 
397.50601 1.00000 
397.23999 1.00000 
397.17001 1.00000 
397.07800 1.00000 
397.03601 1.00000 
396.99200 1.00000 
396.77899 1.00000 
397.08701 1.00000 
396.93301 1.00000 
397.26199 1.00000 
397.84399 1.00000 
398.69901 1.00000 
399.55899 1.00000 
398.83401 1.00000 
398.26199 1.00000 
397.43600 1.00000 
396.79199 1.00000 
395.43701 1.00000 
395.40900 1.00000 
396.86499 1.00000 
396.47900 1.00000 
393.60199 1.00000 
394.21301 1.00000 
394.06799 1.00000 
393.70801 1.00000 
390.97800 1.00000 
391.95599 1.00000 
391.70401 1.00000 
392.06299 1.00000 
392.04501 1.00000 
395.11401 1.00000 
391.89200 1.00000 
379.32999 1.00000 
378.60199 1.00000 
382.54099 1.00000 
386.48599 1.00000 
387.36099 1.00000 
386.09000 1.00000 
0.00000 0.00000 
0.00000 0.00000 
0.00000 0.00000 
0.00000 0.00000 
497.92200 1.00000 
510.95099 1.00000 
510.92300 1.00000 
522.71802 1.00000 
523.06000 1.00000 
524.33502 1.00000 
524.72498 1.00000 
525.99902 1.00000 
525.21802 1.00000 
527.21899 1.00000 
525.53302 1.00000 
525.83899 1.00000 
512.57300 1.00000 
526.24799 1.00000 
526.22803 1.00000 
529.62000 1.00000 
529.33899 1.00000 
529.37903 1.00000 
529.18201 1.00000 
529.56598 1.00000 
529.03699 1.00000 
527.81403 1.00000 
526.21301 1.00000 
527.72198 1.00000 
527.70502 1.00000 
526.77899 1.00000 
526.51801 1.00000 
524.20398 1.00000 
523.63599 1.00000 
525.09198 1.00000 
524.80499 1.00000 
523.83398 1.00000 
525.10797 1.00000 
0.00000 0.00000 
0.00000 0.00000 
0.00000 0.00000 
0.00000 0.00000 
267.87799 1.00000 
266.91199 1.00000 
268.53900 1.00000 
267.29999 1.00000 
265.69199 1.00000 
260.56500 1.00000 
264.31799 1.00000 
264.16699 1.00000 
263.15601 1.00000 
268.50299 1.00000 
265.77802 1.00000 
262.76999 1.00000 
263.27701 1.00000 
265.16299 1.00000 
0.00000 0.00000 
0.00000 0.00000 
0.00000 0.00000 
0.00000 0.00000 
0.00000 0.00000 
0.00000 0.00000 
0.00000 0.00000 
0.00000 0.00000 
0.00000 0.00000 
0.00000 0.00000 
0.00000 0.00000 
0.00000 0.00000 
0.00000 0.00000 
0.00000 0.00000 
0.00000 0.00000 
0.00000 0.00000 
0.00000 0.00000 
0.00000 0.00000 
0.00000 0.00000 
0.00000 0.00000 
0.00000 0.00000 
0.00000 0.00000 
0.00000 0.00000 
0.00000 0.00000 
0.00000 0.00000 
0.00000 0.00000 
0.00000 0.00000 
0.00000 0.00000 
0.00000 0.00000 
0.00000 0.00000 
0.00000 0.00000 
0.00000 0.00000 
0.00000 0.00000 
0.00000 0.00000 
0.00000 0.00000 
0.00000 0.00000 
0.00000 0.00000 
0.00000 0.00000 
0.00000 0.00000 
0.00000 0.00000 
0.00000 0.00000 
0.00000 0.00000 
0.00000 0.00000 
0.00000 0.00000 
0.00000 0.00000 
0.00000 0.00000 
0.00000 0.00000 
0.00000 0.00000 
0.00000 0.00000 
0.00000 0.00000 
0.00000 0.00000 
0.00000 0.00000 
0.00000 0.00000 
0.00000 0.00000 
0.00000 0.00000 
0.00000 0.00000 
0.00000 0.00000 
0.00000 0.00000 
0.00000 0.00000 
0.00000 0.00000 
0.00000 0.00000 
0.00000 0.00000 
0.00000 0.00000 
0.00000 0.00000 
0.00000 0.00000 
0.00000 0.00000 
0.00000 0.00000 
0.00000 0.00000 
0.00000 0.00000 
511.20599 1.00000 
511.40900 1.00000 
517.28497 1.00000 
518.27100 1.00000 
518.83600 1.00000 
519.02698 1.00000 
519.62500 1.00000 
519.66101 1.00000 
519.90198 1.00000 
519.83600 1.00000 
519.89600 1.00000 
520.13300 1.00000 
519.97699 1.00000 
519.92102 1.00000 
519.79199 1.00000 
519.77301 1.00000 
519.93597 1.00000 
519.68701 1.00000 
519.68701 1.00000 
519.74701 1.00000 
519.75897 1.00000 
519.74701 1.00000 
519.77698 1.00000 
519.82703 1.00000 
519.73901 1.00000 
520.11102 1.00000 
519.76202 1.00000 
519.86700 1.00000 
519.78601 1.00000 
519.46100 1.00000 
519.96198 1.00000 
518.85602 1.00000 
519.73999 1.00000 
520.70502 1.00000 
520.73401 1.00000 
521.53601 1.00000 
520.89899 1.00000 
522.34003 1.00000 
520.47803 1.00000 
521.47101 1.00000 
520.08801 1.00000 
525.31702 1.00000 
521.40198 1.00000 
518.67603 1.00000 
519.54797 1.00000 
524.97900 1.00000 
523.78302 1.00000 
523.88800 1.00000 
524.69000 1.00000 
520.69299 1.00000 
517.79498 1.00000 
518.68799 1.00000 
515.67902 1.00000 
521.69397 1.00000 
520.86902 1.00000 
519.82202 1.00000 
519.05499 1.00000 
516.03699 1.00000 
512.96997 1.00000 
517.05200 1.00000 
426.67200 1.00000 
438.47900 1.00000 
450.43500 1.00000 
488.75601 1.00000 
487.52100 1.00000 
489.97501 1.00000 
491.83401 1.00000 
493.61200 1.00000 
494.90601 1.00000 
496.08701 1.00000 
496.80600 1.00000 
497.10001 1.00000 
497.25900 1.00000 
496.87601 1.00000 
496.76599 1.00000 
496.40100 1.00000 
496.55701 1.00000 
496.38400 1.00000 
496.49701 1.00000 
496.70099 1.00000 
496.69000 1.00000 
496.75000 1.00000 
496.77301 1.00000 
496.59000 1.00000 
496.52899 1.00000 
496.38599 1.00000 
496.42499 1.00000 
496.42099 1.00000 
496.18301 1.00000 
496.16199 1.00000 
496.07001 1.00000 
495.81400 1.00000 
495.62601 1.00000 
495.38199 1.00000 
495.84000 1.00000 
495.85300 1.00000 
495.64001 1.00000 
495.96899 1.00000 
496.41400 1.00000 
496.88000 1.00000 
496.96301 1.00000 
497.20001 1.00000 
496.88901 1.00000 
496.98700 1.00000 
496.90201 1.00000 
496.32199 1.00000 
496.71301 1.00000 
496.32800 1.00000 
496.13699 1.00000 
495.95401 1.00000 
495.63300 1.00000 
494.92001 1.00000 
495.87701 1.00000 
496.61200 1.00000 
497.55499 1.00000 
497.52600 1.00000 
497.47299 1.00000 
497.74200 1.00000 
497.03000 1.00000 
497.01901 1.00000 
497.83801 1.00000 
503.63300 1.00000 
508.29700 1.00000 
511.60300 1.00000 
513.66901 1.00000 
0.00000 0.00000 
0.00000 0.00000 
0.00000 0.00000 
518.92999 1.00000 
520.62402 1.00000 
521.71503 1.00000 
522.98199 1.00000 
523.16498 1.00000 
523.31299 1.00000 
523.34802 1.00000 
523.40802 1.00000 
523.29102 1.00000 
523.37201 1.00000 
523.83197 1.00000 
523.91901 1.00000 
524.08301 1.00000 
524.26202 1.00000 
524.22900 1.00000 
524.30200 1.00000 
524.38501 1.00000 
524.37000 1.00000 
524.42102 1.00000 
524.44000 1.00000 
524.29602 1.00000 
524.53003 1.00000 
524.53003 1.00000 
524.68799 1.00000 
524.73297 1.00000 
524.82098 1.00000 
524.82397 1.00000 
524.78601 1.00000 
524.87799 1.00000 
524.90503 1.00000 
524.92401 1.00000 
525.11902 1.00000 
525.14899 1.00000 
524.85999 1.00000 
524.82599 1.00000 
525.12701 1.00000 
524.93500 1.00000 
524.77899 1.00000 
524.88000 1.00000 
524.71503 1.00000 
524.84698 1.00000 
524.61401 1.00000 
524.96802 1.00000 
524.64899 1.00000 
524.78400 1.00000 
524.71899 1.00000 
524.39502 1.00000 
524.46899 1.00000 
524.48401 1.00000 
524.51202 1.00000 
524.46899 1.00000 
524.00098 1.00000 
523.48602 1.00000 
521.92102 1.00000 
519.83099 1.00000 
519.88898 1.00000 
525.61298 1.00000 
532.32397 1.00000 
557.07397 1.00000 
577.51398 1.00000 
583.46698 1.00000 
586.95697 1.00000 
587.15698 1.00000 
587.64801 1.00000 
587.37201 1.00000 
587.66498 1.00000 
588.60199 1.00000 
589.01801 1.00000 
589.20099 1.00000 
589.55902 1.00000 
589.90100 1.00000 
590.23700 1.00000 
590.39899 1.00000 
590.46698 1.00000 
590.55798 1.00000 
590.57599 1.00000 
590.60999 1.00000 
590.69202 1.00000 
590.68903 1.00000 
590.45898 1.00000 
590.52100 1.00000 
590.91803 1.00000 
590.96899 1.00000 
590.89398 1.00000 
590.66302 1.00000 
590.77698 1.00000 
590.82599 1.00000 
590.59003 1.00000 
590.57098 1.00000 
590.34399 1.00000 
590.13501 1.00000 
590.28497 1.00000 
590.45203 1.00000 
590.16803 1.00000 
590.10101 1.00000 
589.78998 1.00000 
590.34900 1.00000 
590.45502 1.00000 
590.49500 1.00000 
590.69098 1.00000 
590.86499 1.00000 
590.07098 1.00000 
590.53601 1.00000 
591.18799 1.00000 
590.29199 1.00000 
590.43402 1.00000 
590.85498 1.00000 
590.17603 1.00000 
589.84399 1.00000 
590.63702 1.00000 
589.46399 1.00000 
590.02002 1.00000 
590.95001 1.00000 
589.39398 1.00000 
589.56201 1.00000 
594.00500 1.00000 
601.06702 1.00000 
604.25702 1.00000 
596.64203 1.00000 
598.43799 1.00000 
591.53699 1.00000 
591.34100 1.00000 
604.88599 1.00000 
636.23199 1.00000 
651.15503 1.00000 
649.32001 1.00000 
659.46100 1.00000 
660.75403 1.00000 
658.95300 1.00000 
663.71198 1.00000 
660.60699 1.00000 
661.51300 1.00000 
664.03802 1.00000 
661.39600 1.00000 
663.94800 1.00000 
663.15900 1.00000 
662.65002 1.00000 
665.06097 1.00000 
662.46802 1.00000 
664.40698 1.00000 
664.52197 1.00000 
662.84100 1.00000 
665.16998 1.00000 
663.12299 1.00000 
664.00897 1.00000 
664.63300 1.00000 
662.37598 1.00000 
665.29901 1.00000 
663.43799 1.00000 
662.98297 1.00000 
665.29102 1.00000 
662.41498 1.00000 
664.93201 1.00000 
663.92297 1.00000 
662.61298 1.00000 
665.73297 1.00000 
662.37097 1.00000 
663.52698 1.00000 
664.45502 1.00000 
661.83398 1.00000 
664.96899 1.00000 
662.57599 1.00000 
662.78601 1.00000 
665.48999 1.00000 
662.11700 1.00000 
664.73798 1.00000 
663.73700 1.00000 
662.26202 1.00000 
665.33099 1.00000 
661.28497 1.00000 
661.78802 1.00000 
662.27197 1.00000 
657.48901 1.00000 
659.02301 1.00000 
656.61499 1.00000 
651.40802 1.00000 
642.75500 1.00000 
633.44702 1.00000 
632.30200 1.00000 
629.36603 1.00000 
624.76801 1.00000 
650.54401 1.00000 
621.70697 1.00000 
0.00000 0.00000 
0.00000 0.00000 
0.00000 0.00000 
0.00000 0.00000 
0.00000 0.00000 
0.00000 0.00000 
519.33301 1.00000 
519.85797 1.00000 
520.86200 1.00000 
519.99701 1.00000 
519.20398 1.00000 
518.64697 1.00000 
518.63397 1.00000 
518.65900 1.00000 
518.63599 1.00000 
518.91699 1.00000 
519.27698 1.00000 
519.43701 1.00000 
520.61102 1.00000 
521.51398 1.00000 
522.39697 1.00000 
524.31299 1.00000 
525.76801 1.00000 
526.88599 1.00000 
528.10498 1.00000 
528.96802 1.00000 
529.33099 1.00000 
529.83801 1.00000 
530.07098 1.00000 
530.11499 1.00000 
530.50500 1.00000 
530.57202 1.00000 
530.41199 1.00000 
529.94000 1.00000 
529.47998 1.00000 
528.97601 1.00000 
527.94397 1.00000 
526.89899 1.00000 
525.13800 1.00000 
523.18500 1.00000 
521.85602 1.00000 
521.16998 1.00000 
520.16602 1.00000 
518.86401 1.00000 
517.32397 1.00000 
516.83698 1.00000 
516.80499 1.00000 
517.17401 1.00000 
517.39899 1.00000 
517.83801 1.00000 
518.65002 1.00000 
519.50500 1.00000 
519.79102 1.00000 
520.98602 1.00000 
522.61401 1.00000 
525.07300 1.00000 
526.43103 1.00000 
527.81500 1.00000 
528.75702 1.00000 
529.42902 1.00000 
530.15900 1.00000 
530.46399 1.00000 
530.72101 1.00000 
531.12598 1.00000 
531.13300 1.00000 
530.55103 1.00000 
530.30701 1.00000 
529.92902 1.00000 
529.45697 1.00000 
528.78198 1.00000 
527.88000 1.00000 
526.84100 1.00000 
525.20203 1.00000 
523.70697 1.00000 
522.92700 1.00000 
522.48102 1.00000 
522.07898 1.00000 
520.86603 1.00000 
519.13800 1.00000 
519.00201 1.00000 
519.27197 1.00000 
519.60999 1.00000 
519.48102 1.00000 
519.02502 1.00000 
519.31500 1.00000 
519.39301 1.00000 
519.62500 1.00000 
520.09100 1.00000 
520.21802 1.00000 
520.63702 1.00000 
520.74597 1.00000 
521.79999 1.00000 
523.04199 1.00000 
524.47498 1.00000 
525.47498 1.00000 
526.60901 1.00000 
527.47101 1.00000 
528.78302 1.00000 
528.77600 1.00000 
528.37402 1.00000 
528.88800 1.00000 
529.75598 1.00000 
530.48901 1.00000 
529.16803 1.00000 
527.47601 1.00000 
527.41101 1.00000 
527.23999 1.00000 
527.24200 1.00000 
526.17401 1.00000 
528.21899 1.00000 
527.27600 1.00000 
526.37903 1.00000 
525.53003 1.00000 
528.06403 1.00000 
521.37500 1.00000 
520.02002 1.00000 
520.08398 1.00000 
530.36102 1.00000 
532.47400 1.00000 
542.52502 1.00000 
533.61401 1.00000 
0.00000 0.00000 
0.00000 0.00000 
0.00000 0.00000 
0.00000 0.00000 
0.00000 0.00000 
0.00000 0.00000 
0.00000 0.00000 
0.00000 0.00000 
0.00000 0.00000 
0.00000 0.00000 
0.00000 0.00000 
0.00000 0.00000 
0.00000 0.00000 
0.00000 0.00000 
513.98102 1.00000 
526.73602 1.00000 
527.98798 1.00000 
529.10498 1.00000 
530.28998 1.00000 
530.38501 1.00000 
530.37903 1.00000 
530.02802 1.00000 
529.57703 1.00000 
528.80902 1.00000 
527.91101 1.00000 
526.36798 1.00000 
524.37402 1.00000 
522.89301 1.00000 
521.68298 1.00000 
521.37799 1.00000 
520.38300 1.00000 
519.59100 1.00000 
519.16101 1.00000 
518.93799 1.00000 
519.34497 1.00000 
519.47101 1.00000 
519.54303 1.00000 
519.87799 1.00000 
520.13397 1.00000 
520.90802 1.00000 
521.76501 1.00000 
522.81799 1.00000 
524.10400 1.00000 
525.47900 1.00000 
526.17700 1.00000 
527.12299 1.00000 
527.92999 1.00000 
528.56000 1.00000 
529.33600 1.00000 
529.94202 1.00000 
530.82703 1.00000 
531.86798 1.00000 
531.92297 1.00000 
531.64600 1.00000 
531.27301 1.00000 
530.57300 1.00000 
529.89600 1.00000 
529.52399 1.00000 
529.09399 1.00000 
528.95099 1.00000 
528.73102 1.00000 
528.85101 1.00000 
529.04999 1.00000 
529.17200 1.00000 
529.40698 1.00000 
530.06598 1.00000 
530.65100 1.00000 
531.10498 1.00000 
530.94202 1.00000 
530.88098 1.00000 
533.27100 1.00000 
534.57098 1.00000 
527.34998 1.00000 
532.40802 1.00000 
526.87903 1.00000 
527.18701 1.00000 
529.11401 1.00000 
539.08002 1.00000 
636.40900 1.00000 
658.87903 1.00000 
660.50500 1.00000 
660.27502 1.00000 
660.04700 1.00000 
659.69000 1.00000 
658.95599 1.00000 
658.18103 1.00000 
657.71399 1.00000 
657.30402 1.00000 
657.04303 1.00000 
656.31299 1.00000 
655.78101 1.00000 
655.20099 1.00000 
654.58301 1.00000 
654.17200 1.00000 
653.71503 1.00000 
653.33099 1.00000 
653.05499 1.00000 
653.01300 1.00000 
652.96997 1.00000 
653.55499 1.00000 
653.37799 1.00000 
653.67798 1.00000 
654.12000 1.00000 
654.28601 1.00000 
654.37500 1.00000 
654.34497 1.00000 
654.39203 1.00000 
654.61200 1.00000 
654.63599 1.00000 
654.75299 1.00000 
654.97803 1.00000 
655.00000 1.00000 
654.55200 1.00000 
655.07703 1.00000 
654.31000 1.00000 
654.00800 1.00000 
654.14899 1.00000 
653.41901 1.00000 
653.57098 1.00000 
653.83099 1.00000 
653.25403 1.00000 
654.12903 1.00000 
654.08301 1.00000 
653.87402 1.00000 
654.18701 1.00000 
653.75598 1.00000 
652.91400 1.00000 
652.92499 1.00000 
653.24402 1.00000 
653.17999 1.00000 
654.17999 1.00000 
654.23499 1.00000 
651.96399 1.00000 
649.48297 1.00000 
655.04901 1.00000 
650.64398 1.00000 
654.57898 1.00000 
648.99103 1.00000 
652.55298 1.00000 
647.91498 1.00000 
651.55402 1.00000 
649.69000 1.00000 
649.27100 1.00000 
0.00000 0.00000 
0.00000 0.00000 
0.00000 0.00000 
0.00000 0.00000 
519.00000 1.00000 
518.40601 1.00000 
517.40002 1.00000 
517.23297 1.00000 
517.46899 1.00000 
517.71399 1.00000 
517.75098 1.00000 
518.40002 1.00000 
518.70300 1.00000 
519.40802 1.00000 
520.59698 1.00000 
521.89301 1.00000 
522.67700 1.00000 
522.57599 1.00000 
522.94098 1.00000 
523.38397 1.00000 
524.34399 1.00000 
525.47998 1.00000 
526.87701 1.00000 
527.09900 1.00000 
526.70697 1.00000 
525.71002 1.00000 
525.16101 1.00000 
524.62500 1.00000 
524.19702 1.00000 
523.83197 1.00000 
523.54401 1.00000 
522.95599 1.00000 
522.50201 1.00000 
521.95898 1.00000 
521.39301 1.00000 
521.51099 1.00000 
521.38898 1.00000 
521.54901 1.00000 
521.41302 1.00000 
521.62201 1.00000 
521.44501 1.00000 
521.90997 1.00000 
522.25500 1.00000 
522.47601 1.00000 
522.95801 1.00000 
523.21301 1.00000 
523.43298 1.00000 
523.78497 1.00000 
524.26898 1.00000 
524.54700 1.00000 
524.51599 1.00000 
524.48297 1.00000 
524.43597 1.00000 
524.23700 1.00000 
523.53601 1.00000 
522.65698 1.00000 
522.95300 1.00000 
524.09100 1.00000 
523.57501 1.00000 
522.50000 1.00000 
523.71997 1.00000 
526.25500 1.00000 
528.73999 1.00000 
515.57501 1.00000 
387.65701 1.00000 
389.11499 1.00000 
389.95599 1.00000 
389.19800 1.00000 
390.19400 1.00000 
390.84000 1.00000 
391.25000 1.00000 
391.65799 1.00000 
391.50299 1.00000 
391.79199 1.00000 
391.71201 1.00000 
391.60400 1.00000 
391.85001 1.00000 
391.65799 1.00000 
391.38000 1.00000 
391.64801 1.00000 
391.48700 1.00000 
392.01001 1.00000 
391.83600 1.00000 
392.13300 1.00000 
392.16199 1.00000 
392.67001 1.00000 
392.09601 1.00000 
392.58301 1.00000 
392.72800 1.00000 
392.51099 1.00000 
393.26599 1.00000 
392.93100 1.00000 
393.49500 1.00000 
393.40500 1.00000 
393.16400 1.00000 
393.77600 1.00000 
393.79199 1.00000 
394.17899 1.00000 
394.57101 1.00000 
394.77301 1.00000 
394.84500 1.00000 
395.24301 1.00000 
393.72800 1.00000 
394.71899 1.00000 
394.92801 1.00000 
394.88300 1.00000 
396.13901 1.00000 
394.57901 1.00000 
395.68600 1.00000 
397.52600 1.00000 
397.30600 1.00000 
398.26700 1.00000 
398.74600 1.00000 
397.48099 1.00000 
396.05499 1.00000 
398.35901 1.00000 
395.58899 1.00000 
396.26801 1.00000 
396.95700 1.00000 
397.56799 1.00000 
398.00101 1.00000 
401.43900 1.00000 
404.58200 1.00000 
411.24200 1.00000 
419.73599 1.00000 
391.64099 1.00000 
393.71201 1.00000 
392.03000 1.00000 
392.13101 1.00000 
392.41400 1.00000 
391.72198 1.00000 
391.83099 1.00000 
392.24200 1.00000 
391.15701 1.00000 
390.96201 1.00000 
390.59000 1.00000 
390.23199 1.00000 
389.74301 1.00000 
388.92300 1.00000 
388.18900 1.00000 
387.52301 1.00000 
386.68399 1.00000 
385.89899 1.00000 
385.45499 1.00000 
385.63800 1.00000 
386.25400 1.00000 
387.19601 1.00000 
387.82001 1.00000 
388.48499 1.00000 
389.24301 1.00000 
389.93799 1.00000 
390.64801 1.00000 
391.78400 1.00000 
392.54401 1.00000 
393.63901 1.00000 
394.14801 1.00000 
393.81299 1.00000 
394.43799 1.00000 
394.74500 1.00000 
394.69601 1.00000 
394.64401 1.00000 
394.98700 1.00000 
395.06100 1.00000 
396.04999 1.00000 
395.68900 1.00000 
395.79300 1.00000 
395.16501 1.00000 
394.31000 1.00000 
394.08600 1.00000 
393.46500 1.00000 
393.46799 1.00000 
393.55701 1.00000 
393.05801 1.00000 
392.50201 1.00000 
392.03500 1.00000 
391.50601 1.00000 
391.55801 1.00000 
391.84399 1.00000 
390.88699 1.00000 
390.35001 1.00000 
390.17700 1.00000 
389.60300 1.00000 
388.64600 1.00000 
387.79700 1.00000 
387.44400 1.00000 
386.62399 1.00000 
387.83401 1.00000 
392.85699 1.00000 
384.24899 1.00000 
0.00000 0.00000 
0.00000 0.00000 
384.76700 1.00000 
391.93701 1.00000 
393.30301 1.00000 
394.50699 1.00000 
394.51099 1.00000 
394.18301 1.00000 
394.17999 1.00000 
394.34799 1.00000 
394.29800 1.00000 
394.70300 1.00000 
395.07401 1.00000 
395.15799 1.00000 
395.04501 1.00000 
394.95801 1.00000 
394.89801 1.00000 
394.78201 1.00000 
394.54999 1.00000 
394.34299 1.00000 
394.14600 1.00000 
394.00400 1.00000 
393.79999 1.00000 
393.69101 1.00000 
393.60501 1.00000 
393.57599 1.00000 
393.71600 1.00000 
393.93701 1.00000 
393.79501 1.00000 
393.93600 1.00000 
393.86899 1.00000 
393.88699 1.00000 
393.79401 1.00000 
393.62299 1.00000 
393.63400 1.00000 
393.63101 1.00000 
393.34299 1.00000 
393.31299 1.00000 
393.55200 1.00000 
393.13300 1.00000 
392.68701 1.00000 
392.72900 1.00000 
392.88901 1.00000 
392.99701 1.00000 
392.90701 1.00000 
392.52100 1.00000 
392.65900 1.00000 
392.34100 1.00000 
392.67499 1.00000 
392.57101 1.00000 
392.26300 1.00000 
392.48199 1.00000 
391.82199 1.00000 
392.10901 1.00000 
391.29501 1.00000 
386.35999 1.00000 
396.79599 1.00000 
395.13699 1.00000 
396.72501 1.00000 
395.68799 1.00000 
399.37000 1.00000 
402.15201 1.00000 
403.31799 1.00000 
401.08401 1.00000 
392.23801 1.00000 
412.47299 1.00000 
426.95200 1.00000 
438.91299 1.00000 
449.60001 1.00000 
447.31000 1.00000 
443.92001 1.00000 
447.09601 1.00000 
448.52399 1.00000 
444.46301 1.00000 
442.88501 1.00000 
442.88000 1.00000 
443.35101 1.00000 
441.88400 1.00000 
440.20099 1.00000 
439.82999 1.00000 
441.26599 1.00000 
442.59500 1.00000 
441.26401 1.00000 
440.60300 1.00000 
442.41501 1.00000 
444.60400 1.00000 
444.25900 1.00000 
443.95200 1.00000 
445.68900 1.00000 
446.80801 1.00000 
446.91000 1.00000 
447.36801 1.00000 
447.89099 1.00000 
449.03299 1.00000 
449.88901 1.00000 
449.76501 1.00000 
450.00601 1.00000 
451.47900 1.00000 
449.58200 1.00000 
448.97800 1.00000 
448.96100 1.00000 
448.60501 1.00000 
448.91699 1.00000 
448.38800 1.00000 
452.87201 1.00000 
452.38599 1.00000 
448.52701 1.00000 
447.25000 1.00000 
452.41501 1.00000 
448.16000 1.00000 
443.37900 1.00000 
446.12799 1.00000 
444.23401 1.00000 
444.27701 1.00000 
439.79501 1.00000 
441.29501 1.00000 
435.92700 1.00000 
419.06699 1.00000 
427.54401 1.00000 
425.10501 1.00000 
400.07401 1.00000 
364.48901 1.00000 
400.11401 1.00000 
0.00000 0.00000 
0.00000 0.00000 
0.00000 0.00000 
0.00000 0.00000 
353.34100 1.00000 
354.48001 1.00000 
354.54501 1.00000 
355.65799 1.00000 
354.02301 1.00000 
353.45599 1.00000 
355.74200 1.00000 
354.71399 1.00000 
352.91400 1.00000 
352.54300 1.00000 
352.86401 1.00000 
354.33200 1.00000 
353.83701 1.00000 
352.35199 1.00000 
352.39600 1.00000 
353.56900 1.00000 
354.50900 1.00000 
354.47198 1.00000 
352.81201 1.00000 
353.20401 1.00000 
353.87201 1.00000 
354.43600 1.00000 
354.23300 1.00000 
353.26700 1.00000 
352.47198 1.00000 
353.11600 1.00000 
353.99100 1.00000 
353.19199 1.00000 
352.97198 1.00000 
352.60001 1.00000 
352.39001 1.00000 
353.22699 1.00000 
353.36700 1.00000 
353.81100 1.00000 
353.71600 1.00000 
352.74799 1.00000 
353.21701 1.00000 
351.80301 1.00000 
351.95200 1.00000 
353.83200 1.00000 
355.24399 1.00000 
353.55499 1.00000 
357.18701 1.00000 
339.86899 1.00000 
336.80399 1.00000 
332.05099 1.00000 
360.45801 1.00000 
304.59000 1.00000 
291.88199 1.00000 
293.64700 1.00000 
293.01199 1.00000 
291.92099 1.00000 
295.23700 1.00000 
296.03400 1.00000 
299.16800 1.00000 
299.16901 1.00000 
0.00000 0.00000 
0.00000 0.00000 
0.00000 0.00000 
0.00000 0.00000 
0.00000 0.00000 
0.00000 0.00000 
0.00000 0.00000 
0.00000 0.00000 
0.00000 0.00000 
0.00000 0.00000 
518.08099 1.00000 
519.48602 1.00000 
512.28998 1.00000 
528.03101 1.00000 
528.73102 1.00000 
528.73102 1.00000 
528.13898 1.00000 
526.51398 1.00000 
524.26398 1.00000 
522.76898 1.00000 
521.17401 1.00000 
520.26599 1.00000 
519.01501 1.00000 
518.19202 1.00000 
517.57800 1.00000 
517.35699 1.00000 
517.43799 1.00000 
518.04602 1.00000 
518.88702 1.00000 
518.79999 1.00000 
518.67902 1.00000 
519.74298 1.00000 
520.84302 1.00000 
522.38300 1.00000 
524.05701 1.00000 
525.12097 1.00000 
525.96399 1.00000 
527.42700 1.00000 
528.43103 1.00000 
530.11298 1.00000 
530.30103 1.00000 
530.54199 1.00000 
530.78302 1.00000 
531.40503 1.00000 
531.15997 1.00000 
530.66101 1.00000 
530.31097 1.00000 
530.00403 1.00000 
529.48602 1.00000 
529.18201 1.00000 
528.72400 1.00000 
528.56897 1.00000 
528.35699 1.00000 
527.93402 1.00000 
526.58801 1.00000 
525.54102 1.00000 
525.01001 1.00000 
524.38898 1.00000 
524.40100 1.00000 
524.14099 1.00000 
524.36102 1.00000 
524.59998 1.00000 
525.33899 1.00000 
525.84302 1.00000 
526.57397 1.00000 
526.85901 1.00000 
527.45099 1.00000 
525.61603 1.00000 
521.32300 1.00000 
518.93597 1.00000 
522.54498 1.00000 
525.33398 1.00000 
528.17798 1.00000 
528.80298 1.00000 
529.31000 1.00000 
530.97900 1.00000 
531.89899 1.00000 
532.81799 1.00000 
533.40503 1.00000 
533.68597 1.00000 
533.20001 1.00000 
532.54199 1.00000 
532.26300 1.00000 
531.89801 1.00000 
531.30103 1.00000 
531.15997 1.00000 
530.97101 1.00000 
530.86902 1.00000 
530.42499 1.00000 
530.35999 1.00000 
529.62299 1.00000 
529.07599 1.00000 
529.12799 1.00000 
529.03699 1.00000 
528.78802 1.00000 
529.06799 1.00000 
528.99402 1.00000 
529.22699 1.00000 
529.77802 1.00000 
529.91699 1.00000 
530.06403 1.00000 
530.08002 1.00000 
530.34802 1.00000 
530.29303 1.00000 
530.24500 1.00000 
530.21899 1.00000 
530.07501 1.00000 
530.15302 1.00000 
530.31000 1.00000 
530.02600 1.00000 
530.25702 1.00000 
530.16699 1.00000 
530.27802 1.00000 
530.09302 1.00000 
530.35999 1.00000 
530.18402 1.00000 
529.91699 1.00000 
529.92102 1.00000 
529.78400 1.00000 
529.46802 1.00000 
529.10699 1.00000 
528.05902 1.00000 
526.60498 1.00000 
523.41699 1.00000 
519.44897 1.00000 
510.25699 1.00000 
0.00000 0.00000 
0.00000 0.00000 
0.00000 0.00000 
0.00000 0.00000 
0.00000 0.00000 
0.00000 0.00000 
498.90900 1.00000 
500.89001 1.00000 
500.86499 1.00000 
499.86700 1.00000 
500.23001 1.00000 
498.61099 1.00000 
498.23901 1.00000 
496.94601 1.00000 
496.40900 1.00000 
494.80600 1.00000 
494.23401 1.00000 
493.09399 1.00000 
493.51501 1.00000 
493.13000 1.00000 
493.92700 1.00000 
494.97101 1.00000 
496.01001 1.00000 
496.70200 1.00000 
497.97900 1.00000 
498.92899 1.00000 
500.54099 1.00000 
501.41599 1.00000 
502.35699 1.00000 
502.83499 1.00000 
503.40799 1.00000 
503.96399 1.00000 
504.67700 1.00000 
504.78601 1.00000 
504.78699 1.00000 
504.86600 1.00000 
504.90201 1.00000 
504.85999 1.00000 
504.51001 1.00000 
504.07401 1.00000 
503.34299 1.00000 
503.01501 1.00000 
502.05701 1.00000 
501.24899 1.00000 
499.94699 1.00000 
498.93500 1.00000 
498.21201 1.00000 
497.89001 1.00000 
497.35599 1.00000 
497.33499 1.00000 
496.97601 1.00000 
496.62299 1.00000 
496.52701 1.00000 
496.51901 1.00000 
496.74301 1.00000 
496.82599 1.00000 
496.98199 1.00000 
497.25699 1.00000 
497.66000 1.00000 
498.21899 1.00000 
497.71301 1.00000 
498.42499 1.00000 
497.93399 1.00000 
499.16400 1.00000 
498.83600 1.00000 
497.92200 1.00000 
498.64600 1.00000 
498.90302 1.00000 
499.71100 1.00000 
499.09201 1.00000 
499.15900 1.00000 
498.13101 1.00000 
499.11401 1.00000 
0.00000 0.00000 
0.00000 0.00000 
0.00000 0.00000 
0.00000 0.00000 
0.00000 0.00000 
0.00000 0.00000 
0.00000 0.00000 
0.00000 0.00000 
0.00000 0.00000 
0.00000 0.00000 
0.00000 0.00000 
0.00000 0.00000 
0.00000 0.00000 
0.00000 0.00000 
0.00000 0.00000 
0.00000 0.00000 
0.00000 0.00000 
0.00000 0.00000 
0.00000 0.00000 
0.00000 0.00000 
0.00000 0.00000 
0.00000 0.00000 
0.00000 0.00000 
0.00000 0.00000 
0.00000 0.00000 
427.40201 1.00000 
438.53699 1.00000 
505.63400 1.00000 
497.97299 1.00000 
499.44601 1.00000 
501.39401 1.00000 
501.16800 1.00000 
501.81400 1.00000 
502.27899 1.00000 
502.54901 1.00000 
503.19501 1.00000 
503.51700 1.00000 
503.34000 1.00000 
503.20401 1.00000 
503.46500 1.00000 
503.50601 1.00000 
503.33301 1.00000 
503.38800 1.00000 
503.23700 1.00000 
503.27301 1.00000 
502.64200 1.00000 
501.59799 1.00000 
500.57901 1.00000 
500.73001 1.00000 
499.37601 1.00000 
497.18100 1.00000 
501.66599 1.00000 
500.62399 1.00000 
501.99200 1.00000 
502.32300 1.00000 
502.15799 1.00000 
502.15399 1.00000 
502.12299 1.00000 
502.41299 1.00000 
502.43600 1.00000 
502.31699 1.00000 
502.57599 1.00000 
502.46100 1.00000 
502.36899 1.00000 
502.28400 1.00000 
502.55301 1.00000 
502.25201 1.00000 
502.46201 1.00000 
502.41000 1.00000 
502.72699 1.00000 
502.56299 1.00000 
502.77600 1.00000 
502.69800 1.00000 
502.91800 1.00000 
502.95499 1.00000 
503.30499 1.00000 
503.17499 1.00000 
503.35501 1.00000 
503.55701 1.00000 
503.30301 1.00000 
503.76599 1.00000 
503.59900 1.00000 
503.76501 1.00000 
503.89200 1.00000 
503.90100 1.00000 
504.07401 1.00000 
504.05600 1.00000 
504.11401 1.00000 
504.21301 1.00000 
504.41501 1.00000 
504.71899 1.00000 
504.79800 1.00000 
504.21301 1.00000 
504.22198 1.00000 
504.47699 1.00000 
504.22601 1.00000 
503.67999 1.00000 
504.20599 1.00000 
503.54700 1.00000 
501.66000 1.00000 
502.79099 1.00000 
501.95200 1.00000 
500.94400 1.00000 
499.11200 1.00000 
499.69400 1.00000 
498.72198 1.00000 
0.00000 0.00000 
0.00000 0.00000 
0.00000 0.00000 
0.00000 0.00000 
0.00000 0.00000 
0.00000 0.00000 
0.00000 0.00000 
0.00000 0.00000 
495.53201 1.00000 
501.85001 1.00000 
504.20999 1.00000 
504.49799 1.00000 
504.48001 1.00000 
504.36700 1.00000 
504.33600 1.00000 
504.29700 1.00000 
504.32800 1.00000 
504.04901 1.00000 
503.98199 1.00000 
504.03101 1.00000 
504.47501 1.00000 
504.72101 1.00000 
504.27600 1.00000 
503.93500 1.00000 
503.85599 1.00000 
503.69901 1.00000 
503.58600 1.00000 
503.73300 1.00000 
503.67899 1.00000 
503.77200 1.00000 
503.88000 1.00000 
503.84100 1.00000 
503.94000 1.00000 
503.82001 1.00000 
503.53400 1.00000 
503.59399 1.00000 
503.44800 1.00000 
503.27802 1.00000 
503.36099 1.00000 
503.07901 1.00000 
503.21100 1.00000 
503.38000 1.00000 
503.23300 1.00000 
503.26501 1.00000 
503.18600 1.00000 
503.25000 1.00000 
503.36200 1.00000 
503.20801 1.00000 
503.20200 1.00000 
503.40500 1.00000 
503.19400 1.00000 
503.40302 1.00000 
503.15900 1.00000 
503.20599 1.00000 
503.07199 1.00000 
503.49600 1.00000 
503.53000 1.00000 
503.59299 1.00000 
503.77399 1.00000 
503.78201 1.00000 
503.69000 1.00000 
503.61401 1.00000 
504.00601 1.00000 
504.07901 1.00000 
503.87201 1.00000 
503.38599 1.00000 
503.23700 1.00000 
501.85001 1.00000 
501.55099 1.00000 
500.12100 1.00000 
497.93399 1.00000 
505.21399 1.00000 
502.40399 1.00000 
502.86301 1.00000 
502.96500 1.00000 
502.85901 1.00000 
503.55701 1.00000 
503.64499 1.00000 
503.63000 1.00000 
503.36099 1.00000 
503.70999 1.00000 
503.80200 1.00000 
503.69199 1.00000 
504.10199 1.00000 
503.73499 1.00000 
504.45300 1.00000 
508.40500 1.00000 
516.45898 1.00000 
523.31299 1.00000 
523.18903 1.00000 
524.45203 1.00000 
528.68903 1.00000 
530.26703 1.00000 
529.24902 1.00000 
530.51801 1.00000 
531.68103 1.00000 
531.08600 1.00000 
531.95203 1.00000 
532.37799 1.00000 
531.58099 1.00000 
531.82703 1.00000 
531.53998 1.00000 
531.24298 1.00000 
530.87402 1.00000 
530.47101 1.00000 
530.17297 1.00000 
529.52802 1.00000 
528.43500 1.00000 
527.12299 1.00000 
525.67700 1.00000 
523.62201 1.00000 
522.72400 1.00000 
522.30200 1.00000 
521.25299 1.00000 
519.79700 1.00000 
518.92700 1.00000 
518.88800 1.00000 
519.34698 1.00000 
520.02197 1.00000 
520.06201 1.00000 
520.74799 1.00000 
520.94397 1.00000 
521.66998 1.00000 
522.56403 1.00000 
524.29303 1.00000 
525.86200 1.00000 
527.23297 1.00000 
528.56299 1.00000 
529.68298 1.00000 
530.61902 1.00000 
531.08002 1.00000 
531.56702 1.00000 
532.44897 1.00000 
532.78497 1.00000 
532.78003 1.00000 
532.47601 1.00000 
531.79999 1.00000 
531.30701 1.00000 
530.89899 1.00000 
530.15503 1.00000 
529.29498 1.00000 
528.24902 1.00000 
526.81403 1.00000 
525.57397 1.00000 
524.41803 1.00000 
523.59198 1.00000 
522.86200 1.00000 
522.24200 1.00000 
521.15601 1.00000 
520.13000 1.00000 
519.70801 1.00000 
520.08002 1.00000 
520.62799 1.00000 
521.68298 1.00000 
522.72198 1.00000 
523.80200 1.00000 
525.87903 1.00000 
527.02002 1.00000 
528.00702 1.00000 
529.15198 1.00000 
530.74701 1.00000 
531.56500 1.00000 
532.45697 1.00000 
533.57501 1.00000 
534.82001 1.00000 
535.64001 1.00000 
534.92297 1.00000 
534.59900 1.00000 
534.42200 1.00000 
534.18903 1.00000 
533.81799 1.00000 
533.39899 1.00000 
532.63300 1.00000 
531.55798 1.00000 
529.28497 1.00000 
527.00098 1.00000 
524.53900 1.00000 
522.07001 1.00000 
520.73401 1.00000 
519.51898 1.00000 
518.46997 1.00000 
517.24799 1.00000 
516.91699 1.00000 
516.97400 1.00000 
517.59399 1.00000 
518.72900 1.00000 
519.49402 1.00000 
520.99500 1.00000 
522.00201 1.00000 
524.21503 1.00000 
525.97498 1.00000 
528.04498 1.00000 
529.60101 1.00000 
531.04199 1.00000 
532.67200 1.00000 
533.54401 1.00000 
533.95599 1.00000 
535.01300 1.00000 
535.26703 1.00000 
534.54602 1.00000 
533.96198 1.00000 
533.61401 1.00000 
533.07800 1.00000 
532.72601 1.00000 
532.15100 1.00000 
530.73798 1.00000 
529.04901 1.00000 
526.91602 1.00000 
524.48999 1.00000 
522.52802 1.00000 
521.86298 1.00000 
520.77600 1.00000 
519.81201 1.00000 
519.62799 1.00000 
519.35999 1.00000 
520.03998 1.00000 
521.18903 1.00000 
522.42798 1.00000 
524.00500 1.00000 
525.70398 1.00000 
527.34100 1.00000 
528.77802 1.00000 
529.97198 1.00000 
531.77600 1.00000 
533.40302 1.00000 
533.98700 1.00000 
534.79303 1.00000 
535.21600 1.00000 
534.31299 1.00000 
533.79999 1.00000 
533.59998 1.00000 
533.41602 1.00000 
533.43103 1.00000 
533.38202 1.00000 
533.04602 1.00000 
532.17401 1.00000 
531.37701 1.00000 
530.19397 1.00000 
528.94202 1.00000 
527.21997 1.00000 
524.73297 1.00000 
522.96997 1.00000 
521.92102 1.00000 
521.48999 1.00000 
520.53101 1.00000 
520.26703 1.00000 
519.80402 1.00000 
519.94800 1.00000 
521.13202 1.00000 
522.33899 1.00000 
523.90399 1.00000 
525.28601 1.00000 
526.58002 1.00000 
527.33099 1.00000 
528.00098 1.00000 
528.76801 1.00000 
530.22198 1.00000 
532.41199 1.00000 
534.25500 1.00000 
535.13202 1.00000 
533.30798 1.00000 
531.80798 1.00000 
531.28101 1.00000 
530.98499 1.00000 
530.54999 1.00000 
530.41199 1.00000 
530.53699 1.00000 
529.90503 1.00000 
529.79498 1.00000 
529.51001 1.00000 
529.89502 1.00000 
529.78497 1.00000 
529.10999 1.00000 
528.81500 1.00000 
529.13202 1.00000 
529.76300 1.00000 
529.22900 1.00000 
528.36200 1.00000 
529.13098 1.00000 
528.80798 1.00000 
526.95203 1.00000 
528.68701 1.00000 
527.82599 1.00000 
522.49402 1.00000 
527.74701 1.00000 
527.64203 1.00000 
529.45599 1.00000 
530.20001 1.00000 
527.56500 1.00000 
530.37201 1.00000 
531.61902 1.00000 
530.78400 1.00000 
533.59003 1.00000 
530.99200 1.00000 
529.07001 1.00000 
528.10699 1.00000 
514.92499 1.00000 
511.30301 1.00000 
516.62598 1.00000 
535.05402 1.00000 
529.63501 1.00000 
531.40997 1.00000 
529.77399 1.00000 
533.16699 1.00000 
534.34601 1.00000 
519.59003 1.00000 
523.31403 1.00000 
533.42798 1.00000 
533.37097 1.00000 
537.30701 1.00000 
507.69501 1.00000 
519.08801 1.00000 
521.63800 1.00000 
513.04199 1.00000 
506.13400 1.00000 
529.55200 1.00000 
507.64099 1.00000 
523.77197 1.00000 
536.08899 1.00000 
531.00000 1.00000 
529.48199 1.00000 
519.67999 1.00000 
514.21600 1.00000 
516.70398 1.00000 
520.05298 1.00000 
530.38702 1.00000 
518.43799 1.00000 
521.61401 1.00000 
509.97900 1.00000 
515.35699 1.00000 
512.03003 1.00000 
505.50601 1.00000 
506.80499 1.00000 
522.10602 1.00000 
515.68597 1.00000 
488.06100 1.00000 
500.84299 1.00000 
523.03003 1.00000 
517.85999 1.00000 
522.61499 1.00000 
516.65601 1.00000 
529.58301 1.00000 
530.84399 1.00000 
529.45300 1.00000 
525.05603 1.00000 
0.00000 0.00000 
0.00000 0.00000 
0.00000 0.00000 
0.00000 0.00000 
0.00000 0.00000 
0.00000 0.00000 
0.00000 0.00000 
0.00000 0.00000 
0.00000 0.00000 
0.00000 0.00000 
0.00000 0.00000 
0.00000 0.00000 
0.00000 0.00000 
0.00000 0.00000 
0.00000 0.00000 
0.00000 0.00000 
0.00000 0.00000 
0.00000 0.00000 
0.00000 0.00000 
0.00000 0.00000 
0.00000 0.00000 
0.00000 0.00000 
0.00000 0.00000 
0.00000 0.00000 
0.00000 0.00000 
0.00000 0.00000 
0.00000 0.00000 
0.00000 0.00000 
0.00000 0.00000 
0.00000 0.00000 
0.00000 0.00000 
0.00000 0.00000 
0.00000 0.00000 
0.00000 0.00000 
0.00000 0.00000 
0.00000 0.00000 
0.00000 0.00000 
0.00000 0.00000 
0.00000 0.00000 
0.00000 0.00000 
0.00000 0.00000 
0.00000 0.00000 
0.00000 0.00000 
0.00000 0.00000 
0.00000 0.00000 
0.00000 0.00000 
0.00000 0.00000 
0.00000 0.00000 
0.00000 0.00000 
0.00000 0.00000 
0.00000 0.00000 
0.00000 0.00000 
0.00000 0.00000 
0.00000 0.00000 
0.00000 0.00000 
0.00000 0.00000 
0.00000 0.00000 
0.00000 0.00000 
0.00000 0.00000 
0.00000 0.00000 
0.00000 0.00000 
0.00000 0.00000 
0.00000 0.00000 
0.00000 0.00000 
0.00000 0.00000 
0.00000 0.00000 
0.00000 0.00000 
0.00000 0.00000 
0.00000 0.00000 
0.00000 0.00000 
0.00000 0.00000 
0.00000 0.00000 
0.00000 0.00000 
0.00000 0.00000 
0.00000 0.00000 
0.00000 0.00000 
0.00000 0.00000 
0.00000 0.00000 
0.00000 0.00000 
0.00000 0.00000 
0.00000 0.00000 
0.00000 0.00000 
0.00000 0.00000 
0.00000 0.00000 
0.00000 0.00000 
0.00000 0.00000 
0.00000 0.00000 
0.00000 0.00000 
0.00000 0.00000 
0.00000 0.00000 
0.00000 0.00000 
0.00000 0.00000 
0.00000 0.00000 
0.00000 0.00000 
0.00000 0.00000 
0.00000 0.00000 
0.00000 0.00000 
0.00000 0.00000 
0.00000 0.00000 
0.00000 0.00000 
0.00000 0.00000 
0.00000 0.00000 
0.00000 0.00000 
0.00000 0.00000 
0.00000 0.00000 
0.00000 0.00000 
0.00000 0.00000 
0.00000 0.00000 
0.00000 0.00000 
0.00000 0.00000 
0.00000 0.00000 
0.00000 0.00000 
0.00000 0.00000 
0.00000 0.00000 
0.00000 0.00000 
0.00000 0.00000 
0.00000 0.00000 
0.00000 0.00000 
0.00000 0.00000 
0.00000 0.00000 
0.00000 0.00000 
0.00000 0.00000 
0.00000 0.00000 
0.00000 0.00000 
0.00000 0.00000 
0.00000 0.00000 
0.00000 0.00000 
0.00000 0.00000 
0.00000 0.00000 
0.00000 0.00000 
0.00000 0.00000 
0.00000 0.00000 
0.00000 0.00000 
0.00000 0.00000 
0.00000 0.00000 
0.00000 0.00000 
0.00000 0.00000 
0.00000 0.00000 
