 0.00000 0.00000 
0.00000 0.00000 
0.00000 0.00000 
0.00000 0.00000 
0.00000 0.00000 
0.00000 0.00000 
0.00000 0.00000 
0.00000 0.00000 
0.00000 0.00000 
0.00000 0.00000 
0.00000 0.00000 
0.00000 0.00000 
0.00000 0.00000 
0.00000 0.00000 
0.00000 0.00000 
0.00000 0.00000 
0.00000 0.00000 
0.00000 0.00000 
0.00000 0.00000 
0.00000 0.00000 
0.00000 0.00000 
0.00000 0.00000 
0.00000 0.00000 
0.00000 0.00000 
0.00000 0.00000 
0.00000 0.00000 
0.00000 0.00000 
0.00000 0.00000 
0.00000 0.00000 
0.00000 0.00000 
0.00000 0.00000 
0.00000 0.00000 
0.00000 0.00000 
0.00000 0.00000 
0.00000 0.00000 
0.00000 0.00000 
0.00000 0.00000 
0.00000 0.00000 
0.00000 0.00000 
0.00000 0.00000 
0.00000 0.00000 
0.00000 0.00000 
0.00000 0.00000 
0.00000 0.00000 
0.00000 0.00000 
0.00000 0.00000 
0.00000 0.00000 
0.00000 0.00000 
0.00000 0.00000 
0.00000 0.00000 
0.00000 0.00000 
0.00000 0.00000 
0.00000 0.00000 
0.00000 0.00000 
0.00000 0.00000 
0.00000 0.00000 
0.00000 0.00000 
0.00000 0.00000 
0.00000 0.00000 
0.00000 0.00000 
0.00000 0.00000 
0.00000 0.00000 
0.00000 0.00000 
0.00000 0.00000 
0.00000 0.00000 
0.00000 0.00000 
0.00000 0.00000 
0.00000 0.00000 
0.00000 0.00000 
0.00000 0.00000 
0.00000 0.00000 
0.00000 0.00000 
0.00000 0.00000 
0.00000 0.00000 
0.00000 0.00000 
0.00000 0.00000 
0.00000 0.00000 
0.00000 0.00000 
0.00000 0.00000 
0.00000 0.00000 
0.00000 0.00000 
0.00000 0.00000 
0.00000 0.00000 
0.00000 0.00000 
0.00000 0.00000 
0.00000 0.00000 
0.00000 0.00000 
0.00000 0.00000 
0.00000 0.00000 
0.00000 0.00000 
0.00000 0.00000 
0.00000 0.00000 
0.00000 0.00000 
0.00000 0.00000 
0.00000 0.00000 
0.00000 0.00000 
0.00000 0.00000 
0.00000 0.00000 
0.00000 0.00000 
0.00000 0.00000 
0.00000 0.00000 
0.00000 0.00000 
0.00000 0.00000 
0.00000 0.00000 
0.00000 0.00000 
0.00000 0.00000 
0.00000 0.00000 
0.00000 0.00000 
0.00000 0.00000 
0.00000 0.00000 
0.00000 0.00000 
0.00000 0.00000 
0.00000 0.00000 
0.00000 0.00000 
0.00000 0.00000 
0.00000 0.00000 
0.00000 0.00000 
0.00000 0.00000 
0.00000 0.00000 
0.00000 0.00000 
0.00000 0.00000 
0.00000 0.00000 
0.00000 0.00000 
0.00000 0.00000 
285.20200 1.00000 
294.41901 1.00000 
312.02100 1.00000 
312.77899 1.00000 
302.49701 1.00000 
319.28601 1.00000 
321.87500 1.00000 
295.69800 1.00000 
295.81601 1.00000 
296.13599 1.00000 
299.55499 1.00000 
296.19000 1.00000 
295.41599 1.00000 
294.54700 1.00000 
291.60300 1.00000 
291.59500 1.00000 
292.36801 1.00000 
293.48599 1.00000 
292.32001 1.00000 
292.85599 1.00000 
292.81100 1.00000 
293.21301 1.00000 
293.38000 1.00000 
293.57999 1.00000 
293.40701 1.00000 
293.51099 1.00000 
293.80399 1.00000 
293.64099 1.00000 
293.70999 1.00000 
293.79800 1.00000 
293.89200 1.00000 
293.91199 1.00000 
293.99301 1.00000 
294.12601 1.00000 
294.24301 1.00000 
294.45001 1.00000 
294.36099 1.00000 
294.37701 1.00000 
294.69299 1.00000 
294.30899 1.00000 
294.09100 1.00000 
294.27399 1.00000 
294.45300 1.00000 
294.23099 1.00000 
294.23599 1.00000 
294.14600 1.00000 
293.94400 1.00000 
293.97400 1.00000 
293.75500 1.00000 
295.61600 1.00000 
0.00000 0.00000 
0.00000 0.00000 
0.00000 0.00000 
0.00000 0.00000 
0.00000 0.00000 
0.00000 0.00000 
0.00000 0.00000 
0.00000 0.00000 
0.00000 0.00000 
386.50699 1.00000 
383.82800 1.00000 
383.53799 1.00000 
385.38101 1.00000 
387.58401 1.00000 
388.48001 1.00000 
387.14301 1.00000 
383.22400 1.00000 
379.63599 1.00000 
382.23599 1.00000 
385.30499 1.00000 
386.65201 1.00000 
388.15601 1.00000 
387.93900 1.00000 
387.03201 1.00000 
386.29300 1.00000 
385.75900 1.00000 
385.40201 1.00000 
385.16501 1.00000 
384.66599 1.00000 
383.56799 1.00000 
382.45300 1.00000 
382.61401 1.00000 
379.96701 1.00000 
383.42700 1.00000 
387.99200 1.00000 
354.11099 1.00000 
382.16901 1.00000 
378.91699 1.00000 
384.51300 1.00000 
388.82901 1.00000 
392.49799 1.00000 
396.52701 1.00000 
396.68799 1.00000 
395.97900 1.00000 
396.46600 1.00000 
396.24200 1.00000 
396.24799 1.00000 
396.29901 1.00000 
395.81201 1.00000 
394.64499 1.00000 
393.50201 1.00000 
392.57401 1.00000 
392.01999 1.00000 
391.70700 1.00000 
390.80899 1.00000 
390.13000 1.00000 
389.82300 1.00000 
390.37601 1.00000 
390.63800 1.00000 
390.70801 1.00000 
390.47101 1.00000 
390.10999 1.00000 
389.94000 1.00000 
391.24301 1.00000 
392.93500 1.00000 
396.71799 1.00000 
403.61499 1.00000 
394.53201 1.00000 
389.47101 1.00000 
387.98199 1.00000 
388.06601 1.00000 
389.48300 1.00000 
390.78699 1.00000 
391.58899 1.00000 
392.12701 1.00000 
392.40100 1.00000 
393.15500 1.00000 
394.48099 1.00000 
395.79199 1.00000 
396.79800 1.00000 
396.97699 1.00000 
396.40399 1.00000 
395.99100 1.00000 
395.63901 1.00000 
395.04099 1.00000 
394.53799 1.00000 
393.84299 1.00000 
393.40500 1.00000 
393.17099 1.00000 
392.78500 1.00000 
392.25299 1.00000 
391.88000 1.00000 
391.58600 1.00000 
391.40900 1.00000 
391.21500 1.00000 
391.07599 1.00000 
391.04501 1.00000 
391.06400 1.00000 
390.86801 1.00000 
391.03000 1.00000 
391.17300 1.00000 
391.43201 1.00000 
391.71201 1.00000 
392.02899 1.00000 
392.38800 1.00000 
392.56799 1.00000 
392.62201 1.00000 
392.72900 1.00000 
392.82599 1.00000 
393.01901 1.00000 
392.91599 1.00000 
392.10901 1.00000 
392.18100 1.00000 
393.11499 1.00000 
393.24701 1.00000 
393.03299 1.00000 
392.78000 1.00000 
392.51901 1.00000 
392.42599 1.00000 
392.67001 1.00000 
392.23700 1.00000 
391.95001 1.00000 
391.20801 1.00000 
398.65799 1.00000 
396.50101 1.00000 
401.33301 1.00000 
398.76700 1.00000 
396.16000 1.00000 
398.56699 1.00000 
394.23700 1.00000 
398.44101 1.00000 
481.54300 1.00000 
479.97601 1.00000 
488.96201 1.00000 
486.80399 1.00000 
487.78101 1.00000 
486.48599 1.00000 
486.37399 1.00000 
486.24200 1.00000 
485.20001 1.00000 
486.63501 1.00000 
485.53101 1.00000 
487.89099 1.00000 
487.65302 1.00000 
489.61899 1.00000 
489.81799 1.00000 
491.67200 1.00000 
492.80899 1.00000 
494.62601 1.00000 
495.27600 1.00000 
497.17099 1.00000 
497.68900 1.00000 
498.93399 1.00000 
498.88300 1.00000 
499.67999 1.00000 
499.31900 1.00000 
500.06000 1.00000 
499.62500 1.00000 
499.68100 1.00000 
498.85999 1.00000 
499.18900 1.00000 
498.23300 1.00000 
497.47101 1.00000 
496.21600 1.00000 
495.27200 1.00000 
494.54001 1.00000 
493.47299 1.00000 
492.19901 1.00000 
490.52701 1.00000 
489.33600 1.00000 
488.85199 1.00000 
489.15100 1.00000 
488.90399 1.00000 
488.51599 1.00000 
488.34500 1.00000 
488.91501 1.00000 
489.29501 1.00000 
489.97800 1.00000 
490.64999 1.00000 
490.69901 1.00000 
491.24200 1.00000 
491.86801 1.00000 
491.38800 1.00000 
490.67001 1.00000 
0.00000 0.00000 
0.00000 0.00000 
0.00000 0.00000 
0.00000 0.00000 
0.00000 0.00000 
0.00000 0.00000 
371.14600 1.00000 
371.30801 1.00000 
374.65799 1.00000 
375.75000 1.00000 
375.98300 1.00000 
373.27200 1.00000 
369.68399 1.00000 
367.43100 1.00000 
366.35001 1.00000 
366.37399 1.00000 
366.47501 1.00000 
367.35999 1.00000 
365.94601 1.00000 
368.34000 1.00000 
374.59000 1.00000 
370.73901 1.00000 
369.21500 1.00000 
363.61301 1.00000 
362.75601 1.00000 
364.31400 1.00000 
364.99100 1.00000 
373.54300 1.00000 
379.16000 1.00000 
380.95401 1.00000 
382.12701 1.00000 
382.74301 1.00000 
384.15601 1.00000 
385.24799 1.00000 
385.64001 1.00000 
385.96301 1.00000 
386.16699 1.00000 
386.28299 1.00000 
386.22900 1.00000 
386.33401 1.00000 
386.39200 1.00000 
386.56201 1.00000 
386.70901 1.00000 
386.76099 1.00000 
386.91400 1.00000 
387.06799 1.00000 
387.19501 1.00000 
387.76599 1.00000 
387.79901 1.00000 
387.62399 1.00000 
387.42200 1.00000 
387.28699 1.00000 
387.32101 1.00000 
385.20499 1.00000 
383.85199 1.00000 
392.26401 1.00000 
395.63599 1.00000 
393.32199 1.00000 
398.22699 1.00000 
392.75900 1.00000 
376.19101 1.00000 
402.64499 1.00000 
419.35599 1.00000 
434.69000 1.00000 
443.47000 1.00000 
442.93399 1.00000 
437.85699 1.00000 
434.98801 1.00000 
439.51599 1.00000 
442.63101 1.00000 
440.72198 1.00000 
437.83701 1.00000 
436.99500 1.00000 
438.94400 1.00000 
439.79001 1.00000 
436.58401 1.00000 
434.23499 1.00000 
433.40302 1.00000 
433.07700 1.00000 
432.80200 1.00000 
431.30801 1.00000 
429.77701 1.00000 
428.53500 1.00000 
429.63300 1.00000 
431.73099 1.00000 
433.05399 1.00000 
433.51501 1.00000 
432.94101 1.00000 
431.94699 1.00000 
433.01401 1.00000 
433.19501 1.00000 
432.87399 1.00000 
432.86099 1.00000 
432.24301 1.00000 
432.68301 1.00000 
436.02100 1.00000 
437.77200 1.00000 
438.35901 1.00000 
438.35901 1.00000 
438.96799 1.00000 
441.17999 1.00000 
442.22101 1.00000 
440.73199 1.00000 
438.78299 1.00000 
438.77100 1.00000 
439.17801 1.00000 
438.08301 1.00000 
436.70099 1.00000 
437.30200 1.00000 
437.96500 1.00000 
439.06100 1.00000 
439.10501 1.00000 
437.64401 1.00000 
436.62500 1.00000 
437.53000 1.00000 
437.96399 1.00000 
437.15201 1.00000 
436.42200 1.00000 
435.30600 1.00000 
435.74899 1.00000 
435.04001 1.00000 
432.16901 1.00000 
431.22699 1.00000 
427.53699 1.00000 
427.01401 1.00000 
426.97800 1.00000 
429.26700 1.00000 
491.73901 1.00000 
493.29001 1.00000 
496.70401 1.00000 
497.84399 1.00000 
497.66501 1.00000 
498.29700 1.00000 
498.25400 1.00000 
498.51901 1.00000 
498.35101 1.00000 
497.92599 1.00000 
497.49899 1.00000 
497.60901 1.00000 
497.30499 1.00000 
497.31299 1.00000 
497.26501 1.00000 
497.01700 1.00000 
497.01199 1.00000 
496.66599 1.00000 
496.62399 1.00000 
496.20901 1.00000 
495.54800 1.00000 
494.84299 1.00000 
493.14999 1.00000 
0.00000 0.00000 
0.00000 0.00000 
0.00000 0.00000 
492.82401 1.00000 
495.02899 1.00000 
496.73700 1.00000 
496.60599 1.00000 
497.06000 1.00000 
496.94699 1.00000 
497.04401 1.00000 
496.98199 1.00000 
497.15701 1.00000 
496.84100 1.00000 
496.94199 1.00000 
496.89200 1.00000 
496.80499 1.00000 
496.62799 1.00000 
496.55600 1.00000 
496.72699 1.00000 
496.72000 1.00000 
496.79300 1.00000 
496.87399 1.00000 
497.01599 1.00000 
497.11899 1.00000 
497.24899 1.00000 
496.43399 1.00000 
495.05200 1.00000 
494.67200 1.00000 
496.62000 1.00000 
497.79401 1.00000 
499.80099 1.00000 
493.83200 1.00000 
499.05801 1.00000 
495.37601 1.00000 
496.87900 1.00000 
492.61200 1.00000 
0.00000 0.00000 
291.19699 1.00000 
292.91699 1.00000 
292.92899 1.00000 
293.48901 1.00000 
293.28101 1.00000 
293.53400 1.00000 
293.58899 1.00000 
293.94901 1.00000 
294.12100 1.00000 
294.24701 1.00000 
294.36301 1.00000 
294.33899 1.00000 
294.49701 1.00000 
294.45499 1.00000 
294.43301 1.00000 
294.50500 1.00000 
294.48999 1.00000 
294.54199 1.00000 
294.35800 1.00000 
294.55499 1.00000 
294.49301 1.00000 
294.64999 1.00000 
294.54199 1.00000 
294.59000 1.00000 
294.41000 1.00000 
294.56400 1.00000 
294.32501 1.00000 
294.37201 1.00000 
294.23401 1.00000 
294.25500 1.00000 
294.48099 1.00000 
294.31100 1.00000 
294.42700 1.00000 
294.23901 1.00000 
294.29901 1.00000 
294.28400 1.00000 
294.28900 1.00000 
294.31299 1.00000 
294.27200 1.00000 
294.17200 1.00000 
294.06400 1.00000 
294.38800 1.00000 
294.12601 1.00000 
294.26901 1.00000 
294.20001 1.00000 
294.57700 1.00000 
294.38501 1.00000 
294.37500 1.00000 
294.30301 1.00000 
294.46100 1.00000 
294.44299 1.00000 
294.46701 1.00000 
294.32501 1.00000 
294.48700 1.00000 
294.30499 1.00000 
294.47000 1.00000 
294.39200 1.00000 
294.38101 1.00000 
294.16800 1.00000 
294.38300 1.00000 
294.48001 1.00000 
294.58600 1.00000 
294.45999 1.00000 
294.41800 1.00000 
293.82501 1.00000 
293.24799 1.00000 
292.85699 1.00000 
291.41000 1.00000 
290.66400 1.00000 
290.41400 1.00000 
290.67200 1.00000 
290.67300 1.00000 
291.17599 1.00000 
292.26099 1.00000 
292.50201 1.00000 
292.87601 1.00000 
293.19800 1.00000 
293.68500 1.00000 
294.05899 1.00000 
294.08200 1.00000 
294.27200 1.00000 
294.39001 1.00000 
294.28000 1.00000 
294.35800 1.00000 
294.39099 1.00000 
294.25000 1.00000 
294.31699 1.00000 
294.48401 1.00000 
294.42499 1.00000 
294.41501 1.00000 
294.41199 1.00000 
294.43399 1.00000 
294.42999 1.00000 
294.39001 1.00000 
294.37601 1.00000 
294.26901 1.00000 
294.38199 1.00000 
294.39001 1.00000 
294.16501 1.00000 
294.27802 1.00000 
294.39999 1.00000 
294.29800 1.00000 
294.24899 1.00000 
294.23199 1.00000 
294.24600 1.00000 
294.49301 1.00000 
294.47299 1.00000 
294.32101 1.00000 
294.30701 1.00000 
294.40399 1.00000 
294.37399 1.00000 
294.27899 1.00000 
294.28000 1.00000 
294.18500 1.00000 
294.32800 1.00000 
294.28900 1.00000 
294.40900 1.00000 
294.55600 1.00000 
294.23599 1.00000 
294.26501 1.00000 
294.16901 1.00000 
294.06000 1.00000 
293.76001 1.00000 
293.76901 1.00000 
293.22601 1.00000 
292.75900 1.00000 
293.15100 1.00000 
297.59601 1.00000 
296.17099 1.00000 
294.73599 1.00000 
0.00000 0.00000 
0.00000 0.00000 
0.00000 0.00000 
389.90601 1.00000 
390.81500 1.00000 
391.20499 1.00000 
390.02100 1.00000 
390.17001 1.00000 
390.58801 1.00000 
390.81201 1.00000 
391.19800 1.00000 
391.40399 1.00000 
391.12500 1.00000 
390.77399 1.00000 
390.40601 1.00000 
389.98999 1.00000 
389.45099 1.00000 
388.54700 1.00000 
388.40500 1.00000 
388.05499 1.00000 
388.70099 1.00000 
389.39301 1.00000 
390.06601 1.00000 
390.22299 1.00000 
390.12701 1.00000 
389.70499 1.00000 
392.20599 1.00000 
395.41101 1.00000 
394.07199 1.00000 
387.90799 1.00000 
388.18201 1.00000 
382.80899 1.00000 
383.48999 1.00000 
384.37900 1.00000 
386.49100 1.00000 
387.19501 1.00000 
388.32700 1.00000 
389.39999 1.00000 
389.00500 1.00000 
389.56699 1.00000 
390.09299 1.00000 
390.26501 1.00000 
391.55200 1.00000 
392.28699 1.00000 
392.53000 1.00000 
392.63901 1.00000 
392.85300 1.00000 
393.37100 1.00000 
393.69901 1.00000 
393.04901 1.00000 
391.37900 1.00000 
389.89999 1.00000 
388.48300 1.00000 
388.60300 1.00000 
385.04501 1.00000 
384.04800 1.00000 
384.66501 1.00000 
384.22299 1.00000 
385.40302 1.00000 
387.24100 1.00000 
388.58099 1.00000 
389.91800 1.00000 
391.78900 1.00000 
392.32101 1.00000 
392.19800 1.00000 
392.57199 1.00000 
392.37201 1.00000 
392.71600 1.00000 
393.10400 1.00000 
393.03201 1.00000 
392.75400 1.00000 
391.91699 1.00000 
391.23099 1.00000 
391.17499 1.00000 
391.31201 1.00000 
391.09299 1.00000 
390.37399 1.00000 
390.55399 1.00000 
390.65399 1.00000 
390.40701 1.00000 
390.12701 1.00000 
390.57501 1.00000 
390.37201 1.00000 
390.56400 1.00000 
390.75299 1.00000 
390.82800 1.00000 
391.11801 1.00000 
391.32401 1.00000 
391.12201 1.00000 
391.15201 1.00000 
391.26001 1.00000 
391.06100 1.00000 
390.92001 1.00000 
390.40900 1.00000 
390.47501 1.00000 
390.11099 1.00000 
390.06400 1.00000 
390.14499 1.00000 
390.14801 1.00000 
390.12900 1.00000 
390.26501 1.00000 
390.30099 1.00000 
390.00299 1.00000 
389.93301 1.00000 
389.80600 1.00000 
389.67300 1.00000 
389.07700 1.00000 
388.62000 1.00000 
387.94800 1.00000 
386.98300 1.00000 
387.13199 1.00000 
387.03000 1.00000 
386.60800 1.00000 
386.54501 1.00000 
385.34799 1.00000 
383.74799 1.00000 
381.64401 1.00000 
384.96100 1.00000 
391.62701 1.00000 
396.67499 1.00000 
395.64899 1.00000 
387.33401 1.00000 
388.01501 1.00000 
435.28101 1.00000 
495.21301 1.00000 
495.61499 1.00000 
498.97501 1.00000 
498.69000 1.00000 
499.54401 1.00000 
498.99600 1.00000 
499.52600 1.00000 
498.79199 1.00000 
498.71201 1.00000 
498.17001 1.00000 
497.67599 1.00000 
496.97101 1.00000 
496.22699 1.00000 
495.31699 1.00000 
494.98300 1.00000 
494.23001 1.00000 
493.35699 1.00000 
493.14899 1.00000 
492.31900 1.00000 
492.26401 1.00000 
491.38101 1.00000 
492.02399 1.00000 
491.82700 1.00000 
492.81100 1.00000 
493.26099 1.00000 
493.78900 1.00000 
494.29501 1.00000 
495.16901 1.00000 
495.38101 1.00000 
496.27301 1.00000 
497.06500 1.00000 
497.27399 1.00000 
497.55099 1.00000 
498.04800 1.00000 
498.20300 1.00000 
498.40601 1.00000 
498.45700 1.00000 
498.37399 1.00000 
498.44501 1.00000 
498.25601 1.00000 
498.36099 1.00000 
498.28900 1.00000 
498.04999 1.00000 
498.09299 1.00000 
498.02802 1.00000 
498.17499 1.00000 
497.95099 1.00000 
498.01099 1.00000 
497.93900 1.00000 
498.10800 1.00000 
498.31601 1.00000 
498.03201 1.00000 
498.04599 1.00000 
497.50101 1.00000 
497.17599 1.00000 
497.55899 1.00000 
497.14200 1.00000 
496.94199 1.00000 
496.46399 1.00000 
495.81500 1.00000 
496.27899 1.00000 
500.62000 1.00000 
491.64801 1.00000 
478.10800 1.00000 
496.48499 1.00000 
494.76700 1.00000 
498.60400 1.00000 
497.63101 1.00000 
499.34799 1.00000 
498.88800 1.00000 
499.23700 1.00000 
499.41501 1.00000 
499.14001 1.00000 
499.30499 1.00000 
499.19400 1.00000 
499.36200 1.00000 
499.23499 1.00000 
499.23599 1.00000 
499.37601 1.00000 
499.25400 1.00000 
498.90399 1.00000 
497.54800 1.00000 
497.64600 1.00000 
498.43500 1.00000 
501.38400 1.00000 
522.62097 1.00000 
0.00000 0.00000 
493.17401 1.00000 
497.07101 1.00000 
496.17099 1.00000 
498.70999 1.00000 
498.99301 1.00000 
499.33899 1.00000 
499.51801 1.00000 
499.19299 1.00000 
499.22299 1.00000 
499.14999 1.00000 
498.91699 1.00000 
499.47198 1.00000 
499.43799 1.00000 
499.65701 1.00000 
499.57700 1.00000 
499.92499 1.00000 
499.72699 1.00000 
499.86700 1.00000 
499.85300 1.00000 
500.03699 1.00000 
500.09000 1.00000 
499.96899 1.00000 
499.99701 1.00000 
499.74701 1.00000 
499.52701 1.00000 
499.66699 1.00000 
499.47198 1.00000 
499.42700 1.00000 
498.98199 1.00000 
499.26199 1.00000 
501.74600 1.00000 
500.60599 1.00000 
500.74100 1.00000 
0.00000 0.00000 
0.00000 0.00000 
582.34900 1.00000 
588.11603 1.00000 
591.78101 1.00000 
592.13702 1.00000 
592.38300 1.00000 
592.91901 1.00000 
593.04303 1.00000 
592.82001 1.00000 
592.39502 1.00000 
591.80298 1.00000 
590.60199 1.00000 
588.65997 1.00000 
587.30298 1.00000 
584.91498 1.00000 
581.92902 1.00000 
579.59003 1.00000 
575.19202 1.00000 
573.89001 1.00000 
572.74902 1.00000 
572.57001 1.00000 
571.77899 1.00000 
571.12701 1.00000 
571.89697 1.00000 
572.51001 1.00000 
573.72699 1.00000 
574.99902 1.00000 
577.45099 1.00000 
580.26398 1.00000 
582.67102 1.00000 
585.50897 1.00000 
586.43597 1.00000 
587.49500 1.00000 
588.74500 1.00000 
589.77899 1.00000 
590.84497 1.00000 
591.39301 1.00000 
592.16101 1.00000 
592.53601 1.00000 
592.50299 1.00000 
592.39398 1.00000 
591.39899 1.00000 
590.64398 1.00000 
589.76398 1.00000 
588.70300 1.00000 
588.12701 1.00000 
587.50500 1.00000 
586.44397 1.00000 
585.37500 1.00000 
583.45599 1.00000 
581.98700 1.00000 
580.89801 1.00000 
580.26398 1.00000 
580.52399 1.00000 
579.31702 1.00000 
577.54602 1.00000 
574.80103 1.00000 
573.55701 1.00000 
572.59998 1.00000 
571.98102 1.00000 
573.93701 1.00000 
0.00000 0.00000 
0.00000 0.00000 
0.00000 0.00000 
0.00000 0.00000 
551.61603 1.00000 
567.28601 1.00000 
573.00702 1.00000 
580.80701 1.00000 
586.76898 1.00000 
588.57397 1.00000 
589.45898 1.00000 
590.87402 1.00000 
591.78101 1.00000 
592.94202 1.00000 
593.19098 1.00000 
593.13098 1.00000 
588.78101 1.00000 
0.00000 0.00000 
591.70398 1.00000 
590.10303 1.00000 
589.36298 1.00000 
588.43597 1.00000 
587.78497 1.00000 
586.71002 1.00000 
585.57300 1.00000 
583.41400 1.00000 
581.04602 1.00000 
580.10797 1.00000 
579.17902 1.00000 
578.37201 1.00000 
578.19897 1.00000 
577.83398 1.00000 
578.04901 1.00000 
579.36603 1.00000 
580.75201 1.00000 
581.66400 1.00000 
582.01801 1.00000 
583.56299 1.00000 
585.26599 1.00000 
586.21802 1.00000 
586.59900 1.00000 
587.41901 1.00000 
588.23798 1.00000 
589.48401 1.00000 
590.46802 1.00000 
591.08002 1.00000 
591.38501 1.00000 
591.49200 1.00000 
592.19702 1.00000 
592.53998 1.00000 
592.98798 1.00000 
593.21399 1.00000 
592.73297 1.00000 
591.86798 1.00000 
590.90900 1.00000 
590.09497 1.00000 
589.25299 1.00000 
588.72699 1.00000 
587.99500 1.00000 
587.26398 1.00000 
585.75201 1.00000 
584.64099 1.00000 
582.94098 1.00000 
582.34802 1.00000 
581.44598 1.00000 
580.70898 1.00000 
580.01001 1.00000 
580.21600 1.00000 
580.99902 1.00000 
581.38501 1.00000 
582.04102 1.00000 
581.99701 1.00000 
583.22198 1.00000 
583.83301 1.00000 
585.27802 1.00000 
586.22101 1.00000 
586.94397 1.00000 
587.89301 1.00000 
588.53198 1.00000 
589.18500 1.00000 
589.73199 1.00000 
590.13300 1.00000 
590.58698 1.00000 
591.14697 1.00000 
591.60901 1.00000 
591.67401 1.00000 
592.11700 1.00000 
592.46198 1.00000 
592.55902 1.00000 
592.78101 1.00000 
592.51001 1.00000 
592.10400 1.00000 
591.72101 1.00000 
591.02002 1.00000 
589.09698 1.00000 
589.01300 1.00000 
589.08600 1.00000 
588.96100 1.00000 
588.92700 1.00000 
589.08600 1.00000 
588.79602 1.00000 
587.48499 1.00000 
587.59900 1.00000 
588.48102 1.00000 
588.54999 1.00000 
588.65900 1.00000 
589.48297 1.00000 
589.24902 1.00000 
589.03998 1.00000 
589.11499 1.00000 
589.32098 1.00000 
587.63501 1.00000 
587.33398 1.00000 
587.94800 1.00000 
587.51398 1.00000 
588.28003 1.00000 
588.45300 1.00000 
587.95203 1.00000 
587.02899 1.00000 
586.92999 1.00000 
585.34100 1.00000 
584.10602 1.00000 
585.86401 1.00000 
586.83197 1.00000 
587.42499 1.00000 
589.33801 1.00000 
587.59003 1.00000 
585.77600 1.00000 
590.13501 1.00000 
587.67902 1.00000 
581.70398 1.00000 
579.60303 1.00000 
583.18701 1.00000 
585.08801 1.00000 
586.61200 1.00000 
586.12799 1.00000 
586.70099 1.00000 
587.05603 1.00000 
587.96399 1.00000 
588.66803 1.00000 
589.09802 1.00000 
589.25098 1.00000 
589.54797 1.00000 
589.28302 1.00000 
589.34198 1.00000 
589.62701 1.00000 
589.85602 1.00000 
589.97998 1.00000 
589.86902 1.00000 
589.56897 1.00000 
589.69501 1.00000 
589.72198 1.00000 
589.73901 1.00000 
589.47601 1.00000 
589.68597 1.00000 
589.97302 1.00000 
590.34802 1.00000 
590.44897 1.00000 
589.92401 1.00000 
590.22302 1.00000 
590.36798 1.00000 
590.70599 1.00000 
590.82501 1.00000 
590.79199 1.00000 
590.94202 1.00000 
590.82300 1.00000 
590.69702 1.00000 
590.87201 1.00000 
590.36200 1.00000 
590.50098 1.00000 
590.42999 1.00000 
590.21802 1.00000 
590.31201 1.00000 
590.31897 1.00000 
590.63397 1.00000 
590.14697 1.00000 
590.07300 1.00000 
590.55701 1.00000 
590.20398 1.00000 
589.62402 1.00000 
589.61401 1.00000 
589.58899 1.00000 
589.81299 1.00000 
590.19598 1.00000 
590.08301 1.00000 
589.49402 1.00000 
589.63599 1.00000 
588.92297 1.00000 
589.76398 1.00000 
589.15399 1.00000 
591.96301 1.00000 
589.64001 1.00000 
588.77301 1.00000 
591.73999 1.00000 
610.20099 1.00000 
636.57202 1.00000 
646.86200 1.00000 
661.67200 1.00000 
662.55103 1.00000 
666.28802 1.00000 
669.95398 1.00000 
669.65698 1.00000 
672.05499 1.00000 
671.10400 1.00000 
672.61798 1.00000 
671.69202 1.00000 
671.17200 1.00000 
671.71698 1.00000 
668.68701 1.00000 
668.09003 1.00000 
665.38702 1.00000 
662.75098 1.00000 
662.27698 1.00000 
659.22998 1.00000 
658.52802 1.00000 
656.64301 1.00000 
652.42700 1.00000 
649.80402 1.00000 
649.32300 1.00000 
650.73798 1.00000 
651.91803 1.00000 
653.12299 1.00000 
654.57501 1.00000 
655.72900 1.00000 
657.92999 1.00000 
659.92999 1.00000 
661.96802 1.00000 
664.14301 1.00000 
667.35901 1.00000 
668.35901 1.00000 
665.89398 1.00000 
665.81897 1.00000 
665.45001 1.00000 
664.98901 1.00000 
665.90698 1.00000 
665.23700 1.00000 
665.26703 1.00000 
665.10199 1.00000 
663.78601 1.00000 
662.95599 1.00000 
662.17200 1.00000 
661.21600 1.00000 
661.22900 1.00000 
660.12299 1.00000 
659.76398 1.00000 
658.27802 1.00000 
656.64899 1.00000 
655.88501 1.00000 
653.31403 1.00000 
651.32703 1.00000 
651.30103 1.00000 
651.27301 1.00000 
651.16199 1.00000 
635.99902 1.00000 
630.28302 1.00000 
606.64801 1.00000 
607.23798 1.00000 
611.76898 1.00000 
618.26703 1.00000 
636.19202 1.00000 
636.65997 1.00000 
632.42999 1.00000 
635.14899 1.00000 
604.20300 1.00000 
595.11401 1.00000 
585.15802 1.00000 
590.35699 1.00000 
593.63098 1.00000 
592.22198 1.00000 
592.40100 1.00000 
594.22400 1.00000 
594.90100 1.00000 
594.43103 1.00000 
594.73199 1.00000 
595.24402 1.00000 
595.62402 1.00000 
594.53900 1.00000 
599.38202 1.00000 
594.15399 1.00000 
593.95502 1.00000 
593.09900 1.00000 
594.02197 1.00000 
594.53198 1.00000 
593.59399 1.00000 
593.40198 1.00000 
594.91998 1.00000 
594.08002 1.00000 
593.32898 1.00000 
594.88000 1.00000 
594.39600 1.00000 
592.64502 1.00000 
594.32397 1.00000 
594.48102 1.00000 
592.31000 1.00000 
593.94098 1.00000 
594.72699 1.00000 
591.79602 1.00000 
593.33502 1.00000 
594.14697 1.00000 
591.77197 1.00000 
592.17401 1.00000 
593.99902 1.00000 
597.86603 1.00000 
598.17499 1.00000 
594.00702 1.00000 
593.58197 1.00000 
591.65002 1.00000 
589.41400 1.00000 
587.45398 1.00000 
581.80103 1.00000 
577.79700 1.00000 
587.79102 1.00000 
597.20697 1.00000 
587.92297 1.00000 
596.22998 1.00000 
500.27100 1.00000 
501.46500 1.00000 
503.12601 1.00000 
502.42599 1.00000 
503.06601 1.00000 
502.81500 1.00000 
501.97900 1.00000 
501.03799 1.00000 
499.29501 1.00000 
498.85699 1.00000 
497.92001 1.00000 
497.58899 1.00000 
496.47601 1.00000 
496.91299 1.00000 
496.32700 1.00000 
496.13101 1.00000 
496.03500 1.00000 
496.10400 1.00000 
496.37601 1.00000 
496.78000 1.00000 
497.62299 1.00000 
498.39600 1.00000 
499.49701 1.00000 
500.35800 1.00000 
500.98499 1.00000 
501.52701 1.00000 
501.72501 1.00000 
502.29800 1.00000 
502.95700 1.00000 
503.22299 1.00000 
503.20001 1.00000 
503.89600 1.00000 
503.72601 1.00000 
503.84698 1.00000 
503.43600 1.00000 
503.75800 1.00000 
503.18500 1.00000 
502.86401 1.00000 
502.86301 1.00000 
502.88000 1.00000 
503.07199 1.00000 
503.32001 1.00000 
503.13501 1.00000 
503.00400 1.00000 
503.21399 1.00000 
502.63501 1.00000 
502.52100 1.00000 
502.61499 1.00000 
502.98499 1.00000 
502.88300 1.00000 
502.48099 1.00000 
502.34500 1.00000 
502.76300 1.00000 
502.57901 1.00000 
502.61700 1.00000 
502.18900 1.00000 
502.87399 1.00000 
502.96399 1.00000 
503.08801 1.00000 
503.18100 1.00000 
502.54800 1.00000 
502.89999 1.00000 
502.59799 1.00000 
495.52899 1.00000 
0.00000 0.00000 
0.00000 0.00000 
0.00000 0.00000 
0.00000 0.00000 
388.81900 1.00000 
391.78699 1.00000 
394.04999 1.00000 
394.95700 1.00000 
396.36499 1.00000 
396.51999 1.00000 
396.66699 1.00000 
397.00299 1.00000 
396.67999 1.00000 
397.29001 1.00000 
397.31601 1.00000 
397.33301 1.00000 
397.40601 1.00000 
397.38400 1.00000 
397.61700 1.00000 
397.68399 1.00000 
397.89001 1.00000 
398.02200 1.00000 
397.74200 1.00000 
397.58200 1.00000 
397.42999 1.00000 
397.31201 1.00000 
397.66501 1.00000 
398.34000 1.00000 
396.86899 1.00000 
395.73001 1.00000 
395.41501 1.00000 
398.48401 1.00000 
400.16101 1.00000 
399.22501 1.00000 
397.57999 1.00000 
397.80200 1.00000 
397.63501 1.00000 
398.36499 1.00000 
398.03101 1.00000 
397.64499 1.00000 
397.67401 1.00000 
397.85001 1.00000 
398.16299 1.00000 
398.37601 1.00000 
398.09399 1.00000 
397.82901 1.00000 
397.47000 1.00000 
397.26801 1.00000 
397.21899 1.00000 
397.12000 1.00000 
397.15201 1.00000 
397.19501 1.00000 
397.16000 1.00000 
399.34500 1.00000 
403.61600 1.00000 
401.57800 1.00000 
398.41501 1.00000 
397.15799 1.00000 
394.26300 1.00000 
391.94299 1.00000 
397.17499 1.00000 
402.28799 1.00000 
398.63501 1.00000 
385.62701 1.00000 
397.45901 1.00000 
417.88101 1.00000 
426.68500 1.00000 
416.17001 1.00000 
427.20599 1.00000 
426.86401 1.00000 
427.07401 1.00000 
438.88300 1.00000 
439.19501 1.00000 
438.49600 1.00000 
438.57700 1.00000 
439.22800 1.00000 
439.86099 1.00000 
438.84698 1.00000 
438.72400 1.00000 
443.64001 1.00000 
444.54800 1.00000 
439.12201 1.00000 
438.88101 1.00000 
439.49600 1.00000 
439.85300 1.00000 
429.05801 1.00000 
428.34698 1.00000 
427.89200 1.00000 
427.09399 1.00000 
426.81201 1.00000 
426.75201 1.00000 
419.35999 1.00000 
441.45099 1.00000 
443.60101 1.00000 
441.47501 1.00000 
439.23401 1.00000 
444.60001 1.00000 
445.59299 1.00000 
446.39899 1.00000 
445.72800 1.00000 
445.10199 1.00000 
445.60199 1.00000 
445.01501 1.00000 
445.33301 1.00000 
445.06500 1.00000 
444.84399 1.00000 
444.81699 1.00000 
444.28699 1.00000 
444.33701 1.00000 
443.87299 1.00000 
443.64899 1.00000 
442.81400 1.00000 
442.88000 1.00000 
442.27499 1.00000 
440.86899 1.00000 
437.83899 1.00000 
434.03601 1.00000 
425.02600 1.00000 
404.04401 1.00000 
394.29199 1.00000 
404.81299 1.00000 
414.06400 1.00000 
391.98700 1.00000 
393.72800 1.00000 
395.61200 1.00000 
395.74899 1.00000 
397.08401 1.00000 
397.43399 1.00000 
396.99100 1.00000 
397.20300 1.00000 
397.39700 1.00000 
397.88699 1.00000 
398.12000 1.00000 
398.00000 1.00000 
397.87201 1.00000 
397.76599 1.00000 
397.83899 1.00000 
398.03201 1.00000 
397.92401 1.00000 
398.10400 1.00000 
398.01300 1.00000 
398.04099 1.00000 
398.01599 1.00000 
398.18100 1.00000 
398.48901 1.00000 
398.98300 1.00000 
399.59201 1.00000 
397.40900 1.00000 
395.49701 1.00000 
396.00500 1.00000 
396.98499 1.00000 
396.16901 1.00000 
394.96600 1.00000 
396.79199 1.00000 
396.85199 1.00000 
397.13400 1.00000 
397.22000 1.00000 
396.87900 1.00000 
396.50101 1.00000 
396.71500 1.00000 
396.47800 1.00000 
396.61499 1.00000 
396.49500 1.00000 
396.20901 1.00000 
395.90701 1.00000 
395.32999 1.00000 
394.60501 1.00000 
394.38501 1.00000 
394.86700 1.00000 
396.58801 1.00000 
399.21899 1.00000 
398.19000 1.00000 
395.03400 1.00000 
393.28900 1.00000 
392.63901 1.00000 
393.31500 1.00000 
396.98700 1.00000 
394.52701 1.00000 
393.38000 1.00000 
394.88300 1.00000 
395.32199 1.00000 
396.43600 1.00000 
393.25201 1.00000 
394.06799 1.00000 
397.39200 1.00000 
378.76401 1.00000 
376.06601 1.00000 
369.71301 1.00000 
333.84000 1.00000 
331.00800 1.00000 
333.98999 1.00000 
330.92001 1.00000 
329.80499 1.00000 
331.43100 1.00000 
330.26099 1.00000 
330.99301 1.00000 
331.60699 1.00000 
335.17300 1.00000 
373.70300 1.00000 
376.45200 1.00000 
383.49701 1.00000 
341.57401 1.00000 
335.99600 1.00000 
336.18799 1.00000 
334.99600 1.00000 
334.62399 1.00000 
334.85199 1.00000 
334.72299 1.00000 
334.93701 1.00000 
337.07800 1.00000 
337.79901 1.00000 
337.01099 1.00000 
337.66501 1.00000 
335.82501 1.00000 
333.44101 1.00000 
333.30600 1.00000 
333.37399 1.00000 
331.76999 1.00000 
332.25900 1.00000 
332.08701 1.00000 
330.79401 1.00000 
330.93399 1.00000 
330.83099 1.00000 
330.17499 1.00000 
331.18900 1.00000 
331.22400 1.00000 
329.78799 1.00000 
331.31799 1.00000 
331.70001 1.00000 
330.70499 1.00000 
331.35999 1.00000 
331.14401 1.00000 
330.55200 1.00000 
330.67999 1.00000 
331.30701 1.00000 
330.12399 1.00000 
330.59900 1.00000 
329.77899 1.00000 
329.63400 1.00000 
330.66000 1.00000 
331.46701 1.00000 
329.18900 1.00000 
328.75900 1.00000 
328.53699 1.00000 
329.48999 1.00000 
330.04901 1.00000 
326.27701 1.00000 
317.55499 1.00000 
282.92001 1.00000 
287.61200 1.00000 
291.10300 1.00000 
291.19901 1.00000 
290.85501 1.00000 
292.12201 1.00000 
294.27802 1.00000 
295.20401 1.00000 
295.06699 1.00000 
294.89499 1.00000 
294.70700 1.00000 
294.19199 1.00000 
294.08099 1.00000 
293.89999 1.00000 
293.88300 1.00000 
294.08301 1.00000 
294.39099 1.00000 
294.05600 1.00000 
294.39200 1.00000 
294.11700 1.00000 
294.27200 1.00000 
294.29901 1.00000 
294.45099 1.00000 
294.34799 1.00000 
294.27399 1.00000 
294.25101 1.00000 
294.37299 1.00000 
294.29700 1.00000 
294.29401 1.00000 
294.10599 1.00000 
294.26401 1.00000 
294.39700 1.00000 
294.41101 1.00000 
294.43701 1.00000 
294.55099 1.00000 
294.22400 1.00000 
294.37399 1.00000 
294.60001 1.00000 
294.38400 1.00000 
294.37399 1.00000 
294.52301 1.00000 
294.19299 1.00000 
294.49100 1.00000 
294.34000 1.00000 
294.17300 1.00000 
293.75400 1.00000 
294.85800 1.00000 
0.00000 0.00000 
0.00000 0.00000 
0.00000 0.00000 
0.00000 0.00000 
0.00000 0.00000 
0.00000 0.00000 
0.00000 0.00000 
0.00000 0.00000 
388.84100 1.00000 
386.30399 1.00000 
388.07501 1.00000 
389.63800 1.00000 
390.72800 1.00000 
391.79001 1.00000 
392.10400 1.00000 
391.78900 1.00000 
391.72000 1.00000 
391.38000 1.00000 
390.70300 1.00000 
389.81799 1.00000 
388.26999 1.00000 
386.50101 1.00000 
384.85199 1.00000 
382.87299 1.00000 
382.17801 1.00000 
382.82501 1.00000 
384.24500 1.00000 
385.40399 1.00000 
386.86700 1.00000 
388.19101 1.00000 
388.96799 1.00000 
389.48199 1.00000 
389.91501 1.00000 
390.47501 1.00000 
391.22299 1.00000 
392.20099 1.00000 
393.18301 1.00000 
394.14801 1.00000 
395.04001 1.00000 
395.41599 1.00000 
395.93701 1.00000 
396.45599 1.00000 
396.45700 1.00000 
396.03400 1.00000 
395.88901 1.00000 
395.60101 1.00000 
394.94299 1.00000 
394.53500 1.00000 
393.86600 1.00000 
393.62299 1.00000 
393.29300 1.00000 
392.91599 1.00000 
392.78601 1.00000 
392.41501 1.00000 
392.20001 1.00000 
392.45200 1.00000 
392.52802 1.00000 
392.53601 1.00000 
392.26501 1.00000 
391.81299 1.00000 
391.57999 1.00000 
390.91299 1.00000 
390.87299 1.00000 
390.64301 1.00000 
390.89401 1.00000 
391.17599 1.00000 
391.70099 1.00000 
392.18500 1.00000 
392.88199 1.00000 
394.00101 1.00000 
394.49100 1.00000 
394.93701 1.00000 
395.10800 1.00000 
394.72400 1.00000 
395.03101 1.00000 
395.31799 1.00000 
395.28299 1.00000 
396.00101 1.00000 
395.13400 1.00000 
396.27802 1.00000 
394.22400 1.00000 
394.94199 1.00000 
394.91400 1.00000 
394.77100 1.00000 
394.90900 1.00000 
395.65500 1.00000 
395.52600 1.00000 
395.85800 1.00000 
395.91699 1.00000 
395.82901 1.00000 
395.84900 1.00000 
396.05499 1.00000 
396.19800 1.00000 
396.46899 1.00000 
396.24301 1.00000 
396.45300 1.00000 
396.34799 1.00000 
396.37000 1.00000 
396.88699 1.00000 
397.08099 1.00000 
396.11301 1.00000 
395.13000 1.00000 
395.02701 1.00000 
395.48099 1.00000 
397.17401 1.00000 
400.25101 1.00000 
396.51801 1.00000 
396.25201 1.00000 
395.80801 1.00000 
396.48901 1.00000 
397.71600 1.00000 
397.10599 1.00000 
396.37299 1.00000 
395.66699 1.00000 
395.06900 1.00000 
394.74899 1.00000 
394.39801 1.00000 
394.52301 1.00000 
394.28601 1.00000 
393.69299 1.00000 
394.02200 1.00000 
393.72000 1.00000 
393.82300 1.00000 
394.18701 1.00000 
394.93701 1.00000 
394.99899 1.00000 
394.90302 1.00000 
395.24600 1.00000 
395.34299 1.00000 
395.38501 1.00000 
395.29800 1.00000 
395.51501 1.00000 
396.03101 1.00000 
396.57901 1.00000 
396.30099 1.00000 
394.62201 1.00000 
395.31900 1.00000 
396.61499 1.00000 
396.98099 1.00000 
398.02301 1.00000 
394.61600 1.00000 
394.92801 1.00000 
396.07101 1.00000 
396.40799 1.00000 
397.04001 1.00000 
396.83801 1.00000 
396.50101 1.00000 
396.64999 1.00000 
396.61600 1.00000 
396.94000 1.00000 
397.07700 1.00000 
396.90100 1.00000 
396.86801 1.00000 
396.75900 1.00000 
396.70300 1.00000 
396.84201 1.00000 
396.87399 1.00000 
396.87799 1.00000 
396.85400 1.00000 
396.95499 1.00000 
397.01999 1.00000 
397.26999 1.00000 
397.21399 1.00000 
397.24500 1.00000 
397.47699 1.00000 
397.52899 1.00000 
397.60800 1.00000 
397.71899 1.00000 
397.83701 1.00000 
397.34000 1.00000 
396.57501 1.00000 
396.82599 1.00000 
397.97699 1.00000 
398.35501 1.00000 
398.76300 1.00000 
397.89600 1.00000 
397.42200 1.00000 
397.96799 1.00000 
398.18600 1.00000 
398.03799 1.00000 
398.20801 1.00000 
398.08600 1.00000 
398.17499 1.00000 
398.36600 1.00000 
398.48300 1.00000 
398.58899 1.00000 
398.35300 1.00000 
397.56100 1.00000 
397.69601 1.00000 
397.56799 1.00000 
397.47900 1.00000 
396.82501 1.00000 
396.76501 1.00000 
396.57401 1.00000 
395.99600 1.00000 
395.74399 1.00000 
394.96701 1.00000 
394.16901 1.00000 
393.38300 1.00000 
393.95901 1.00000 
395.33301 1.00000 
397.70801 1.00000 
398.39899 1.00000 
397.39001 1.00000 
396.19000 1.00000 
394.80701 1.00000 
396.66901 1.00000 
395.97900 1.00000 
395.88000 1.00000 
396.05899 1.00000 
395.55899 1.00000 
396.14899 1.00000 
396.28799 1.00000 
396.45001 1.00000 
396.50800 1.00000 
396.30200 1.00000 
396.50101 1.00000 
396.33200 1.00000 
396.45200 1.00000 
396.34201 1.00000 
396.68500 1.00000 
396.56100 1.00000 
396.57800 1.00000 
396.75201 1.00000 
396.73401 1.00000 
396.89700 1.00000 
396.95499 1.00000 
397.19299 1.00000 
397.29700 1.00000 
397.48099 1.00000 
397.57901 1.00000 
397.73901 1.00000 
397.85300 1.00000 
398.00101 1.00000 
398.03799 1.00000 
397.93900 1.00000 
397.23901 1.00000 
396.27200 1.00000 
395.97601 1.00000 
396.48099 1.00000 
398.27100 1.00000 
397.88599 1.00000 
397.04099 1.00000 
396.12900 1.00000 
396.42200 1.00000 
397.72800 1.00000 
397.68100 1.00000 
396.99799 1.00000 
397.27200 1.00000 
397.27701 1.00000 
397.53500 1.00000 
397.72699 1.00000 
398.05801 1.00000 
398.02701 1.00000 
397.47000 1.00000 
396.83401 1.00000 
396.51199 1.00000 
394.93301 1.00000 
394.12701 1.00000 
393.20099 1.00000 
391.98499 1.00000 
394.23801 1.00000 
393.97000 1.00000 
393.52600 1.00000 
392.24600 1.00000 
393.55801 1.00000 
397.54700 1.00000 
389.63199 1.00000 
389.53400 1.00000 
391.33899 1.00000 
391.75201 1.00000 
392.56000 1.00000 
393.16000 1.00000 
393.31601 1.00000 
393.26501 1.00000 
393.31799 1.00000 
393.72299 1.00000 
393.67499 1.00000 
394.01999 1.00000 
394.27899 1.00000 
394.22900 1.00000 
394.64600 1.00000 
394.52701 1.00000 
394.55600 1.00000 
394.67499 1.00000 
394.66101 1.00000 
394.94101 1.00000 
394.97000 1.00000 
395.01401 1.00000 
394.91101 1.00000 
394.50000 1.00000 
393.72800 1.00000 
393.73901 1.00000 
394.02499 1.00000 
393.89899 1.00000 
390.93500 1.00000 
391.48801 1.00000 
390.18600 1.00000 
388.65900 1.00000 
390.89499 1.00000 
398.16400 1.00000 
394.06299 1.00000 
393.06799 1.00000 
394.19800 1.00000 
394.82501 1.00000 
396.73300 1.00000 
397.46600 1.00000 
397.02100 1.00000 
396.76099 1.00000 
396.72101 1.00000 
397.06299 1.00000 
397.82599 1.00000 
398.02499 1.00000 
398.01901 1.00000 
397.89999 1.00000 
396.90799 1.00000 
396.85101 1.00000 
397.08801 1.00000 
397.40701 1.00000 
397.23999 1.00000 
396.73300 1.00000 
396.51001 1.00000 
396.63501 1.00000 
396.69199 1.00000 
396.50601 1.00000 
395.46899 1.00000 
395.01401 1.00000 
393.49301 1.00000 
396.16800 1.00000 
397.63699 1.00000 
397.74899 1.00000 
396.58499 1.00000 
395.40500 1.00000 
396.10800 1.00000 
396.13501 1.00000 
396.16800 1.00000 
396.05399 1.00000 
396.17599 1.00000 
396.43201 1.00000 
396.83200 1.00000 
396.74799 1.00000 
396.46701 1.00000 
396.40399 1.00000 
396.51300 1.00000 
396.62900 1.00000 
396.80701 1.00000 
396.89401 1.00000 
396.76599 1.00000 
396.78500 1.00000 
396.89801 1.00000 
396.95499 1.00000 
397.13800 1.00000 
397.37201 1.00000 
397.59399 1.00000 
397.74301 1.00000 
398.06000 1.00000 
397.36301 1.00000 
396.07700 1.00000 
396.41901 1.00000 
397.88199 1.00000 
399.42999 1.00000 
400.55399 1.00000 
397.89600 1.00000 
397.60599 1.00000 
396.71500 1.00000 
396.38599 1.00000 
396.95700 1.00000 
396.45099 1.00000 
396.69800 1.00000 
396.67200 1.00000 
396.61301 1.00000 
396.93201 1.00000 
396.71600 1.00000 
396.81900 1.00000 
396.85999 1.00000 
396.61099 1.00000 
396.74200 1.00000 
396.66599 1.00000 
396.83200 1.00000 
396.95200 1.00000 
396.90601 1.00000 
396.83899 1.00000 
396.79800 1.00000 
396.76700 1.00000 
396.63300 1.00000 
396.37701 1.00000 
396.09500 1.00000 
395.69800 1.00000 
395.28400 1.00000 
392.82300 1.00000 
392.45700 1.00000 
394.17599 1.00000 
394.99301 1.00000 
394.36700 1.00000 
393.95300 1.00000 
393.42599 1.00000 
393.42700 1.00000 
393.53101 1.00000 
394.44000 1.00000 
394.21899 1.00000 
394.56799 1.00000 
394.99399 1.00000 
395.07700 1.00000 
395.17200 1.00000 
395.22501 1.00000 
395.38501 1.00000 
395.51999 1.00000 
395.94601 1.00000 
396.10199 1.00000 
396.11499 1.00000 
396.19400 1.00000 
396.38901 1.00000 
396.68100 1.00000 
396.93900 1.00000 
397.02200 1.00000 
397.05801 1.00000 
395.68701 1.00000 
394.46600 1.00000 
395.91000 1.00000 
396.93701 1.00000 
396.97900 1.00000 
395.66501 1.00000 
394.84100 1.00000 
395.05399 1.00000 
395.12601 1.00000 
395.45499 1.00000 
395.63699 1.00000 
395.65601 1.00000 
396.19101 1.00000 
396.30701 1.00000 
396.47800 1.00000 
396.66599 1.00000 
396.54001 1.00000 
396.58499 1.00000 
396.34399 1.00000 
396.41199 1.00000 
396.43799 1.00000 
396.31500 1.00000 
396.20599 1.00000 
396.05499 1.00000 
396.17801 1.00000 
396.07599 1.00000 
396.27200 1.00000 
396.28799 1.00000 
396.05099 1.00000 
396.24301 1.00000 
395.19400 1.00000 
394.85699 1.00000 
392.28201 1.00000 
391.55399 1.00000 
393.23300 1.00000 
393.76001 1.00000 
392.84299 1.00000 
392.79199 1.00000 
392.50201 1.00000 
393.01801 1.00000 
393.48700 1.00000 
393.94101 1.00000 
394.74899 1.00000 
395.74301 1.00000 
395.63699 1.00000 
395.74301 1.00000 
395.71600 1.00000 
395.92700 1.00000 
395.86801 1.00000 
396.20901 1.00000 
396.39999 1.00000 
396.44101 1.00000 
396.36700 1.00000 
396.36801 1.00000 
396.44101 1.00000 
396.74799 1.00000 
397.01401 1.00000 
396.87500 1.00000 
396.95801 1.00000 
396.62799 1.00000 
396.34698 1.00000 
396.30399 1.00000 
395.09698 1.00000 
394.41800 1.00000 
390.68500 1.00000 
387.77701 1.00000 
387.53500 1.00000 
388.56100 1.00000 
390.07401 1.00000 
391.36401 1.00000 
391.29999 1.00000 
392.70200 1.00000 
393.57401 1.00000 
394.64001 1.00000 
395.94299 1.00000 
396.04401 1.00000 
396.31400 1.00000 
396.39600 1.00000 
396.13000 1.00000 
396.25299 1.00000 
396.18701 1.00000 
396.25601 1.00000 
395.93900 1.00000 
395.83801 1.00000 
395.49200 1.00000 
395.16501 1.00000 
394.86700 1.00000 
394.36401 1.00000 
394.26099 1.00000 
394.01199 1.00000 
393.74200 1.00000 
392.01501 1.00000 
390.58301 1.00000 
391.44000 1.00000 
392.53799 1.00000 
392.89600 1.00000 
392.14999 1.00000 
392.19901 1.00000 
392.91400 1.00000 
392.60999 1.00000 
393.70499 1.00000 
394.52600 1.00000 
395.57901 1.00000 
395.76001 1.00000 
395.53699 1.00000 
395.55499 1.00000 
395.58099 1.00000 
395.80701 1.00000 
396.14899 1.00000 
396.27399 1.00000 
396.27701 1.00000 
396.20001 1.00000 
396.36401 1.00000 
396.47101 1.00000 
396.77701 1.00000 
397.05200 1.00000 
397.21500 1.00000 
397.14801 1.00000 
396.86200 1.00000 
396.72800 1.00000 
396.22101 1.00000 
395.03000 1.00000 
395.67001 1.00000 
399.76700 1.00000 
394.60901 1.00000 
394.42300 1.00000 
392.69699 1.00000 
392.87799 1.00000 
394.98801 1.00000 
395.71600 1.00000 
396.96201 1.00000 
397.57401 1.00000 
397.18701 1.00000 
397.24600 1.00000 
397.42700 1.00000 
398.32999 1.00000 
398.94501 1.00000 
398.52600 1.00000 
397.59399 1.00000 
396.68900 1.00000 
396.65302 1.00000 
396.41901 1.00000 
395.85101 1.00000 
394.40100 1.00000 
393.54999 1.00000 
388.90799 1.00000 
391.38101 1.00000 
392.97101 1.00000 
393.52100 1.00000 
393.30200 1.00000 
397.71399 1.00000 
398.41101 1.00000 
397.90601 1.00000 
396.22699 1.00000 
395.13199 1.00000 
397.25101 1.00000 
396.95700 1.00000 
396.70200 1.00000 
396.31500 1.00000 
395.99600 1.00000 
396.63699 1.00000 
396.91901 1.00000 
396.70599 1.00000 
396.55399 1.00000 
396.28799 1.00000 
396.17099 1.00000 
396.48001 1.00000 
396.44299 1.00000 
396.37000 1.00000 
396.29800 1.00000 
395.95300 1.00000 
395.78000 1.00000 
395.62601 1.00000 
395.76199 1.00000 
395.57800 1.00000 
395.20499 1.00000 
394.97501 1.00000 
395.35199 1.00000 
395.76501 1.00000 
394.07401 1.00000 
393.36899 1.00000 
392.14099 1.00000 
391.69101 1.00000 
393.17899 1.00000 
394.11600 1.00000 
393.76501 1.00000 
392.98099 1.00000 
394.24701 1.00000 
394.03500 1.00000 
394.40201 1.00000 
395.16299 1.00000 
395.38000 1.00000 
396.00299 1.00000 
396.16000 1.00000 
396.07101 1.00000 
396.14700 1.00000 
395.86801 1.00000 
395.95200 1.00000 
395.97198 1.00000 
395.93799 1.00000 
395.64301 1.00000 
395.32101 1.00000 
395.22198 1.00000 
395.04401 1.00000 
394.73901 1.00000 
394.75601 1.00000 
394.34900 1.00000 
393.76901 1.00000 
391.20599 1.00000 
391.32800 1.00000 
392.36801 1.00000 
390.37601 1.00000 
390.07599 1.00000 
387.16199 1.00000 
387.37201 1.00000 
388.20599 1.00000 
389.92700 1.00000 
391.88300 1.00000 
393.36200 1.00000 
394.60999 1.00000 
394.59799 1.00000 
394.25800 1.00000 
394.73901 1.00000 
395.97101 1.00000 
397.43100 1.00000 
398.09201 1.00000 
397.82599 1.00000 
397.24799 1.00000 
396.87799 1.00000 
396.75400 1.00000 
396.82901 1.00000 
396.79901 1.00000 
396.79300 1.00000 
396.47501 1.00000 
396.20001 1.00000 
395.86499 1.00000 
395.80600 1.00000 
395.56601 1.00000 
395.53000 1.00000 
395.72400 1.00000 
395.62399 1.00000 
395.21799 1.00000 
394.97101 1.00000 
394.55701 1.00000 
394.06699 1.00000 
393.92401 1.00000 
393.35800 1.00000 
393.43600 1.00000 
393.42200 1.00000 
394.21301 1.00000 
394.04199 1.00000 
394.81201 1.00000 
395.59601 1.00000 
397.13501 1.00000 
398.29700 1.00000 
398.47900 1.00000 
398.60300 1.00000 
398.20499 1.00000 
395.98999 1.00000 
397.37100 1.00000 
397.20001 1.00000 
393.87201 1.00000 
394.71799 1.00000 
395.07401 1.00000 
393.21399 1.00000 
390.12201 1.00000 
392.51501 1.00000 
386.55200 1.00000 
387.63501 1.00000 
398.38400 1.00000 
391.42499 1.00000 
391.97400 1.00000 
397.82599 1.00000 
395.31201 1.00000 
390.76700 1.00000 
386.20200 1.00000 
382.97000 1.00000 
382.35199 1.00000 
383.09601 1.00000 
384.43301 1.00000 
385.94800 1.00000 
387.35199 1.00000 
388.24399 1.00000 
389.01901 1.00000 
389.37500 1.00000 
389.84601 1.00000 
390.22501 1.00000 
390.21500 1.00000 
390.36099 1.00000 
390.67999 1.00000 
390.81201 1.00000 
391.06699 1.00000 
390.92300 1.00000 
391.07199 1.00000 
391.12500 1.00000 
391.26001 1.00000 
391.39999 1.00000 
391.40399 1.00000 
391.75000 1.00000 
391.58099 1.00000 
391.51999 1.00000 
391.47299 1.00000 
392.06799 1.00000 
392.15302 1.00000 
392.28699 1.00000 
392.56400 1.00000 
392.36899 1.00000 
392.65601 1.00000 
392.84201 1.00000 
393.57300 1.00000 
393.45499 1.00000 
393.81299 1.00000 
393.85501 1.00000 
393.45401 1.00000 
392.60400 1.00000 
391.35101 1.00000 
389.00400 1.00000 
388.96701 1.00000 
396.48700 1.00000 
398.77399 1.00000 
397.20999 1.00000 
395.81900 1.00000 
395.52600 1.00000 
396.01001 1.00000 
403.15100 1.00000 
401.14999 1.00000 
396.30600 1.00000 
396.60901 1.00000 
393.44199 1.00000 
395.83899 1.00000 
395.83499 1.00000 
396.93799 1.00000 
390.09201 1.00000 
376.28799 1.00000 
320.15701 1.00000 
321.74899 1.00000 
326.16400 1.00000 
325.89001 1.00000 
326.31299 1.00000 
327.53400 1.00000 
325.92401 1.00000 
326.73499 1.00000 
327.85599 1.00000 
327.15701 1.00000 
327.65500 1.00000 
328.13599 1.00000 
327.48401 1.00000 
327.40302 1.00000 
327.88599 1.00000 
327.36801 1.00000 
327.73401 1.00000 
328.36600 1.00000 
328.61200 1.00000 
329.74701 1.00000 
330.69199 1.00000 
331.67899 1.00000 
333.08801 1.00000 
334.11700 1.00000 
334.75101 1.00000 
335.06601 1.00000 
335.71799 1.00000 
335.32401 1.00000 
334.95999 1.00000 
335.77802 1.00000 
335.24799 1.00000 
335.12601 1.00000 
335.37500 1.00000 
334.73300 1.00000 
334.23599 1.00000 
334.13800 1.00000 
332.94800 1.00000 
332.73401 1.00000 
331.67099 1.00000 
332.45901 1.00000 
331.34698 1.00000 
331.56100 1.00000 
330.35101 1.00000 
330.18799 1.00000 
329.92001 1.00000 
329.81601 1.00000 
330.08600 1.00000 
330.21600 1.00000 
330.50400 1.00000 
330.79599 1.00000 
331.20801 1.00000 
331.38699 1.00000 
331.64999 1.00000 
332.18500 1.00000 
332.35199 1.00000 
332.39600 1.00000 
332.67700 1.00000 
333.06299 1.00000 
332.49301 1.00000 
331.12201 1.00000 
331.60501 1.00000 
332.42801 1.00000 
333.04001 1.00000 
331.51700 1.00000 
329.58801 1.00000 
329.86099 1.00000 
327.28699 1.00000 
335.01599 1.00000 
0.00000 0.00000 
0.00000 0.00000 
301.59201 1.00000 
294.04501 1.00000 
296.29599 1.00000 
296.48999 1.00000 
297.34100 1.00000 
297.38000 1.00000 
298.10699 1.00000 
297.69000 1.00000 
297.97000 1.00000 
297.38199 1.00000 
297.27100 1.00000 
296.94299 1.00000 
296.45499 1.00000 
296.21399 1.00000 
295.50900 1.00000 
294.73801 1.00000 
294.16101 1.00000 
293.23599 1.00000 
293.20099 1.00000 
292.31699 1.00000 
291.64999 1.00000 
291.51599 1.00000 
291.17599 1.00000 
291.22601 1.00000 
291.18701 1.00000 
291.77499 1.00000 
291.81601 1.00000 
291.56299 1.00000 
291.89499 1.00000 
291.87299 1.00000 
292.39099 1.00000 
292.90900 1.00000 
293.09799 1.00000 
294.03400 1.00000 
294.70499 1.00000 
295.10999 1.00000 
295.50601 1.00000 
296.42499 1.00000 
296.72400 1.00000 
297.73599 1.00000 
297.38501 1.00000 
297.76300 1.00000 
297.25800 1.00000 
297.47400 1.00000 
296.82101 1.00000 
296.83200 1.00000 
296.39999 1.00000 
296.30301 1.00000 
295.82599 1.00000 
295.23001 1.00000 
294.60400 1.00000 
294.01501 1.00000 
292.92300 1.00000 
292.64099 1.00000 
292.09500 1.00000 
291.57901 1.00000 
291.03799 1.00000 
290.76501 1.00000 
290.89301 1.00000 
290.98801 1.00000 
291.29001 1.00000 
291.74100 1.00000 
291.58099 1.00000 
291.83401 1.00000 
292.04099 1.00000 
292.36301 1.00000 
292.63699 1.00000 
293.36301 1.00000 
293.57401 1.00000 
294.26001 1.00000 
294.63501 1.00000 
295.32199 1.00000 
295.23700 1.00000 
295.89499 1.00000 
296.23199 1.00000 
296.75601 1.00000 
297.24799 1.00000 
297.44501 1.00000 
297.34399 1.00000 
297.10999 1.00000 
295.53900 1.00000 
293.94901 1.00000 
294.03201 1.00000 
293.57300 1.00000 
293.74301 1.00000 
293.16299 1.00000 
292.50101 1.00000 
291.12399 1.00000 
292.19699 1.00000 
292.01300 1.00000 
293.22900 1.00000 
293.22501 1.00000 
292.03500 1.00000 
291.14499 1.00000 
289.99301 1.00000 
291.77200 1.00000 
292.85599 1.00000 
293.26300 1.00000 
291.75900 1.00000 
291.16501 1.00000 
290.35699 1.00000 
291.26801 1.00000 
293.39301 1.00000 
295.33301 1.00000 
294.99399 1.00000 
292.20700 1.00000 
291.41800 1.00000 
291.82199 1.00000 
293.95700 1.00000 
295.34299 1.00000 
294.71201 1.00000 
291.65799 1.00000 
293.65701 1.00000 
293.28201 1.00000 
294.39899 1.00000 
298.28400 1.00000 
299.33301 1.00000 
290.91101 1.00000 
289.11499 1.00000 
282.97101 1.00000 
293.47501 1.00000 
293.06500 1.00000 
286.86301 1.00000 
284.99899 1.00000 
280.93301 1.00000 
285.25601 1.00000 
0.00000 0.00000 
0.00000 0.00000 
0.00000 0.00000 
0.00000 0.00000 
0.00000 0.00000 
0.00000 0.00000 
0.00000 0.00000 
0.00000 0.00000 
0.00000 0.00000 
0.00000 0.00000 
0.00000 0.00000 
0.00000 0.00000 
0.00000 0.00000 
0.00000 0.00000 
0.00000 0.00000 
0.00000 0.00000 
0.00000 0.00000 
0.00000 0.00000 
0.00000 0.00000 
0.00000 0.00000 
0.00000 0.00000 
0.00000 0.00000 
0.00000 0.00000 
0.00000 0.00000 
0.00000 0.00000 
0.00000 0.00000 
0.00000 0.00000 
0.00000 0.00000 
0.00000 0.00000 
0.00000 0.00000 
0.00000 0.00000 
0.00000 0.00000 
0.00000 0.00000 
0.00000 0.00000 
0.00000 0.00000 
0.00000 0.00000 
0.00000 0.00000 
0.00000 0.00000 
0.00000 0.00000 
0.00000 0.00000 
0.00000 0.00000 
0.00000 0.00000 
0.00000 0.00000 
0.00000 0.00000 
0.00000 0.00000 
0.00000 0.00000 
0.00000 0.00000 
0.00000 0.00000 
0.00000 0.00000 
0.00000 0.00000 
0.00000 0.00000 
0.00000 0.00000 
0.00000 0.00000 
0.00000 0.00000 
0.00000 0.00000 
0.00000 0.00000 
0.00000 0.00000 
0.00000 0.00000 
0.00000 0.00000 
0.00000 0.00000 
0.00000 0.00000 
0.00000 0.00000 
0.00000 0.00000 
0.00000 0.00000 
0.00000 0.00000 
0.00000 0.00000 
0.00000 0.00000 
474.63000 1.00000 
474.19400 1.00000 
475.86801 1.00000 
479.27200 1.00000 
481.93399 1.00000 
484.50699 1.00000 
487.93701 1.00000 
491.82300 1.00000 
493.49200 1.00000 
494.88501 1.00000 
496.34399 1.00000 
498.14899 1.00000 
499.17999 1.00000 
499.57700 1.00000 
499.59500 1.00000 
499.94601 1.00000 
499.54599 1.00000 
499.62000 1.00000 
499.48999 1.00000 
499.38199 1.00000 
499.05499 1.00000 
498.88199 1.00000 
498.39499 1.00000 
497.76999 1.00000 
497.51300 1.00000 
496.73199 1.00000 
496.44800 1.00000 
496.12500 1.00000 
496.09399 1.00000 
496.05600 1.00000 
496.25101 1.00000 
496.44601 1.00000 
496.84601 1.00000 
496.95099 1.00000 
497.18799 1.00000 
497.06100 1.00000 
497.30899 1.00000 
497.31100 1.00000 
497.33499 1.00000 
497.56601 1.00000 
497.41400 1.00000 
497.28799 1.00000 
497.11899 1.00000 
497.42801 1.00000 
497.35999 1.00000 
498.05399 1.00000 
498.18600 1.00000 
498.43201 1.00000 
498.36401 1.00000 
498.66501 1.00000 
498.46201 1.00000 
498.48499 1.00000 
498.48901 1.00000 
498.30801 1.00000 
498.17700 1.00000 
498.12701 1.00000 
498.06000 1.00000 
497.86301 1.00000 
497.99500 1.00000 
497.96899 1.00000 
498.20700 1.00000 
498.09399 1.00000 
498.25800 1.00000 
498.18201 1.00000 
498.00800 1.00000 
497.93900 1.00000 
497.69800 1.00000 
497.73499 1.00000 
497.47299 1.00000 
497.53000 1.00000 
497.40701 1.00000 
497.38400 1.00000 
497.35501 1.00000 
497.68799 1.00000 
497.81900 1.00000 
498.00800 1.00000 
498.05301 1.00000 
498.25400 1.00000 
498.23300 1.00000 
498.33899 1.00000 
498.38300 1.00000 
498.33499 1.00000 
498.29901 1.00000 
498.12201 1.00000 
498.12601 1.00000 
498.34698 1.00000 
498.27100 1.00000 
498.39600 1.00000 
498.32800 1.00000 
498.47000 1.00000 
498.61899 1.00000 
498.73801 1.00000 
498.94501 1.00000 
498.89099 1.00000 
499.01999 1.00000 
498.89801 1.00000 
499.21100 1.00000 
498.95999 1.00000 
499.14600 1.00000 
498.98401 1.00000 
499.16199 1.00000 
498.99301 1.00000 
499.18100 1.00000 
499.14301 1.00000 
499.31400 1.00000 
499.29800 1.00000 
499.56201 1.00000 
499.42801 1.00000 
499.24600 1.00000 
499.02802 1.00000 
499.04999 1.00000 
498.91599 1.00000 
498.83899 1.00000 
499.01999 1.00000 
498.63300 1.00000 
498.29700 1.00000 
497.85501 1.00000 
497.43201 1.00000 
497.07199 1.00000 
496.70999 1.00000 
495.95001 1.00000 
494.97699 1.00000 
493.20401 1.00000 
488.50000 1.00000 
485.14801 1.00000 
493.07999 1.00000 
490.18301 1.00000 
487.79001 1.00000 
488.48401 1.00000 
488.49701 1.00000 
489.04599 1.00000 
489.33200 1.00000 
490.64499 1.00000 
491.90601 1.00000 
493.65302 1.00000 
495.24100 1.00000 
497.55801 1.00000 
499.12201 1.00000 
500.22800 1.00000 
500.19101 1.00000 
500.72101 1.00000 
501.09900 1.00000 
501.66101 1.00000 
501.81400 1.00000 
501.90900 1.00000 
501.60599 1.00000 
501.25000 1.00000 
500.75400 1.00000 
499.90601 1.00000 
498.51700 1.00000 
497.12799 1.00000 
495.38199 1.00000 
492.95499 1.00000 
491.18100 1.00000 
488.16901 1.00000 
485.66501 1.00000 
484.44199 1.00000 
484.23001 1.00000 
484.62100 1.00000 
485.27600 1.00000 
485.79099 1.00000 
486.72601 1.00000 
487.18301 1.00000 
487.86899 1.00000 
488.68399 1.00000 
489.58200 1.00000 
491.14999 1.00000 
492.37299 1.00000 
494.10001 1.00000 
495.30801 1.00000 
496.31400 1.00000 
496.98199 1.00000 
497.63800 1.00000 
497.86899 1.00000 
497.74799 1.00000 
497.91000 1.00000 
497.85901 1.00000 
497.61801 1.00000 
497.20599 1.00000 
497.00299 1.00000 
496.56201 1.00000 
495.95700 1.00000 
495.03000 1.00000 
494.03400 1.00000 
492.69400 1.00000 
491.49701 1.00000 
490.35199 1.00000 
489.17801 1.00000 
488.67001 1.00000 
487.52600 1.00000 
486.98901 1.00000 
486.98901 1.00000 
487.07999 1.00000 
487.04599 1.00000 
486.96799 1.00000 
487.70599 1.00000 
488.74399 1.00000 
489.42001 1.00000 
490.43201 1.00000 
491.28900 1.00000 
492.89600 1.00000 
493.84900 1.00000 
495.03101 1.00000 
496.00400 1.00000 
496.95999 1.00000 
497.63101 1.00000 
498.17599 1.00000 
498.37799 1.00000 
498.68900 1.00000 
498.74799 1.00000 
498.59399 1.00000 
498.43201 1.00000 
498.24500 1.00000 
498.15701 1.00000 
497.51300 1.00000 
497.10501 1.00000 
496.33701 1.00000 
495.61301 1.00000 
494.81000 1.00000 
493.96399 1.00000 
493.19901 1.00000 
492.01501 1.00000 
491.11801 1.00000 
490.60999 1.00000 
489.93799 1.00000 
488.99399 1.00000 
488.37900 1.00000 
488.73700 1.00000 
489.29700 1.00000 
489.59698 1.00000 
489.81799 1.00000 
490.34799 1.00000 
490.94601 1.00000 
491.67401 1.00000 
492.82999 1.00000 
493.80801 1.00000 
494.00601 1.00000 
494.72000 1.00000 
495.15701 1.00000 
494.52899 1.00000 
492.57700 1.00000 
491.54199 1.00000 
0.00000 0.00000 
0.00000 0.00000 
0.00000 0.00000 
0.00000 0.00000 
0.00000 0.00000 
0.00000 0.00000 
494.74500 1.00000 
495.29199 1.00000 
495.83099 1.00000 
495.08099 1.00000 
495.47699 1.00000 
494.55399 1.00000 
494.03400 1.00000 
492.74701 1.00000 
492.11099 1.00000 
490.52802 1.00000 
490.06000 1.00000 
488.86499 1.00000 
488.01001 1.00000 
487.47101 1.00000 
487.18799 1.00000 
487.50201 1.00000 
487.64999 1.00000 
488.26001 1.00000 
488.56201 1.00000 
489.67099 1.00000 
490.47101 1.00000 
491.83899 1.00000 
492.65701 1.00000 
493.49799 1.00000 
494.17801 1.00000 
494.89200 1.00000 
495.90701 1.00000 
496.69199 1.00000 
497.58499 1.00000 
498.21899 1.00000 
498.29999 1.00000 
498.50000 1.00000 
498.48099 1.00000 
498.69101 1.00000 
498.30600 1.00000 
498.57501 1.00000 
498.06000 1.00000 
498.24399 1.00000 
498.27802 1.00000 
498.30801 1.00000 
498.56100 1.00000 
498.62500 1.00000 
498.70999 1.00000 
498.76801 1.00000 
498.85699 1.00000 
498.60400 1.00000 
498.34100 1.00000 
498.09399 1.00000 
498.25201 1.00000 
497.89301 1.00000 
498.07700 1.00000 
497.80899 1.00000 
497.95801 1.00000 
497.82300 1.00000 
497.62900 1.00000 
497.36099 1.00000 
497.16000 1.00000 
497.26001 1.00000 
496.66901 1.00000 
496.19800 1.00000 
491.78201 1.00000 
487.34201 1.00000 
0.00000 0.00000 
0.00000 0.00000 
0.00000 0.00000 
0.00000 0.00000 
0.00000 0.00000 
438.18301 1.00000 
440.71301 1.00000 
440.99399 1.00000 
441.31299 1.00000 
441.44400 1.00000 
441.68799 1.00000 
442.13400 1.00000 
441.97601 1.00000 
442.26001 1.00000 
442.32001 1.00000 
442.15500 1.00000 
442.13501 1.00000 
442.25000 1.00000 
442.33200 1.00000 
442.09000 1.00000 
442.08401 1.00000 
441.92999 1.00000 
442.08701 1.00000 
441.88199 1.00000 
441.77100 1.00000 
441.27899 1.00000 
441.06201 1.00000 
439.09201 1.00000 
431.05899 1.00000 
430.22699 1.00000 
0.00000 0.00000 
0.00000 0.00000 
0.00000 0.00000 
0.00000 0.00000 
0.00000 0.00000 
483.31000 1.00000 
490.00601 1.00000 
490.06400 1.00000 
493.49301 1.00000 
493.42300 1.00000 
495.93701 1.00000 
494.22699 1.00000 
496.05399 1.00000 
496.02600 1.00000 
496.00299 1.00000 
496.58401 1.00000 
495.84201 1.00000 
497.51401 1.00000 
495.90601 1.00000 
497.53699 1.00000 
495.73700 1.00000 
496.86801 1.00000 
495.52200 1.00000 
495.40201 1.00000 
494.27899 1.00000 
491.88101 1.00000 
490.83301 1.00000 
488.41901 1.00000 
497.08401 1.00000 
461.55200 1.00000 
438.98099 1.00000 
443.13400 1.00000 
443.10699 1.00000 
442.40100 1.00000 
442.51401 1.00000 
442.27200 1.00000 
442.65500 1.00000 
442.76401 1.00000 
443.01801 1.00000 
442.96899 1.00000 
442.94901 1.00000 
442.93399 1.00000 
443.14200 1.00000 
442.87100 1.00000 
443.06799 1.00000 
442.89899 1.00000 
443.14899 1.00000 
442.74301 1.00000 
442.67099 1.00000 
442.56601 1.00000 
442.85999 1.00000 
442.51700 1.00000 
442.69699 1.00000 
442.45999 1.00000 
442.70999 1.00000 
442.39700 1.00000 
442.75400 1.00000 
442.13599 1.00000 
442.81500 1.00000 
442.42200 1.00000 
442.84201 1.00000 
442.36401 1.00000 
442.68701 1.00000 
442.38000 1.00000 
442.85400 1.00000 
442.45401 1.00000 
442.56000 1.00000 
442.15201 1.00000 
442.66299 1.00000 
442.10800 1.00000 
441.93600 1.00000 
442.03500 1.00000 
442.04001 1.00000 
441.63599 1.00000 
442.32501 1.00000 
442.79099 1.00000 
441.93600 1.00000 
442.18201 1.00000 
441.56000 1.00000 
441.41000 1.00000 
439.92401 1.00000 
440.57101 1.00000 
446.67801 1.00000 
443.11899 1.00000 
441.19199 1.00000 
442.59201 1.00000 
439.16800 1.00000 
438.80600 1.00000 
427.70099 1.00000 
427.86801 1.00000 
294.39899 1.00000 
295.55099 1.00000 
288.19299 1.00000 
289.25101 1.00000 
290.22501 1.00000 
290.81000 1.00000 
291.42001 1.00000 
584.34302 1.00000 
585.28101 1.00000 
586.06097 1.00000 
586.75598 1.00000 
587.15997 1.00000 
587.28802 1.00000 
587.41998 1.00000 
587.59900 1.00000 
587.64697 1.00000 
587.26398 1.00000 
587.42401 1.00000 
586.94000 1.00000 
586.98901 1.00000 
586.39697 1.00000 
586.71503 1.00000 
586.28497 1.00000 
586.16199 1.00000 
585.94702 1.00000 
585.88000 1.00000 
585.79102 1.00000 
585.16901 1.00000 
585.78101 1.00000 
585.11102 1.00000 
585.58398 1.00000 
584.65198 1.00000 
586.42902 1.00000 
585.27502 1.00000 
585.66400 1.00000 
585.65198 1.00000 
586.30499 1.00000 
585.76501 1.00000 
585.91498 1.00000 
588.04303 1.00000 
587.74200 1.00000 
587.84399 1.00000 
587.46301 1.00000 
583.27002 1.00000 
583.49701 1.00000 
581.21002 1.00000 
578.56299 1.00000 
576.44098 1.00000 
586.61401 1.00000 
578.98297 1.00000 
586.07098 1.00000 
587.93500 1.00000 
586.70801 1.00000 
588.78802 1.00000 
583.11102 1.00000 
580.17700 1.00000 
0.00000 0.00000 
0.00000 0.00000 
0.00000 0.00000 
0.00000 0.00000 
0.00000 0.00000 
466.72601 1.00000 
466.79901 1.00000 
467.34000 1.00000 
466.77701 1.00000 
467.35599 1.00000 
469.06201 1.00000 
468.98801 1.00000 
470.37000 1.00000 
470.85599 1.00000 
471.62201 1.00000 
473.29800 1.00000 
474.47501 1.00000 
477.42300 1.00000 
480.01199 1.00000 
482.94601 1.00000 
484.12601 1.00000 
487.40701 1.00000 
489.59601 1.00000 
490.57501 1.00000 
493.62900 1.00000 
495.44299 1.00000 
496.73199 1.00000 
498.27100 1.00000 
498.22601 1.00000 
499.03900 1.00000 
498.88901 1.00000 
498.77399 1.00000 
499.00699 1.00000 
498.40601 1.00000 
498.84201 1.00000 
497.98801 1.00000 
498.43799 1.00000 
497.92099 1.00000 
497.95499 1.00000 
497.52200 1.00000 
497.40799 1.00000 
497.25601 1.00000 
497.05701 1.00000 
497.69400 1.00000 
497.39999 1.00000 
497.84601 1.00000 
497.44901 1.00000 
497.87799 1.00000 
497.72601 1.00000 
498.00400 1.00000 
498.10901 1.00000 
498.01501 1.00000 
498.32901 1.00000 
498.00201 1.00000 
498.23300 1.00000 
497.73401 1.00000 
497.87000 1.00000 
497.33200 1.00000 
497.79401 1.00000 
497.39600 1.00000 
497.06299 1.00000 
496.98700 1.00000 
496.19699 1.00000 
497.77802 1.00000 
491.56201 1.00000 
490.67300 1.00000 
0.00000 0.00000 
0.00000 0.00000 
0.00000 0.00000 
0.00000 0.00000 
0.00000 0.00000 
0.00000 0.00000 
390.40399 1.00000 
392.05301 1.00000 
393.39700 1.00000 
392.58899 1.00000 
392.91199 1.00000 
392.79099 1.00000 
392.22800 1.00000 
392.93399 1.00000 
393.26999 1.00000 
393.85901 1.00000 
393.25699 1.00000 
392.43100 1.00000 
392.38699 1.00000 
391.55899 1.00000 
391.20901 1.00000 
391.15201 1.00000 
391.51001 1.00000 
392.14499 1.00000 
392.54199 1.00000 
393.41901 1.00000 
394.16901 1.00000 
394.57199 1.00000 
395.67499 1.00000 
394.84698 1.00000 
393.79901 1.00000 
392.73099 1.00000 
390.53601 1.00000 
389.62399 1.00000 
388.33600 1.00000 
387.32501 1.00000 
387.15399 1.00000 
387.43201 1.00000 
387.94199 1.00000 
389.41901 1.00000 
390.32999 1.00000 
391.16101 1.00000 
391.87399 1.00000 
392.69901 1.00000 
392.97699 1.00000 
393.33499 1.00000 
393.89899 1.00000 
393.79999 1.00000 
393.40601 1.00000 
393.87701 1.00000 
393.77100 1.00000 
394.78699 1.00000 
395.65302 1.00000 
396.30099 1.00000 
397.13699 1.00000 
397.43799 1.00000 
396.86200 1.00000 
396.06900 1.00000 
395.63901 1.00000 
395.43600 1.00000 
394.52499 1.00000 
394.28201 1.00000 
394.34100 1.00000 
393.84100 1.00000 
393.63501 1.00000 
393.23099 1.00000 
392.83401 1.00000 
392.39700 1.00000 
391.21799 1.00000 
390.55701 1.00000 
389.94699 1.00000 
389.03101 1.00000 
388.53699 1.00000 
389.01300 1.00000 
389.54401 1.00000 
389.63501 1.00000 
389.87100 1.00000 
390.50800 1.00000 
390.76901 1.00000 
391.16400 1.00000 
391.86700 1.00000 
392.47601 1.00000 
392.89099 1.00000 
393.43701 1.00000 
394.47800 1.00000 
396.11499 1.00000 
397.20700 1.00000 
397.92499 1.00000 
398.50299 1.00000 
398.56299 1.00000 
398.25500 1.00000 
397.90701 1.00000 
397.43201 1.00000 
397.50699 1.00000 
397.69101 1.00000 
397.47400 1.00000 
397.48700 1.00000 
397.45300 1.00000 
396.82501 1.00000 
396.31400 1.00000 
395.43201 1.00000 
394.87399 1.00000 
394.23199 1.00000 
393.88199 1.00000 
393.72400 1.00000 
393.16599 1.00000 
392.72000 1.00000 
392.02899 1.00000 
391.45801 1.00000 
391.23401 1.00000 
391.03299 1.00000 
391.29099 1.00000 
391.50601 1.00000 
391.77399 1.00000 
392.02899 1.00000 
392.46301 1.00000 
392.93701 1.00000 
393.49399 1.00000 
393.95300 1.00000 
394.04300 1.00000 
394.38599 1.00000 
395.28201 1.00000 
396.13800 1.00000 
396.93600 1.00000 
397.26401 1.00000 
396.55499 1.00000 
396.86499 1.00000 
397.17099 1.00000 
397.29800 1.00000 
397.57001 1.00000 
397.22000 1.00000 
396.91000 1.00000 
396.89999 1.00000 
396.62799 1.00000 
395.99399 1.00000 
395.40601 1.00000 
394.17499 1.00000 
393.76401 1.00000 
393.27200 1.00000 
392.85001 1.00000 
392.36401 1.00000 
391.25500 1.00000 
391.05399 1.00000 
390.71301 1.00000 
391.24301 1.00000 
391.16199 1.00000 
391.74899 1.00000 
391.79999 1.00000 
391.43701 1.00000 
391.24600 1.00000 
391.04999 1.00000 
390.72501 1.00000 
390.26001 1.00000 
391.00900 1.00000 
391.45099 1.00000 
391.85300 1.00000 
391.55200 1.00000 
390.58701 1.00000 
389.72601 1.00000 
389.68701 1.00000 
390.52701 1.00000 
391.76199 1.00000 
391.36301 1.00000 
391.21799 1.00000 
390.84201 1.00000 
392.35101 1.00000 
392.40302 1.00000 
393.15100 1.00000 
395.06799 1.00000 
394.33301 1.00000 
392.92700 1.00000 
392.88501 1.00000 
392.58899 1.00000 
391.24301 1.00000 
391.42899 1.00000 
390.92300 1.00000 
390.09698 1.00000 
389.90500 1.00000 
389.39401 1.00000 
389.00400 1.00000 
389.45200 1.00000 
390.53400 1.00000 
390.66101 1.00000 
391.54999 1.00000 
390.88199 1.00000 
391.32101 1.00000 
392.32599 1.00000 
392.86600 1.00000 
393.50900 1.00000 
394.96301 1.00000 
395.73801 1.00000 
396.23499 1.00000 
396.80301 1.00000 
396.10800 1.00000 
396.28000 1.00000 
396.52701 1.00000 
396.54599 1.00000 
395.98499 1.00000 
397.03500 1.00000 
396.20999 1.00000 
396.13699 1.00000 
397.52701 1.00000 
397.27100 1.00000 
396.06400 1.00000 
396.40500 1.00000 
396.17401 1.00000 
394.80099 1.00000 
393.87701 1.00000 
393.92599 1.00000 
393.73199 1.00000 
392.71301 1.00000 
392.51001 1.00000 
392.18701 1.00000 
391.92899 1.00000 
391.71799 1.00000 
391.40601 1.00000 
391.13599 1.00000 
390.90302 1.00000 
390.79901 1.00000 
390.96799 1.00000 
391.88199 1.00000 
392.81299 1.00000 
391.56000 1.00000 
392.54501 1.00000 
393.41400 1.00000 
394.04199 1.00000 
395.33200 1.00000 
395.63199 1.00000 
395.19101 1.00000 
395.36200 1.00000 
394.71799 1.00000 
394.23801 1.00000 
395.65900 1.00000 
395.83801 1.00000 
396.01001 1.00000 
396.56201 1.00000 
395.54199 1.00000 
393.43500 1.00000 
394.03601 1.00000 
394.39700 1.00000 
394.30801 1.00000 
393.87000 1.00000 
393.21701 1.00000 
393.34799 1.00000 
393.07901 1.00000 
392.60999 1.00000 
392.50500 1.00000 
392.06201 1.00000 
391.16000 1.00000 
390.74799 1.00000 
390.20401 1.00000 
390.01001 1.00000 
390.22699 1.00000 
389.44699 1.00000 
389.21701 1.00000 
390.35199 1.00000 
390.67401 1.00000 
390.64700 1.00000 
390.87100 1.00000 
391.15201 1.00000 
391.38300 1.00000 
392.07101 1.00000 
393.00900 1.00000 
394.38000 1.00000 
394.77701 1.00000 
395.64700 1.00000 
398.26901 1.00000 
398.67599 1.00000 
399.67099 1.00000 
398.33899 1.00000 
400.48901 1.00000 
400.27100 1.00000 
400.26401 1.00000 
400.09799 1.00000 
399.24200 1.00000 
400.14301 1.00000 
399.76300 1.00000 
399.61899 1.00000 
399.14899 1.00000 
399.10999 1.00000 
399.44800 1.00000 
399.09000 1.00000 
398.52899 1.00000 
398.17001 1.00000 
397.86700 1.00000 
396.38000 1.00000 
394.50400 1.00000 
395.99399 1.00000 
397.42300 1.00000 
395.20200 1.00000 
396.69699 1.00000 
396.60101 1.00000 
399.20099 1.00000 
398.79300 1.00000 
396.07101 1.00000 
399.20001 1.00000 
394.88800 1.00000 
397.41101 1.00000 
397.26001 1.00000 
397.10699 1.00000 
397.48199 1.00000 
396.57199 1.00000 
398.30499 1.00000 
398.23099 1.00000 
396.43500 1.00000 
397.79700 1.00000 
394.09299 1.00000 
393.81100 1.00000 
392.06400 1.00000 
395.65302 1.00000 
400.21201 1.00000 
391.73499 1.00000 
394.71701 1.00000 
396.85901 1.00000 
393.26901 1.00000 
396.56100 1.00000 
391.93701 1.00000 
398.55399 1.00000 
397.37701 1.00000 
394.18500 1.00000 
392.60699 1.00000 
400.88300 1.00000 
401.14801 1.00000 
392.00000 1.00000 
398.71500 1.00000 
385.48300 1.00000 
384.20700 1.00000 
391.98801 1.00000 
396.72800 1.00000 
390.15900 1.00000 
413.45700 1.00000 
408.88699 1.00000 
397.83701 1.00000 
400.36099 1.00000 
389.11301 1.00000 
0.00000 0.00000 
0.00000 0.00000 
0.00000 0.00000 
0.00000 0.00000 
0.00000 0.00000 
0.00000 0.00000 
0.00000 0.00000 
0.00000 0.00000 
0.00000 0.00000 
0.00000 0.00000 
0.00000 0.00000 
0.00000 0.00000 
0.00000 0.00000 
0.00000 0.00000 
0.00000 0.00000 
0.00000 0.00000 
0.00000 0.00000 
0.00000 0.00000 
0.00000 0.00000 
0.00000 0.00000 
0.00000 0.00000 
0.00000 0.00000 
0.00000 0.00000 
0.00000 0.00000 
0.00000 0.00000 
0.00000 0.00000 
0.00000 0.00000 
0.00000 0.00000 
0.00000 0.00000 
0.00000 0.00000 
0.00000 0.00000 
0.00000 0.00000 
0.00000 0.00000 
0.00000 0.00000 
0.00000 0.00000 
0.00000 0.00000 
0.00000 0.00000 
0.00000 0.00000 
