 0.00000 0.00000 
0.00000 0.00000 
0.00000 0.00000 
0.00000 0.00000 
0.00000 0.00000 
0.00000 0.00000 
0.00000 0.00000 
0.00000 0.00000 
0.00000 0.00000 
0.00000 0.00000 
0.00000 0.00000 
0.00000 0.00000 
0.00000 0.00000 
0.00000 0.00000 
0.00000 0.00000 
0.00000 0.00000 
0.00000 0.00000 
0.00000 0.00000 
0.00000 0.00000 
0.00000 0.00000 
0.00000 0.00000 
0.00000 0.00000 
0.00000 0.00000 
0.00000 0.00000 
0.00000 0.00000 
0.00000 0.00000 
0.00000 0.00000 
0.00000 0.00000 
0.00000 0.00000 
0.00000 0.00000 
0.00000 0.00000 
0.00000 0.00000 
0.00000 0.00000 
0.00000 0.00000 
0.00000 0.00000 
0.00000 0.00000 
0.00000 0.00000 
0.00000 0.00000 
0.00000 0.00000 
0.00000 0.00000 
0.00000 0.00000 
0.00000 0.00000 
0.00000 0.00000 
0.00000 0.00000 
0.00000 0.00000 
0.00000 0.00000 
0.00000 0.00000 
0.00000 0.00000 
0.00000 0.00000 
0.00000 0.00000 
0.00000 0.00000 
0.00000 0.00000 
0.00000 0.00000 
0.00000 0.00000 
0.00000 0.00000 
0.00000 0.00000 
0.00000 0.00000 
0.00000 0.00000 
0.00000 0.00000 
0.00000 0.00000 
0.00000 0.00000 
0.00000 0.00000 
0.00000 0.00000 
0.00000 0.00000 
0.00000 0.00000 
0.00000 0.00000 
0.00000 0.00000 
0.00000 0.00000 
0.00000 0.00000 
0.00000 0.00000 
0.00000 0.00000 
0.00000 0.00000 
0.00000 0.00000 
0.00000 0.00000 
0.00000 0.00000 
0.00000 0.00000 
0.00000 0.00000 
0.00000 0.00000 
0.00000 0.00000 
0.00000 0.00000 
0.00000 0.00000 
0.00000 0.00000 
0.00000 0.00000 
0.00000 0.00000 
0.00000 0.00000 
0.00000 0.00000 
0.00000 0.00000 
0.00000 0.00000 
0.00000 0.00000 
0.00000 0.00000 
0.00000 0.00000 
0.00000 0.00000 
0.00000 0.00000 
0.00000 0.00000 
0.00000 0.00000 
0.00000 0.00000 
0.00000 0.00000 
0.00000 0.00000 
0.00000 0.00000 
0.00000 0.00000 
0.00000 0.00000 
0.00000 0.00000 
0.00000 0.00000 
0.00000 0.00000 
0.00000 0.00000 
0.00000 0.00000 
0.00000 0.00000 
0.00000 0.00000 
0.00000 0.00000 
0.00000 0.00000 
0.00000 0.00000 
0.00000 0.00000 
0.00000 0.00000 
0.00000 0.00000 
0.00000 0.00000 
0.00000 0.00000 
0.00000 0.00000 
0.00000 0.00000 
0.00000 0.00000 
0.00000 0.00000 
0.00000 0.00000 
0.00000 0.00000 
0.00000 0.00000 
290.28601 1.00000 
291.66199 1.00000 
293.75500 1.00000 
294.01401 1.00000 
294.49899 1.00000 
295.11700 1.00000 
294.50500 1.00000 
292.91400 1.00000 
293.12900 1.00000 
293.26001 1.00000 
293.77200 1.00000 
293.81100 1.00000 
293.70499 1.00000 
293.77899 1.00000 
294.06299 1.00000 
294.12399 1.00000 
294.20901 1.00000 
294.36600 1.00000 
294.32300 1.00000 
294.34399 1.00000 
294.49500 1.00000 
294.49600 1.00000 
294.57800 1.00000 
294.54501 1.00000 
294.58899 1.00000 
294.53101 1.00000 
294.53299 1.00000 
294.57199 1.00000 
294.52200 1.00000 
294.53900 1.00000 
294.40701 1.00000 
294.36801 1.00000 
294.47198 1.00000 
294.40799 1.00000 
294.47101 1.00000 
294.31799 1.00000 
294.31000 1.00000 
294.25601 1.00000 
294.34601 1.00000 
294.10599 1.00000 
293.80499 1.00000 
293.98001 1.00000 
293.81201 1.00000 
293.18100 1.00000 
293.36700 1.00000 
0.00000 0.00000 
0.00000 0.00000 
0.00000 0.00000 
0.00000 0.00000 
0.00000 0.00000 
0.00000 0.00000 
0.00000 0.00000 
0.00000 0.00000 
0.00000 0.00000 
0.00000 0.00000 
387.34900 1.00000 
388.81500 1.00000 
389.57599 1.00000 
390.49301 1.00000 
391.36801 1.00000 
391.85800 1.00000 
391.22400 1.00000 
391.05301 1.00000 
390.84799 1.00000 
390.53900 1.00000 
390.39999 1.00000 
390.11899 1.00000 
389.67001 1.00000 
388.83301 1.00000 
388.29501 1.00000 
387.71100 1.00000 
387.26999 1.00000 
386.75299 1.00000 
386.66199 1.00000 
386.32700 1.00000 
386.56500 1.00000 
387.07599 1.00000 
387.76999 1.00000 
388.50500 1.00000 
389.02399 1.00000 
389.49100 1.00000 
389.86200 1.00000 
390.38000 1.00000 
390.81000 1.00000 
391.15100 1.00000 
391.45499 1.00000 
391.46301 1.00000 
391.50000 1.00000 
392.14899 1.00000 
392.55399 1.00000 
393.06201 1.00000 
393.54700 1.00000 
394.09399 1.00000 
394.21500 1.00000 
394.19901 1.00000 
393.97400 1.00000 
393.66901 1.00000 
393.36801 1.00000 
393.01501 1.00000 
392.24500 1.00000 
391.69199 1.00000 
390.97101 1.00000 
389.95300 1.00000 
388.85001 1.00000 
388.06299 1.00000 
387.90701 1.00000 
387.72800 1.00000 
387.59900 1.00000 
387.79001 1.00000 
388.26501 1.00000 
388.50900 1.00000 
389.00000 1.00000 
389.42001 1.00000 
389.47198 1.00000 
389.29199 1.00000 
389.04099 1.00000 
389.06500 1.00000 
388.92099 1.00000 
388.91000 1.00000 
389.13501 1.00000 
389.60199 1.00000 
389.16800 1.00000 
388.47000 1.00000 
388.20099 1.00000 
388.05899 1.00000 
387.79901 1.00000 
388.87900 1.00000 
388.83401 1.00000 
388.20700 1.00000 
388.53000 1.00000 
391.13000 1.00000 
393.25101 1.00000 
394.17801 1.00000 
404.67300 1.00000 
394.92099 1.00000 
391.64401 1.00000 
390.86801 1.00000 
390.50400 1.00000 
389.87701 1.00000 
389.34799 1.00000 
388.38300 1.00000 
387.63901 1.00000 
387.62701 1.00000 
387.72800 1.00000 
387.71399 1.00000 
387.55099 1.00000 
387.69000 1.00000 
387.59900 1.00000 
387.63501 1.00000 
387.93301 1.00000 
388.00500 1.00000 
388.13599 1.00000 
388.81699 1.00000 
389.47400 1.00000 
389.94101 1.00000 
390.21899 1.00000 
390.79501 1.00000 
390.87299 1.00000 
390.82501 1.00000 
391.04700 1.00000 
391.18100 1.00000 
391.19000 1.00000 
391.09799 1.00000 
391.38400 1.00000 
391.42499 1.00000 
391.60999 1.00000 
391.97501 1.00000 
391.79800 1.00000 
391.43100 1.00000 
391.18799 1.00000 
390.69101 1.00000 
390.22101 1.00000 
389.60501 1.00000 
389.14001 1.00000 
389.38199 1.00000 
389.70499 1.00000 
390.57901 1.00000 
391.60300 1.00000 
392.07300 1.00000 
393.44699 1.00000 
395.07401 1.00000 
396.48300 1.00000 
402.14401 1.00000 
390.75000 1.00000 
398.40100 1.00000 
404.74399 1.00000 
480.85300 1.00000 
499.01001 1.00000 
496.19800 1.00000 
497.64801 1.00000 
494.63101 1.00000 
495.82001 1.00000 
494.22800 1.00000 
495.53601 1.00000 
493.85199 1.00000 
493.13300 1.00000 
491.44699 1.00000 
491.03601 1.00000 
489.95901 1.00000 
489.39001 1.00000 
490.18301 1.00000 
489.84698 1.00000 
490.89001 1.00000 
491.10199 1.00000 
492.07999 1.00000 
492.29300 1.00000 
494.26501 1.00000 
495.39700 1.00000 
497.24100 1.00000 
498.05899 1.00000 
498.78400 1.00000 
499.16901 1.00000 
499.96600 1.00000 
499.97501 1.00000 
500.65201 1.00000 
500.46301 1.00000 
500.67999 1.00000 
500.54999 1.00000 
500.87100 1.00000 
500.70401 1.00000 
501.08600 1.00000 
500.95300 1.00000 
501.08801 1.00000 
500.86499 1.00000 
500.45200 1.00000 
497.92700 1.00000 
492.31400 1.00000 
443.20999 1.00000 
442.70300 1.00000 
443.50101 1.00000 
443.40701 1.00000 
443.48599 1.00000 
443.28799 1.00000 
443.35001 1.00000 
443.26801 1.00000 
443.20001 1.00000 
443.17700 1.00000 
443.04800 1.00000 
442.90399 1.00000 
443.02499 1.00000 
442.85199 1.00000 
442.76901 1.00000 
442.67401 1.00000 
442.73499 1.00000 
442.93201 1.00000 
443.06500 1.00000 
442.66400 1.00000 
443.12299 1.00000 
442.84500 1.00000 
443.02100 1.00000 
442.85101 1.00000 
442.80200 1.00000 
442.61700 1.00000 
442.80399 1.00000 
442.55701 1.00000 
442.52600 1.00000 
441.61899 1.00000 
441.38300 1.00000 
438.67700 1.00000 
429.20401 1.00000 
429.70700 1.00000 
439.13599 1.00000 
428.91400 1.00000 
427.19501 1.00000 
473.58301 1.00000 
485.33701 1.00000 
488.02899 1.00000 
490.95901 1.00000 
491.84299 1.00000 
492.23499 1.00000 
493.29901 1.00000 
493.98199 1.00000 
493.99899 1.00000 
494.04599 1.00000 
494.06500 1.00000 
493.94299 1.00000 
494.18600 1.00000 
493.83499 1.00000 
494.27100 1.00000 
493.82901 1.00000 
494.11200 1.00000 
493.77802 1.00000 
493.80701 1.00000 
493.63800 1.00000 
494.00101 1.00000 
494.08200 1.00000 
494.20901 1.00000 
494.09299 1.00000 
494.40201 1.00000 
494.17401 1.00000 
494.49500 1.00000 
494.55399 1.00000 
494.47198 1.00000 
494.79800 1.00000 
494.93799 1.00000 
495.05200 1.00000 
495.21301 1.00000 
494.93500 1.00000 
494.65302 1.00000 
494.88000 1.00000 
494.48300 1.00000 
494.81500 1.00000 
494.22501 1.00000 
492.47198 1.00000 
492.99301 1.00000 
493.30399 1.00000 
495.05600 1.00000 
492.05600 1.00000 
0.00000 0.00000 
382.04999 1.00000 
381.46701 1.00000 
383.32999 1.00000 
385.96799 1.00000 
388.45499 1.00000 
391.59299 1.00000 
393.44299 1.00000 
394.80499 1.00000 
393.62201 1.00000 
393.38400 1.00000 
392.20499 1.00000 
391.11801 1.00000 
390.43701 1.00000 
389.28101 1.00000 
387.95599 1.00000 
386.41101 1.00000 
385.46799 1.00000 
385.23499 1.00000 
384.82599 1.00000 
385.07800 1.00000 
385.83499 1.00000 
386.34799 1.00000 
387.38000 1.00000 
388.47900 1.00000 
389.65900 1.00000 
390.38300 1.00000 
391.36801 1.00000 
392.51001 1.00000 
394.30701 1.00000 
396.20700 1.00000 
397.35101 1.00000 
397.38599 1.00000 
397.77100 1.00000 
397.77301 1.00000 
397.34601 1.00000 
396.83499 1.00000 
396.31100 1.00000 
395.94601 1.00000 
395.38000 1.00000 
394.70700 1.00000 
394.20801 1.00000 
393.59299 1.00000 
393.08499 1.00000 
392.61700 1.00000 
392.22400 1.00000 
391.55499 1.00000 
390.87601 1.00000 
390.51401 1.00000 
390.00800 1.00000 
389.77100 1.00000 
389.19501 1.00000 
389.04700 1.00000 
389.05600 1.00000 
389.07199 1.00000 
388.99301 1.00000 
389.01999 1.00000 
389.21701 1.00000 
389.72800 1.00000 
390.29700 1.00000 
390.96701 1.00000 
392.04599 1.00000 
393.35101 1.00000 
394.98901 1.00000 
396.34100 1.00000 
396.98999 1.00000 
397.18500 1.00000 
396.86200 1.00000 
396.92401 1.00000 
396.89001 1.00000 
396.55301 1.00000 
396.33099 1.00000 
395.96701 1.00000 
395.69800 1.00000 
395.68100 1.00000 
395.07700 1.00000 
395.01801 1.00000 
394.78799 1.00000 
394.38501 1.00000 
393.82599 1.00000 
393.30499 1.00000 
392.51501 1.00000 
392.02701 1.00000 
391.05399 1.00000 
390.76401 1.00000 
390.19400 1.00000 
390.01001 1.00000 
389.44901 1.00000 
389.13000 1.00000 
389.27100 1.00000 
389.29999 1.00000 
389.23199 1.00000 
389.46899 1.00000 
389.24301 1.00000 
389.01801 1.00000 
389.13699 1.00000 
389.30600 1.00000 
389.74600 1.00000 
390.08499 1.00000 
390.44400 1.00000 
391.68301 1.00000 
393.08701 1.00000 
394.07800 1.00000 
394.86401 1.00000 
395.75101 1.00000 
395.94800 1.00000 
396.02100 1.00000 
396.01199 1.00000 
395.67499 1.00000 
395.38599 1.00000 
394.88501 1.00000 
394.99399 1.00000 
395.63501 1.00000 
395.80600 1.00000 
395.47699 1.00000 
394.77701 1.00000 
395.89899 1.00000 
399.34299 1.00000 
396.00699 1.00000 
393.22501 1.00000 
394.35101 1.00000 
394.02899 1.00000 
399.03799 1.00000 
397.34698 1.00000 
401.19000 1.00000 
385.32300 1.00000 
0.00000 0.00000 
0.00000 0.00000 
0.00000 0.00000 
304.69901 1.00000 
295.36301 1.00000 
299.06201 1.00000 
295.11899 1.00000 
297.61801 1.00000 
294.57599 1.00000 
296.55399 1.00000 
294.31201 1.00000 
296.10501 1.00000 
294.26999 1.00000 
295.69299 1.00000 
294.05899 1.00000 
294.90900 1.00000 
294.09000 1.00000 
294.70999 1.00000 
293.88400 1.00000 
294.26401 1.00000 
293.95901 1.00000 
293.96600 1.00000 
294.07999 1.00000 
294.24200 1.00000 
294.40701 1.00000 
294.39801 1.00000 
294.72400 1.00000 
294.42599 1.00000 
294.71100 1.00000 
294.21899 1.00000 
294.48499 1.00000 
294.27301 1.00000 
294.46201 1.00000 
293.94101 1.00000 
294.13101 1.00000 
295.34201 1.00000 
310.40399 1.00000 
343.64401 1.00000 
333.39999 1.00000 
336.02701 1.00000 
334.75500 1.00000 
335.89999 1.00000 
336.33600 1.00000 
337.91599 1.00000 
337.65701 1.00000 
335.63199 1.00000 
337.70001 1.00000 
336.30600 1.00000 
336.49500 1.00000 
336.52499 1.00000 
336.88800 1.00000 
337.07401 1.00000 
337.24799 1.00000 
337.94601 1.00000 
337.47101 1.00000 
337.41400 1.00000 
337.69501 1.00000 
337.71500 1.00000 
337.45200 1.00000 
337.54700 1.00000 
337.78000 1.00000 
337.87100 1.00000 
337.66901 1.00000 
337.73999 1.00000 
337.73401 1.00000 
337.57501 1.00000 
337.61401 1.00000 
337.56799 1.00000 
337.42200 1.00000 
337.64401 1.00000 
341.70200 1.00000 
348.41901 1.00000 
351.10199 1.00000 
351.70999 1.00000 
351.07101 1.00000 
353.83701 1.00000 
359.80801 1.00000 
360.10599 1.00000 
359.29300 1.00000 
0.00000 0.00000 
0.00000 0.00000 
347.86600 1.00000 
354.17999 1.00000 
356.67300 1.00000 
356.37601 1.00000 
356.78699 1.00000 
356.86401 1.00000 
357.22198 1.00000 
357.27100 1.00000 
357.14401 1.00000 
356.53799 1.00000 
355.30801 1.00000 
354.57800 1.00000 
354.82501 1.00000 
354.42700 1.00000 
353.15399 1.00000 
353.27399 1.00000 
353.92599 1.00000 
353.37601 1.00000 
353.35199 1.00000 
354.01099 1.00000 
354.19000 1.00000 
353.77100 1.00000 
353.83801 1.00000 
353.98599 1.00000 
354.07501 1.00000 
354.28799 1.00000 
354.01700 1.00000 
353.36899 1.00000 
352.64099 1.00000 
351.75400 1.00000 
350.22900 1.00000 
348.42200 1.00000 
346.34201 1.00000 
341.32199 1.00000 
346.11301 1.00000 
355.86499 1.00000 
351.77301 1.00000 
324.83200 1.00000 
327.07901 1.00000 
330.79700 1.00000 
333.03699 1.00000 
334.45700 1.00000 
333.73001 1.00000 
333.46201 1.00000 
333.24701 1.00000 
333.60999 1.00000 
334.10699 1.00000 
334.22198 1.00000 
334.23099 1.00000 
334.41000 1.00000 
334.71701 1.00000 
334.51999 1.00000 
334.81201 1.00000 
334.79901 1.00000 
334.62299 1.00000 
334.73801 1.00000 
334.94101 1.00000 
334.61301 1.00000 
334.46301 1.00000 
334.38101 1.00000 
334.36700 1.00000 
333.77499 1.00000 
333.70801 1.00000 
333.33301 1.00000 
332.90500 1.00000 
332.37399 1.00000 
331.92099 1.00000 
331.73999 1.00000 
331.65399 1.00000 
331.29999 1.00000 
331.14600 1.00000 
330.79401 1.00000 
330.91299 1.00000 
331.23401 1.00000 
330.83099 1.00000 
329.90601 1.00000 
329.94699 1.00000 
324.57800 1.00000 
323.03799 1.00000 
298.85599 1.00000 
298.81601 1.00000 
293.04999 1.00000 
295.32700 1.00000 
294.88300 1.00000 
293.59500 1.00000 
295.34000 1.00000 
294.58301 1.00000 
293.66299 1.00000 
294.85999 1.00000 
293.82599 1.00000 
293.38400 1.00000 
294.79800 1.00000 
294.17899 1.00000 
294.10699 1.00000 
294.28400 1.00000 
293.53101 1.00000 
293.82901 1.00000 
294.20901 1.00000 
293.95200 1.00000 
293.70300 1.00000 
293.34100 1.00000 
293.85901 1.00000 
293.94601 1.00000 
294.37299 1.00000 
293.08301 1.00000 
295.31299 1.00000 
0.00000 0.00000 
0.00000 0.00000 
0.00000 0.00000 
0.00000 0.00000 
0.00000 0.00000 
259.22400 1.00000 
264.32101 1.00000 
263.89001 1.00000 
263.57999 1.00000 
264.47800 1.00000 
264.67801 1.00000 
264.62500 1.00000 
264.58801 1.00000 
264.62399 1.00000 
264.55801 1.00000 
264.36099 1.00000 
264.53101 1.00000 
264.52600 1.00000 
264.44400 1.00000 
264.53101 1.00000 
264.52499 1.00000 
264.48099 1.00000 
264.54099 1.00000 
264.47101 1.00000 
264.49399 1.00000 
264.40799 1.00000 
264.48099 1.00000 
264.41699 1.00000 
264.40900 1.00000 
264.35999 1.00000 
264.41000 1.00000 
264.46100 1.00000 
264.57700 1.00000 
264.65601 1.00000 
264.93799 1.00000 
264.66501 1.00000 
264.39200 1.00000 
264.64099 1.00000 
265.43600 1.00000 
263.88501 1.00000 
265.72800 1.00000 
264.09900 1.00000 
268.87000 1.00000 
270.42099 1.00000 
297.58600 1.00000 
295.44699 1.00000 
296.64401 1.00000 
293.91800 1.00000 
295.85599 1.00000 
296.13400 1.00000 
296.60699 1.00000 
296.28799 1.00000 
295.41699 1.00000 
293.48401 1.00000 
293.81500 1.00000 
293.96201 1.00000 
295.66101 1.00000 
294.98999 1.00000 
293.59900 1.00000 
293.23001 1.00000 
293.73300 1.00000 
293.94800 1.00000 
295.41800 1.00000 
294.58301 1.00000 
293.55200 1.00000 
293.43701 1.00000 
293.65500 1.00000 
294.51501 1.00000 
294.99399 1.00000 
294.22000 1.00000 
293.29700 1.00000 
293.50500 1.00000 
293.70901 1.00000 
294.55301 1.00000 
294.79401 1.00000 
293.96701 1.00000 
293.04001 1.00000 
293.18201 1.00000 
298.38501 1.00000 
0.00000 0.00000 
0.00000 0.00000 
0.00000 0.00000 
0.00000 0.00000 
318.17499 1.00000 
324.39401 1.00000 
329.60400 1.00000 
327.85300 1.00000 
329.42401 1.00000 
330.78400 1.00000 
330.15100 1.00000 
330.94199 1.00000 
332.16101 1.00000 
331.58099 1.00000 
332.39801 1.00000 
332.35599 1.00000 
332.18100 1.00000 
332.97299 1.00000 
332.44000 1.00000 
332.59799 1.00000 
333.05801 1.00000 
332.03400 1.00000 
332.63800 1.00000 
332.92801 1.00000 
332.23099 1.00000 
332.96500 1.00000 
332.88400 1.00000 
332.47198 1.00000 
333.14099 1.00000 
332.68399 1.00000 
332.58099 1.00000 
333.01901 1.00000 
332.15100 1.00000 
332.33401 1.00000 
332.22699 1.00000 
330.65100 1.00000 
330.38901 1.00000 
331.80801 1.00000 
332.27200 1.00000 
329.77200 1.00000 
330.53799 1.00000 
350.30301 1.00000 
366.36600 1.00000 
369.78799 1.00000 
369.41000 1.00000 
370.30801 1.00000 
372.86700 1.00000 
372.55499 1.00000 
373.66599 1.00000 
373.41101 1.00000 
374.13000 1.00000 
374.40100 1.00000 
374.57599 1.00000 
375.06000 1.00000 
374.80099 1.00000 
374.99100 1.00000 
375.14499 1.00000 
374.95200 1.00000 
375.24100 1.00000 
374.86099 1.00000 
375.14600 1.00000 
375.01501 1.00000 
375.15601 1.00000 
374.73901 1.00000 
374.73999 1.00000 
374.82599 1.00000 
374.63400 1.00000 
374.76401 1.00000 
374.39700 1.00000 
374.65601 1.00000 
374.35699 1.00000 
374.20999 1.00000 
374.29599 1.00000 
373.94901 1.00000 
374.30099 1.00000 
374.65399 1.00000 
374.71701 1.00000 
372.92200 1.00000 
371.75400 1.00000 
369.35300 1.00000 
360.04901 1.00000 
359.95300 1.00000 
372.54599 1.00000 
370.10599 1.00000 
379.79700 1.00000 
381.72198 1.00000 
385.26801 1.00000 
386.78900 1.00000 
387.88599 1.00000 
389.07199 1.00000 
391.24399 1.00000 
392.83401 1.00000 
393.63599 1.00000 
394.06699 1.00000 
393.80600 1.00000 
393.48599 1.00000 
393.59399 1.00000 
393.45001 1.00000 
393.19601 1.00000 
392.67099 1.00000 
392.04401 1.00000 
391.36499 1.00000 
390.59399 1.00000 
389.44400 1.00000 
388.39899 1.00000 
387.69501 1.00000 
387.28201 1.00000 
387.31201 1.00000 
387.55801 1.00000 
387.93701 1.00000 
388.28400 1.00000 
388.43701 1.00000 
388.51401 1.00000 
388.51700 1.00000 
388.54300 1.00000 
388.92700 1.00000 
390.27100 1.00000 
391.01401 1.00000 
391.71301 1.00000 
392.50299 1.00000 
393.61301 1.00000 
394.20099 1.00000 
393.70801 1.00000 
393.65500 1.00000 
393.81299 1.00000 
393.98099 1.00000 
394.18900 1.00000 
394.41400 1.00000 
394.53400 1.00000 
394.40900 1.00000 
394.32199 1.00000 
393.90302 1.00000 
393.49399 1.00000 
393.05099 1.00000 
392.73401 1.00000 
392.09000 1.00000 
391.59799 1.00000 
390.66199 1.00000 
390.34698 1.00000 
390.03900 1.00000 
389.66599 1.00000 
389.08801 1.00000 
388.68900 1.00000 
388.74100 1.00000 
388.68600 1.00000 
388.43399 1.00000 
388.31900 1.00000 
388.09698 1.00000 
387.70801 1.00000 
387.59799 1.00000 
387.69000 1.00000 
387.97699 1.00000 
388.54999 1.00000 
389.72000 1.00000 
390.02499 1.00000 
390.81799 1.00000 
391.20300 1.00000 
391.81400 1.00000 
392.91699 1.00000 
393.05899 1.00000 
392.82199 1.00000 
392.46899 1.00000 
392.84399 1.00000 
392.77399 1.00000 
393.71600 1.00000 
393.59799 1.00000 
393.72299 1.00000 
393.42001 1.00000 
393.12299 1.00000 
392.52399 1.00000 
392.30301 1.00000 
391.71201 1.00000 
391.04199 1.00000 
390.45999 1.00000 
389.61099 1.00000 
389.16800 1.00000 
388.01300 1.00000 
387.91599 1.00000 
387.69699 1.00000 
387.08600 1.00000 
386.98700 1.00000 
386.68799 1.00000 
386.83600 1.00000 
387.10001 1.00000 
386.90302 1.00000 
386.95999 1.00000 
386.92300 1.00000 
387.31201 1.00000 
387.70099 1.00000 
387.94400 1.00000 
388.37399 1.00000 
388.77701 1.00000 
389.96399 1.00000 
390.90500 1.00000 
391.25800 1.00000 
392.36700 1.00000 
392.48099 1.00000 
392.64999 1.00000 
392.15799 1.00000 
393.21399 1.00000 
393.66199 1.00000 
393.51901 1.00000 
394.17801 1.00000 
394.49399 1.00000 
394.19901 1.00000 
393.51300 1.00000 
393.45999 1.00000 
393.15799 1.00000 
392.61600 1.00000 
392.07501 1.00000 
392.03500 1.00000 
391.29999 1.00000 
389.88300 1.00000 
389.57101 1.00000 
388.71301 1.00000 
388.00000 1.00000 
387.15399 1.00000 
387.19000 1.00000 
387.78101 1.00000 
388.38901 1.00000 
388.09299 1.00000 
388.44901 1.00000 
388.79401 1.00000 
388.97400 1.00000 
389.55600 1.00000 
389.84799 1.00000 
389.94400 1.00000 
390.98700 1.00000 
391.16101 1.00000 
391.71399 1.00000 
392.02301 1.00000 
392.92099 1.00000 
393.81000 1.00000 
393.19800 1.00000 
391.90601 1.00000 
390.21799 1.00000 
390.72101 1.00000 
393.28699 1.00000 
392.43600 1.00000 
392.91199 1.00000 
397.57599 1.00000 
395.88699 1.00000 
393.13300 1.00000 
395.20401 1.00000 
399.91400 1.00000 
397.20001 1.00000 
400.10199 1.00000 
394.60901 1.00000 
395.08099 1.00000 
394.30899 1.00000 
393.20401 1.00000 
393.32599 1.00000 
389.81000 1.00000 
390.99500 1.00000 
389.42700 1.00000 
391.27499 1.00000 
391.33600 1.00000 
395.09601 1.00000 
394.12500 1.00000 
390.00500 1.00000 
390.08899 1.00000 
392.01300 1.00000 
390.69901 1.00000 
390.10101 1.00000 
389.61099 1.00000 
390.14499 1.00000 
389.55301 1.00000 
390.97501 1.00000 
391.93900 1.00000 
393.07999 1.00000 
392.41699 1.00000 
392.61600 1.00000 
392.69601 1.00000 
392.68600 1.00000 
391.56201 1.00000 
386.61499 1.00000 
392.41501 1.00000 
389.55701 1.00000 
388.68301 1.00000 
389.67599 1.00000 
391.28900 1.00000 
392.82800 1.00000 
393.85999 1.00000 
394.12900 1.00000 
394.29800 1.00000 
394.53101 1.00000 
394.62799 1.00000 
394.85501 1.00000 
394.97400 1.00000 
394.87500 1.00000 
394.85400 1.00000 
394.78299 1.00000 
394.73700 1.00000 
394.81201 1.00000 
394.74301 1.00000 
394.81500 1.00000 
394.82599 1.00000 
394.73901 1.00000 
394.70401 1.00000 
394.75699 1.00000 
394.70700 1.00000 
394.75800 1.00000 
394.71600 1.00000 
394.91501 1.00000 
394.79800 1.00000 
394.67899 1.00000 
394.85001 1.00000 
395.05200 1.00000 
394.91400 1.00000 
394.90100 1.00000 
394.91400 1.00000 
394.91199 1.00000 
394.83701 1.00000 
394.90302 1.00000 
395.23099 1.00000 
395.54401 1.00000 
395.81699 1.00000 
395.44400 1.00000 
394.99600 1.00000 
394.67001 1.00000 
394.38000 1.00000 
393.95401 1.00000 
395.87299 1.00000 
395.96701 1.00000 
394.93301 1.00000 
393.16400 1.00000 
392.15601 1.00000 
390.99899 1.00000 
389.44699 1.00000 
388.28500 1.00000 
386.75000 1.00000 
385.39001 1.00000 
384.59299 1.00000 
383.72900 1.00000 
383.16501 1.00000 
383.02600 1.00000 
383.25201 1.00000 
383.83701 1.00000 
385.28299 1.00000 
386.89200 1.00000 
388.28799 1.00000 
389.03201 1.00000 
389.35501 1.00000 
390.39001 1.00000 
391.05801 1.00000 
391.30801 1.00000 
391.97900 1.00000 
391.99899 1.00000 
391.36200 1.00000 
391.34900 1.00000 
391.26700 1.00000 
391.07501 1.00000 
391.05899 1.00000 
391.63000 1.00000 
392.30600 1.00000 
392.75500 1.00000 
392.82401 1.00000 
392.71600 1.00000 
392.57599 1.00000 
392.40799 1.00000 
391.98801 1.00000 
391.78799 1.00000 
391.68100 1.00000 
391.49399 1.00000 
391.48001 1.00000 
391.76501 1.00000 
391.87601 1.00000 
392.24500 1.00000 
392.54901 1.00000 
392.79401 1.00000 
392.68201 1.00000 
393.02701 1.00000 
393.33499 1.00000 
393.36200 1.00000 
393.50101 1.00000 
393.76999 1.00000 
394.13199 1.00000 
394.25800 1.00000 
394.49899 1.00000 
394.59500 1.00000 
395.06799 1.00000 
395.11801 1.00000 
395.35800 1.00000 
395.34201 1.00000 
395.60300 1.00000 
395.67599 1.00000 
396.29001 1.00000 
396.12601 1.00000 
396.25699 1.00000 
395.20099 1.00000 
395.54199 1.00000 
395.22699 1.00000 
394.43399 1.00000 
392.15900 1.00000 
393.07199 1.00000 
393.78699 1.00000 
393.20099 1.00000 
394.85101 1.00000 
394.65601 1.00000 
394.82199 1.00000 
394.34201 1.00000 
399.33301 1.00000 
395.04199 1.00000 
426.98901 1.00000 
426.68900 1.00000 
451.85800 1.00000 
490.41800 1.00000 
495.22101 1.00000 
496.34799 1.00000 
498.56900 1.00000 
498.88800 1.00000 
499.33200 1.00000 
499.12201 1.00000 
499.28900 1.00000 
498.96701 1.00000 
498.87399 1.00000 
498.66299 1.00000 
499.09399 1.00000 
498.71399 1.00000 
498.99799 1.00000 
498.82700 1.00000 
498.98801 1.00000 
499.07101 1.00000 
499.02802 1.00000 
499.14401 1.00000 
499.22000 1.00000 
499.32700 1.00000 
499.26901 1.00000 
499.45700 1.00000 
499.30899 1.00000 
499.45401 1.00000 
499.35300 1.00000 
499.75699 1.00000 
499.73599 1.00000 
499.59201 1.00000 
500.11099 1.00000 
500.33701 1.00000 
500.53900 1.00000 
500.92999 1.00000 
500.69699 1.00000 
500.92401 1.00000 
500.28799 1.00000 
500.02200 1.00000 
500.17499 1.00000 
0.00000 0.00000 
0.00000 0.00000 
583.97998 1.00000 
586.15302 1.00000 
586.37402 1.00000 
585.66400 1.00000 
586.17297 1.00000 
587.96100 1.00000 
589.08002 1.00000 
589.61902 1.00000 
589.92902 1.00000 
590.28101 1.00000 
590.81403 1.00000 
590.69397 1.00000 
590.66400 1.00000 
590.10303 1.00000 
589.85101 1.00000 
589.22302 1.00000 
588.25299 1.00000 
586.78699 1.00000 
585.63702 1.00000 
584.28302 1.00000 
582.62201 1.00000 
580.72998 1.00000 
579.62598 1.00000 
578.09497 1.00000 
577.32098 1.00000 
577.10199 1.00000 
577.20300 1.00000 
576.95203 1.00000 
577.63397 1.00000 
578.19598 1.00000 
579.52802 1.00000 
582.03400 1.00000 
584.10699 1.00000 
585.77100 1.00000 
586.89398 1.00000 
588.29303 1.00000 
589.14398 1.00000 
589.80798 1.00000 
590.67499 1.00000 
591.64697 1.00000 
592.30701 1.00000 
592.12201 1.00000 
592.31500 1.00000 
592.80402 1.00000 
593.06897 1.00000 
593.21997 1.00000 
593.02100 1.00000 
592.59900 1.00000 
592.08502 1.00000 
591.26898 1.00000 
590.69897 1.00000 
589.44397 1.00000 
588.52502 1.00000 
587.99402 1.00000 
587.08899 1.00000 
586.48199 1.00000 
585.97400 1.00000 
585.54303 1.00000 
585.04401 1.00000 
584.90601 1.00000 
584.58398 1.00000 
584.90399 1.00000 
584.79999 1.00000 
584.82397 1.00000 
585.62201 1.00000 
585.70203 1.00000 
586.14697 1.00000 
587.12201 1.00000 
587.85699 1.00000 
587.69800 1.00000 
588.53802 1.00000 
589.04498 1.00000 
589.19098 1.00000 
589.61298 1.00000 
590.13397 1.00000 
590.34399 1.00000 
589.42798 1.00000 
589.50702 1.00000 
598.58002 1.00000 
604.89203 1.00000 
601.53802 1.00000 
579.77002 1.00000 
585.37598 1.00000 
599.55902 1.00000 
621.33801 1.00000 
640.86700 1.00000 
639.33197 1.00000 
648.32300 1.00000 
653.75299 1.00000 
652.02197 1.00000 
655.41602 1.00000 
654.79102 1.00000 
654.60101 1.00000 
657.23798 1.00000 
657.53998 1.00000 
658.44501 1.00000 
659.27100 1.00000 
658.66498 1.00000 
659.36902 1.00000 
659.29700 1.00000 
659.02399 1.00000 
659.55701 1.00000 
659.17102 1.00000 
659.09198 1.00000 
659.37701 1.00000 
659.26001 1.00000 
659.82898 1.00000 
660.21698 1.00000 
660.24103 1.00000 
660.08002 1.00000 
661.06702 1.00000 
660.21002 1.00000 
658.34900 1.00000 
659.48602 1.00000 
660.58002 1.00000 
660.17200 1.00000 
658.22400 1.00000 
657.69598 1.00000 
661.30798 1.00000 
645.83698 1.00000 
666.13397 1.00000 
621.17297 1.00000 
603.73700 1.00000 
599.47803 1.00000 
599.75098 1.00000 
595.32300 1.00000 
597.05798 1.00000 
595.41901 1.00000 
598.79401 1.00000 
593.21600 1.00000 
599.17999 1.00000 
597.56000 1.00000 
586.17902 1.00000 
583.51398 1.00000 
582.51099 1.00000 
581.33600 1.00000 
577.78101 1.00000 
577.52197 1.00000 
576.89697 1.00000 
577.84003 1.00000 
577.75403 1.00000 
579.91302 1.00000 
582.06897 1.00000 
584.93799 1.00000 
588.34998 1.00000 
588.83099 1.00000 
589.89502 1.00000 
592.31897 1.00000 
593.24402 1.00000 
594.06299 1.00000 
595.35101 1.00000 
597.06299 1.00000 
597.21100 1.00000 
595.77399 1.00000 
595.20398 1.00000 
594.39203 1.00000 
592.73901 1.00000 
590.87799 1.00000 
590.11298 1.00000 
589.43597 1.00000 
590.30603 1.00000 
591.32898 1.00000 
591.20300 1.00000 
590.29303 1.00000 
589.22601 1.00000 
587.05603 1.00000 
585.18701 1.00000 
583.59601 1.00000 
596.20001 1.00000 
582.67700 1.00000 
585.12299 1.00000 
586.55298 1.00000 
584.92401 1.00000 
584.78302 1.00000 
586.52399 1.00000 
587.10400 1.00000 
587.78802 1.00000 
588.43201 1.00000 
588.80298 1.00000 
589.60901 1.00000 
590.94397 1.00000 
591.36499 1.00000 
591.42700 1.00000 
592.15002 1.00000 
591.14801 1.00000 
592.42297 1.00000 
593.85199 1.00000 
592.56097 1.00000 
590.77698 1.00000 
590.50800 1.00000 
588.91400 1.00000 
586.87201 1.00000 
587.63397 1.00000 
585.02002 1.00000 
579.97803 1.00000 
576.24597 1.00000 
551.95398 1.00000 
523.71899 1.00000 
537.08398 1.00000 
498.71500 1.00000 
495.45801 1.00000 
500.97900 1.00000 
497.73099 1.00000 
500.17801 1.00000 
496.80600 1.00000 
497.28299 1.00000 
497.65201 1.00000 
497.96600 1.00000 
498.01300 1.00000 
498.41199 1.00000 
498.73499 1.00000 
498.50800 1.00000 
498.79501 1.00000 
498.84201 1.00000 
498.56601 1.00000 
498.59100 1.00000 
498.37799 1.00000 
498.41901 1.00000 
498.22400 1.00000 
498.45200 1.00000 
498.31400 1.00000 
498.20901 1.00000 
498.14801 1.00000 
498.11200 1.00000 
498.06699 1.00000 
498.02701 1.00000 
497.94199 1.00000 
497.63300 1.00000 
497.61899 1.00000 
497.20200 1.00000 
497.13699 1.00000 
496.88599 1.00000 
496.68701 1.00000 
496.54800 1.00000 
496.33099 1.00000 
496.40799 1.00000 
496.41400 1.00000 
495.95099 1.00000 
495.19400 1.00000 
494.31799 1.00000 
495.11099 1.00000 
495.21399 1.00000 
495.80600 1.00000 
0.00000 0.00000 
0.00000 0.00000 
0.00000 0.00000 
0.00000 0.00000 
433.21701 1.00000 
440.17300 1.00000 
440.55801 1.00000 
441.97501 1.00000 
443.00400 1.00000 
440.84500 1.00000 
442.64301 1.00000 
441.81100 1.00000 
442.51501 1.00000 
442.27899 1.00000 
441.33600 1.00000 
441.23700 1.00000 
442.46500 1.00000 
441.70200 1.00000 
441.96600 1.00000 
441.18900 1.00000 
441.53000 1.00000 
442.12100 1.00000 
441.53000 1.00000 
441.63000 1.00000 
441.98499 1.00000 
442.28201 1.00000 
441.60699 1.00000 
442.03299 1.00000 
442.28299 1.00000 
441.52899 1.00000 
441.78299 1.00000 
441.78101 1.00000 
441.90302 1.00000 
441.61499 1.00000 
441.62799 1.00000 
442.17801 1.00000 
442.27100 1.00000 
442.12701 1.00000 
442.18500 1.00000 
442.37201 1.00000 
442.58801 1.00000 
441.72299 1.00000 
442.58301 1.00000 
442.00000 1.00000 
441.96701 1.00000 
442.03500 1.00000 
442.08301 1.00000 
442.27499 1.00000 
442.13199 1.00000 
442.01001 1.00000 
442.56601 1.00000 
442.26300 1.00000 
442.14999 1.00000 
442.06900 1.00000 
442.35501 1.00000 
442.18500 1.00000 
441.92999 1.00000 
441.92899 1.00000 
442.09100 1.00000 
441.84601 1.00000 
441.80099 1.00000 
441.74600 1.00000 
442.00500 1.00000 
441.59900 1.00000 
441.67099 1.00000 
441.59100 1.00000 
442.01300 1.00000 
442.27701 1.00000 
442.48801 1.00000 
441.07700 1.00000 
441.79501 1.00000 
441.52499 1.00000 
441.88699 1.00000 
440.79001 1.00000 
442.82700 1.00000 
442.75400 1.00000 
428.43301 1.00000 
427.10599 1.00000 
389.79001 1.00000 
388.87399 1.00000 
391.16199 1.00000 
390.81299 1.00000 
390.88199 1.00000 
390.10400 1.00000 
390.04401 1.00000 
390.11499 1.00000 
389.87100 1.00000 
389.81201 1.00000 
389.39200 1.00000 
389.38901 1.00000 
389.45001 1.00000 
389.75400 1.00000 
389.95901 1.00000 
389.88101 1.00000 
390.68201 1.00000 
390.92801 1.00000 
391.03299 1.00000 
390.97501 1.00000 
390.88501 1.00000 
390.76401 1.00000 
391.14999 1.00000 
391.62000 1.00000 
391.80399 1.00000 
391.75201 1.00000 
392.07700 1.00000 
392.09900 1.00000 
392.43399 1.00000 
392.63699 1.00000 
392.49399 1.00000 
392.61499 1.00000 
392.80600 1.00000 
392.73300 1.00000 
392.88199 1.00000 
393.11801 1.00000 
394.88300 1.00000 
396.21399 1.00000 
395.39001 1.00000 
394.44601 1.00000 
394.15100 1.00000 
391.51599 1.00000 
390.27100 1.00000 
390.75900 1.00000 
391.47101 1.00000 
391.67999 1.00000 
391.59900 1.00000 
391.74301 1.00000 
391.72699 1.00000 
391.11499 1.00000 
391.11099 1.00000 
390.78201 1.00000 
390.94400 1.00000 
391.66299 1.00000 
391.86801 1.00000 
392.32501 1.00000 
392.24701 1.00000 
392.25299 1.00000 
393.02301 1.00000 
393.47400 1.00000 
393.88800 1.00000 
393.65900 1.00000 
393.41901 1.00000 
393.51401 1.00000 
393.53699 1.00000 
393.74399 1.00000 
393.54099 1.00000 
393.14499 1.00000 
392.90799 1.00000 
392.61099 1.00000 
392.68399 1.00000 
392.43701 1.00000 
392.61301 1.00000 
392.60699 1.00000 
392.39001 1.00000 
392.74799 1.00000 
392.62701 1.00000 
392.72699 1.00000 
392.12299 1.00000 
391.49799 1.00000 
390.34399 1.00000 
389.03699 1.00000 
386.76300 1.00000 
382.22699 1.00000 
377.28500 1.00000 
375.34799 1.00000 
373.19601 1.00000 
371.10599 1.00000 
370.21600 1.00000 
369.77301 1.00000 
369.74600 1.00000 
369.39200 1.00000 
370.10501 1.00000 
370.67200 1.00000 
370.39301 1.00000 
370.28900 1.00000 
370.31900 1.00000 
370.79099 1.00000 
371.26001 1.00000 
371.10999 1.00000 
370.62900 1.00000 
370.52100 1.00000 
370.01901 1.00000 
369.29901 1.00000 
368.23001 1.00000 
368.05099 1.00000 
367.35300 1.00000 
366.59500 1.00000 
365.02499 1.00000 
364.45099 1.00000 
365.82101 1.00000 
362.10599 1.00000 
351.89801 1.00000 
340.40900 1.00000 
331.63000 1.00000 
332.89301 1.00000 
333.94601 1.00000 
332.56699 1.00000 
329.84399 1.00000 
330.52802 1.00000 
331.82999 1.00000 
331.95001 1.00000 
332.16101 1.00000 
331.98300 1.00000 
331.63000 1.00000 
331.41000 1.00000 
331.80499 1.00000 
331.94199 1.00000 
331.62100 1.00000 
332.04300 1.00000 
332.21100 1.00000 
331.94601 1.00000 
332.27701 1.00000 
332.39001 1.00000 
332.50299 1.00000 
332.68799 1.00000 
332.67200 1.00000 
332.87299 1.00000 
332.76599 1.00000 
333.05099 1.00000 
333.12701 1.00000 
332.87100 1.00000 
333.11401 1.00000 
332.82700 1.00000 
332.80301 1.00000 
332.72900 1.00000 
332.20099 1.00000 
330.96301 1.00000 
330.67300 1.00000 
330.56201 1.00000 
331.06000 1.00000 
332.50299 1.00000 
330.15799 1.00000 
331.01700 1.00000 
331.91800 1.00000 
332.07401 1.00000 
332.97501 1.00000 
333.34201 1.00000 
333.11401 1.00000 
333.39899 1.00000 
333.55399 1.00000 
333.51700 1.00000 
333.76401 1.00000 
333.61801 1.00000 
333.43600 1.00000 
333.73199 1.00000 
333.51401 1.00000 
333.44101 1.00000 
333.45700 1.00000 
333.29901 1.00000 
333.14499 1.00000 
333.06500 1.00000 
332.91000 1.00000 
333.16199 1.00000 
333.13400 1.00000 
333.54199 1.00000 
333.44199 1.00000 
333.34399 1.00000 
333.74600 1.00000 
333.69800 1.00000 
333.71399 1.00000 
333.69699 1.00000 
333.30499 1.00000 
333.04700 1.00000 
332.62201 1.00000 
332.35599 1.00000 
332.61401 1.00000 
332.77200 1.00000 
332.72400 1.00000 
333.05200 1.00000 
334.68100 1.00000 
344.44000 1.00000 
369.58401 1.00000 
362.94601 1.00000 
366.36700 1.00000 
372.36301 1.00000 
368.73599 1.00000 
370.48300 1.00000 
370.88101 1.00000 
373.71500 1.00000 
372.75800 1.00000 
371.67899 1.00000 
371.85501 1.00000 
371.69601 1.00000 
372.14499 1.00000 
372.05499 1.00000 
372.77399 1.00000 
372.99399 1.00000 
373.18100 1.00000 
373.06500 1.00000 
372.60400 1.00000 
372.73700 1.00000 
372.79401 1.00000 
372.95700 1.00000 
373.07800 1.00000 
373.34000 1.00000 
373.38501 1.00000 
373.32800 1.00000 
373.16699 1.00000 
375.85699 1.00000 
380.07001 1.00000 
382.87900 1.00000 
383.10999 1.00000 
382.67599 1.00000 
380.14899 1.00000 
362.71399 1.00000 
378.97198 1.00000 
382.22501 1.00000 
384.10001 1.00000 
385.16901 1.00000 
385.92200 1.00000 
387.16101 1.00000 
387.62100 1.00000 
388.23001 1.00000 
388.50699 1.00000 
388.32001 1.00000 
388.42099 1.00000 
388.48700 1.00000 
388.01199 1.00000 
387.85501 1.00000 
387.96399 1.00000 
387.95001 1.00000 
388.05301 1.00000 
388.34299 1.00000 
388.30099 1.00000 
388.30499 1.00000 
388.56299 1.00000 
388.57401 1.00000 
388.78500 1.00000 
388.90601 1.00000 
388.97400 1.00000 
389.14099 1.00000 
389.14999 1.00000 
389.03799 1.00000 
388.96899 1.00000 
389.04800 1.00000 
388.90302 1.00000 
389.03699 1.00000 
389.17099 1.00000 
389.09900 1.00000 
389.14099 1.00000 
389.32001 1.00000 
389.49500 1.00000 
389.25601 1.00000 
389.46899 1.00000 
389.42401 1.00000 
389.13800 1.00000 
388.12900 1.00000 
384.52600 1.00000 
388.77701 1.00000 
393.15799 1.00000 
393.22000 1.00000 
399.76199 1.00000 
394.52899 1.00000 
380.32501 1.00000 
390.02701 1.00000 
403.85400 1.00000 
425.51199 1.00000 
416.23599 1.00000 
427.63300 1.00000 
427.14099 1.00000 
427.39600 1.00000 
428.67200 1.00000 
428.31299 1.00000 
438.46201 1.00000 
438.55399 1.00000 
428.87100 1.00000 
439.15701 1.00000 
438.56201 1.00000 
438.39401 1.00000 
439.31601 1.00000 
439.17300 1.00000 
439.89801 1.00000 
436.77399 1.00000 
439.97800 1.00000 
441.45401 1.00000 
438.50101 1.00000 
431.94800 1.00000 
429.33801 1.00000 
431.01300 1.00000 
435.13501 1.00000 
435.88501 1.00000 
432.60400 1.00000 
430.64099 1.00000 
432.03900 1.00000 
434.29599 1.00000 
435.50000 1.00000 
434.95200 1.00000 
433.06100 1.00000 
434.67801 1.00000 
437.95200 1.00000 
439.32800 1.00000 
439.89499 1.00000 
441.21201 1.00000 
443.66101 1.00000 
446.57800 1.00000 
445.18701 1.00000 
445.03699 1.00000 
445.66101 1.00000 
446.91101 1.00000 
444.92099 1.00000 
444.90799 1.00000 
444.72900 1.00000 
444.24600 1.00000 
442.60199 1.00000 
441.14801 1.00000 
440.29401 1.00000 
439.44400 1.00000 
438.02499 1.00000 
436.20999 1.00000 
435.00400 1.00000 
435.07700 1.00000 
433.63699 1.00000 
433.17401 1.00000 
433.53601 1.00000 
434.21500 1.00000 
433.80701 1.00000 
433.71500 1.00000 
434.67801 1.00000 
434.60699 1.00000 
435.43500 1.00000 
436.54700 1.00000 
436.93799 1.00000 
437.29800 1.00000 
439.75500 1.00000 
441.63101 1.00000 
443.19000 1.00000 
443.34100 1.00000 
444.33600 1.00000 
444.46201 1.00000 
445.24899 1.00000 
445.23901 1.00000 
444.42899 1.00000 
444.10800 1.00000 
444.45200 1.00000 
444.18600 1.00000 
443.91400 1.00000 
443.14499 1.00000 
442.53101 1.00000 
441.12701 1.00000 
440.47800 1.00000 
438.69000 1.00000 
436.82901 1.00000 
435.03400 1.00000 
434.21301 1.00000 
434.59201 1.00000 
435.05899 1.00000 
434.41599 1.00000 
434.16800 1.00000 
434.94901 1.00000 
435.38800 1.00000 
435.72400 1.00000 
436.82001 1.00000 
437.00000 1.00000 
438.02301 1.00000 
439.05099 1.00000 
439.51401 1.00000 
440.84601 1.00000 
441.28101 1.00000 
441.71600 1.00000 
441.84900 1.00000 
443.47198 1.00000 
443.61099 1.00000 
444.10199 1.00000 
444.89999 1.00000 
444.87000 1.00000 
444.41400 1.00000 
444.22501 1.00000 
444.54300 1.00000 
444.40201 1.00000 
444.84799 1.00000 
444.44699 1.00000 
444.63501 1.00000 
444.27301 1.00000 
444.30399 1.00000 
444.37601 1.00000 
444.07401 1.00000 
445.16400 1.00000 
443.49200 1.00000 
444.97198 1.00000 
438.95700 1.00000 
445.97800 1.00000 
445.33600 1.00000 
449.64700 1.00000 
449.04001 1.00000 
454.07599 1.00000 
446.83701 1.00000 
445.57001 1.00000 
442.64099 1.00000 
444.63199 1.00000 
439.09799 1.00000 
442.20001 1.00000 
442.55200 1.00000 
443.92999 1.00000 
445.09201 1.00000 
446.92300 1.00000 
453.38599 1.00000 
0.00000 0.00000 
0.00000 0.00000 
0.00000 0.00000 
0.00000 0.00000 
0.00000 0.00000 
0.00000 0.00000 
0.00000 0.00000 
0.00000 0.00000 
0.00000 0.00000 
0.00000 0.00000 
0.00000 0.00000 
0.00000 0.00000 
0.00000 0.00000 
0.00000 0.00000 
0.00000 0.00000 
0.00000 0.00000 
0.00000 0.00000 
0.00000 0.00000 
0.00000 0.00000 
0.00000 0.00000 
0.00000 0.00000 
0.00000 0.00000 
0.00000 0.00000 
0.00000 0.00000 
0.00000 0.00000 
0.00000 0.00000 
0.00000 0.00000 
0.00000 0.00000 
0.00000 0.00000 
0.00000 0.00000 
0.00000 0.00000 
0.00000 0.00000 
0.00000 0.00000 
0.00000 0.00000 
0.00000 0.00000 
503.62299 1.00000 
504.57700 1.00000 
504.79800 1.00000 
504.97299 1.00000 
506.65799 1.00000 
511.74100 1.00000 
522.03101 1.00000 
523.04498 1.00000 
517.44000 1.00000 
510.10599 1.00000 
524.46100 1.00000 
527.71198 1.00000 
529.43500 1.00000 
530.72302 1.00000 
531.26898 1.00000 
532.97498 1.00000 
533.32898 1.00000 
533.68597 1.00000 
534.02100 1.00000 
533.82397 1.00000 
533.77301 1.00000 
533.52197 1.00000 
533.62903 1.00000 
533.59497 1.00000 
535.86401 1.00000 
548.70300 1.00000 
538.50000 1.00000 
536.29102 1.00000 
571.43201 1.00000 
592.04797 1.00000 
597.28198 1.00000 
600.26398 1.00000 
604.27698 1.00000 
605.84302 1.00000 
607.15997 1.00000 
603.84900 1.00000 
601.53497 1.00000 
602.04303 1.00000 
600.08099 1.00000 
599.73401 1.00000 
599.95898 1.00000 
597.15302 1.00000 
594.44202 1.00000 
590.15601 1.00000 
585.48602 1.00000 
584.74799 1.00000 
585.16101 1.00000 
584.78998 1.00000 
583.25598 1.00000 
583.45898 1.00000 
583.71997 1.00000 
586.98297 1.00000 
589.83801 1.00000 
592.86401 1.00000 
595.50098 1.00000 
599.98401 1.00000 
600.39301 1.00000 
598.33502 1.00000 
595.64801 1.00000 
592.06897 1.00000 
587.60999 1.00000 
587.27301 1.00000 
585.71899 1.00000 
585.29102 1.00000 
591.92200 1.00000 
593.86700 1.00000 
601.23999 1.00000 
600.28998 1.00000 
599.03198 1.00000 
597.44501 1.00000 
596.36200 1.00000 
595.54303 1.00000 
593.17401 1.00000 
590.84802 1.00000 
587.10797 1.00000 
582.37000 1.00000 
580.94702 1.00000 
583.10797 1.00000 
584.00098 1.00000 
584.66101 1.00000 
585.51898 1.00000 
586.54498 1.00000 
586.49701 1.00000 
586.60199 1.00000 
586.38501 1.00000 
583.77002 1.00000 
582.99103 1.00000 
584.85303 1.00000 
586.86700 1.00000 
589.63702 1.00000 
592.22302 1.00000 
595.24799 1.00000 
597.10901 1.00000 
587.60999 1.00000 
595.80402 1.00000 
596.40302 1.00000 
594.30798 1.00000 
591.23999 1.00000 
591.28497 1.00000 
596.16901 1.00000 
587.68103 1.00000 
581.63599 1.00000 
593.27100 1.00000 
593.14600 1.00000 
594.80103 1.00000 
594.69299 1.00000 
595.30603 1.00000 
596.19598 1.00000 
595.69897 1.00000 
595.63098 1.00000 
595.02197 1.00000 
593.76202 1.00000 
593.40997 1.00000 
592.38800 1.00000 
591.02698 1.00000 
590.69202 1.00000 
590.27698 1.00000 
589.23401 1.00000 
589.22198 1.00000 
589.08301 1.00000 
589.17999 1.00000 
590.03003 1.00000 
590.76501 1.00000 
591.55499 1.00000 
593.25299 1.00000 
594.95502 1.00000 
596.53601 1.00000 
597.80200 1.00000 
597.84900 1.00000 
597.42603 1.00000 
597.25702 1.00000 
597.38501 1.00000 
598.23999 1.00000 
598.87799 1.00000 
600.39600 1.00000 
600.68201 1.00000 
599.66101 1.00000 
600.97302 1.00000 
603.58002 1.00000 
605.37097 1.00000 
605.25897 1.00000 
599.56500 1.00000 
0.00000 0.00000 
0.00000 0.00000 
589.08099 1.00000 
593.46503 1.00000 
598.93799 1.00000 
599.40399 1.00000 
600.02698 1.00000 
599.31500 1.00000 
597.94800 1.00000 
596.87402 1.00000 
595.65997 1.00000 
594.23499 1.00000 
592.43597 1.00000 
589.36298 1.00000 
587.81000 1.00000 
0.00000 0.00000 
0.00000 0.00000 
590.26898 1.00000 
591.43597 1.00000 
593.60999 1.00000 
596.55902 1.00000 
598.97302 1.00000 
599.17603 1.00000 
600.01398 1.00000 
601.81299 1.00000 
604.74701 1.00000 
605.57800 1.00000 
605.58502 1.00000 
605.90601 1.00000 
606.60303 1.00000 
606.91602 1.00000 
605.15997 1.00000 
603.48297 1.00000 
602.56702 1.00000 
602.72601 1.00000 
603.16302 1.00000 
602.70203 1.00000 
601.96503 1.00000 
601.38501 1.00000 
600.82001 1.00000 
599.90100 1.00000 
598.62903 1.00000 
597.26202 1.00000 
596.25702 1.00000 
595.88898 1.00000 
595.87201 1.00000 
596.44098 1.00000 
597.23700 1.00000 
598.17401 1.00000 
598.53601 1.00000 
599.26398 1.00000 
600.10901 1.00000 
601.07397 1.00000 
601.65302 1.00000 
601.93597 1.00000 
601.78101 1.00000 
601.45099 1.00000 
601.99200 1.00000 
602.51202 1.00000 
603.00897 1.00000 
603.23602 1.00000 
603.02600 1.00000 
602.58002 1.00000 
602.28101 1.00000 
601.54602 1.00000 
600.86603 1.00000 
600.14600 1.00000 
599.88202 1.00000 
600.05603 1.00000 
601.12097 1.00000 
600.05701 1.00000 
598.78400 1.00000 
595.79999 1.00000 
574.99200 1.00000 
510.81799 1.00000 
519.46399 1.00000 
507.16400 1.00000 
507.60501 1.00000 
500.80701 1.00000 
500.94000 1.00000 
501.74100 1.00000 
501.84201 1.00000 
502.73700 1.00000 
503.09698 1.00000 
504.09000 1.00000 
504.25299 1.00000 
503.80099 1.00000 
503.53101 1.00000 
503.24500 1.00000 
503.09399 1.00000 
502.99100 1.00000 
502.81799 1.00000 
502.70401 1.00000 
502.63699 1.00000 
502.65100 1.00000 
502.70200 1.00000 
502.35501 1.00000 
502.46301 1.00000 
502.09500 1.00000 
502.10999 1.00000 
502.04599 1.00000 
501.98099 1.00000 
501.90201 1.00000 
501.75900 1.00000 
501.60199 1.00000 
501.70300 1.00000 
502.14099 1.00000 
502.40500 1.00000 
501.46799 1.00000 
500.45801 1.00000 
506.18301 1.00000 
0.00000 0.00000 
0.00000 0.00000 
0.00000 0.00000 
0.00000 0.00000 
374.01099 1.00000 
387.24301 1.00000 
387.08899 1.00000 
389.93900 1.00000 
393.99301 1.00000 
396.01999 1.00000 
397.03900 1.00000 
397.98599 1.00000 
397.47299 1.00000 
397.73401 1.00000 
398.22601 1.00000 
398.02899 1.00000 
397.76599 1.00000 
396.99500 1.00000 
396.22900 1.00000 
395.54199 1.00000 
394.56500 1.00000 
393.73001 1.00000 
392.86200 1.00000 
392.15799 1.00000 
391.53400 1.00000 
390.98901 1.00000 
390.33401 1.00000 
390.95901 1.00000 
391.37100 1.00000 
391.50299 1.00000 
391.76099 1.00000 
391.69000 1.00000 
392.20999 1.00000 
392.61899 1.00000 
392.73599 1.00000 
393.40201 1.00000 
393.43799 1.00000 
393.75201 1.00000 
394.25000 1.00000 
394.62299 1.00000 
394.98199 1.00000 
395.71100 1.00000 
395.91101 1.00000 
396.10300 1.00000 
396.05899 1.00000 
396.13199 1.00000 
396.20001 1.00000 
396.11099 1.00000 
395.84900 1.00000 
395.93900 1.00000 
395.93399 1.00000 
395.78900 1.00000 
395.78500 1.00000 
395.59299 1.00000 
395.36899 1.00000 
394.85999 1.00000 
394.42001 1.00000 
394.00900 1.00000 
393.29700 1.00000 
392.80701 1.00000 
392.63501 1.00000 
392.63101 1.00000 
392.72400 1.00000 
392.52301 1.00000 
392.83099 1.00000 
393.12100 1.00000 
393.56400 1.00000 
393.89499 1.00000 
394.39899 1.00000 
395.24899 1.00000 
395.40601 1.00000 
395.99799 1.00000 
395.48001 1.00000 
394.60800 1.00000 
394.50400 1.00000 
393.53400 1.00000 
392.03101 1.00000 
390.79700 1.00000 
391.37900 1.00000 
392.48901 1.00000 
386.64700 1.00000 
388.87299 1.00000 
395.98700 1.00000 
396.71500 1.00000 
397.20300 1.00000 
397.39301 1.00000 
397.08899 1.00000 
397.49500 1.00000 
397.79599 1.00000 
398.00900 1.00000 
397.94901 1.00000 
397.65701 1.00000 
397.35501 1.00000 
397.25699 1.00000 
397.29401 1.00000 
397.23001 1.00000 
397.16101 1.00000 
396.88901 1.00000 
396.77600 1.00000 
396.80099 1.00000 
396.59399 1.00000 
396.59299 1.00000 
396.45999 1.00000 
396.40399 1.00000 
396.41101 1.00000 
396.89099 1.00000 
399.27399 1.00000 
401.45700 1.00000 
399.42499 1.00000 
397.58899 1.00000 
396.67401 1.00000 
396.19699 1.00000 
395.85300 1.00000 
393.07999 1.00000 
396.07901 1.00000 
397.18701 1.00000 
396.43701 1.00000 
396.89499 1.00000 
396.78601 1.00000 
393.27399 1.00000 
387.79501 1.00000 
419.41599 1.00000 
379.38901 1.00000 
375.07199 1.00000 
382.80200 1.00000 
372.14200 1.00000 
367.73599 1.00000 
351.53000 1.00000 
351.36200 1.00000 
365.06500 1.00000 
337.35501 1.00000 
334.39801 1.00000 
337.18100 1.00000 
336.73499 1.00000 
333.86200 1.00000 
336.61801 1.00000 
339.59799 1.00000 
336.98801 1.00000 
337.12201 1.00000 
340.32999 1.00000 
338.70999 1.00000 
336.69800 1.00000 
340.54099 1.00000 
340.72900 1.00000 
337.52399 1.00000 
339.29300 1.00000 
341.61301 1.00000 
338.62201 1.00000 
337.85001 1.00000 
342.37000 1.00000 
340.81799 1.00000 
336.56699 1.00000 
341.02200 1.00000 
341.73401 1.00000 
337.20401 1.00000 
339.01300 1.00000 
342.61499 1.00000 
340.16501 1.00000 
337.02100 1.00000 
342.31299 1.00000 
340.51199 1.00000 
336.29300 1.00000 
339.01199 1.00000 
340.80200 1.00000 
338.84500 1.00000 
338.58899 1.00000 
340.08600 1.00000 
337.82901 1.00000 
337.43100 1.00000 
337.48499 1.00000 
338.10599 1.00000 
337.44299 1.00000 
338.05399 1.00000 
336.87701 1.00000 
333.87601 1.00000 
335.53900 1.00000 
0.00000 0.00000 
0.00000 0.00000 
0.00000 0.00000 
0.00000 0.00000 
0.00000 0.00000 
0.00000 0.00000 
0.00000 0.00000 
0.00000 0.00000 
0.00000 0.00000 
0.00000 0.00000 
0.00000 0.00000 
0.00000 0.00000 
0.00000 0.00000 
430.23499 1.00000 
434.46500 1.00000 
438.96500 1.00000 
440.42899 1.00000 
441.11099 1.00000 
440.98001 1.00000 
441.21500 1.00000 
440.63000 1.00000 
440.43701 1.00000 
440.04401 1.00000 
438.48801 1.00000 
0.00000 0.00000 
0.00000 0.00000 
0.00000 0.00000 
493.46899 1.00000 
497.34799 1.00000 
499.50101 1.00000 
499.93100 1.00000 
500.14801 1.00000 
500.51999 1.00000 
500.65302 1.00000 
500.68799 1.00000 
500.69601 1.00000 
500.97198 1.00000 
500.49200 1.00000 
500.48901 1.00000 
499.89700 1.00000 
499.81400 1.00000 
499.15100 1.00000 
499.10400 1.00000 
498.83899 1.00000 
498.85901 1.00000 
503.18600 1.00000 
512.76898 1.00000 
512.98700 1.00000 
0.00000 0.00000 
0.00000 0.00000 
0.00000 0.00000 
0.00000 0.00000 
529.38501 1.00000 
530.99103 1.00000 
532.13702 1.00000 
532.19202 1.00000 
532.92200 1.00000 
533.83698 1.00000 
532.87903 1.00000 
533.41400 1.00000 
532.84698 1.00000 
532.47900 1.00000 
532.06897 1.00000 
531.35303 1.00000 
530.83600 1.00000 
529.50299 1.00000 
528.17700 1.00000 
526.64301 1.00000 
525.09399 1.00000 
524.32501 1.00000 
523.73700 1.00000 
522.84399 1.00000 
522.77802 1.00000 
522.80902 1.00000 
521.96399 1.00000 
519.89301 1.00000 
519.19202 1.00000 
519.31097 1.00000 
521.60602 1.00000 
524.29602 1.00000 
525.79498 1.00000 
526.83600 1.00000 
528.62799 1.00000 
530.11603 1.00000 
530.15399 1.00000 
526.77698 1.00000 
527.38000 1.00000 
527.85999 1.00000 
529.98901 1.00000 
529.84003 1.00000 
530.55298 1.00000 
531.15198 1.00000 
531.57898 1.00000 
530.96997 1.00000 
530.51099 1.00000 
530.25702 1.00000 
529.17401 1.00000 
528.26300 1.00000 
526.89502 1.00000 
524.96100 1.00000 
524.36102 1.00000 
524.07800 1.00000 
523.50702 1.00000 
523.18701 1.00000 
523.14600 1.00000 
521.84497 1.00000 
520.65802 1.00000 
520.05200 1.00000 
519.42603 1.00000 
520.24902 1.00000 
520.99597 1.00000 
521.48297 1.00000 
521.63501 1.00000 
522.27802 1.00000 
522.75000 1.00000 
523.73999 1.00000 
524.35400 1.00000 
524.57703 1.00000 
523.13397 1.00000 
522.83600 1.00000 
522.56000 1.00000 
520.25000 1.00000 
522.27600 1.00000 
527.90601 1.00000 
529.63000 1.00000 
530.49597 1.00000 
531.21997 1.00000 
531.63202 1.00000 
531.81897 1.00000 
531.68298 1.00000 
531.54901 1.00000 
531.47900 1.00000 
531.04901 1.00000 
530.69501 1.00000 
530.23798 1.00000 
529.59497 1.00000 
529.28998 1.00000 
528.95801 1.00000 
528.84399 1.00000 
528.86401 1.00000 
529.05798 1.00000 
529.23999 1.00000 
529.38397 1.00000 
529.54498 1.00000 
529.74200 1.00000 
529.83899 1.00000 
530.12903 1.00000 
530.21600 1.00000 
530.21503 1.00000 
530.11700 1.00000 
529.97498 1.00000 
529.66901 1.00000 
529.15002 1.00000 
528.65698 1.00000 
528.42798 1.00000 
527.54700 1.00000 
523.89301 1.00000 
519.63599 1.00000 
509.73499 1.00000 
0.00000 0.00000 
0.00000 0.00000 
0.00000 0.00000 
0.00000 0.00000 
426.99399 1.00000 
439.56201 1.00000 
440.75101 1.00000 
442.60699 1.00000 
443.55801 1.00000 
442.04999 1.00000 
443.05600 1.00000 
442.76801 1.00000 
442.92099 1.00000 
442.92300 1.00000 
442.27600 1.00000 
442.69901 1.00000 
442.78400 1.00000 
442.51599 1.00000 
442.48801 1.00000 
442.14600 1.00000 
442.44101 1.00000 
441.85300 1.00000 
441.38199 1.00000 
441.56601 1.00000 
440.90100 1.00000 
441.85999 1.00000 
441.16699 1.00000 
440.78601 1.00000 
441.01599 1.00000 
440.04001 1.00000 
440.42999 1.00000 
438.24100 1.00000 
437.13101 1.00000 
436.89200 1.00000 
437.94901 1.00000 
438.20401 1.00000 
438.34900 1.00000 
438.24399 1.00000 
436.76300 1.00000 
438.37100 1.00000 
440.81601 1.00000 
438.98901 1.00000 
438.86200 1.00000 
438.58499 1.00000 
439.09299 1.00000 
433.70300 1.00000 
394.34399 1.00000 
392.79999 1.00000 
390.95700 1.00000 
397.70001 1.00000 
401.42001 1.00000 
399.75699 1.00000 
395.35001 1.00000 
395.91299 1.00000 
398.33099 1.00000 
399.57501 1.00000 
395.83600 1.00000 
397.57401 1.00000 
401.37299 1.00000 
400.23499 1.00000 
395.14401 1.00000 
395.37900 1.00000 
396.59399 1.00000 
398.80801 1.00000 
398.73499 1.00000 
394.64401 1.00000 
403.66199 1.00000 
410.74600 1.00000 
403.62500 1.00000 
393.13599 1.00000 
392.23199 1.00000 
396.88699 1.00000 
394.93500 1.00000 
395.00800 1.00000 
392.84698 1.00000 
390.25299 1.00000 
404.16000 1.00000 
406.95599 1.00000 
396.66599 1.00000 
426.69901 1.00000 
432.10501 1.00000 
441.84900 1.00000 
448.64600 1.00000 
443.48801 1.00000 
441.85800 1.00000 
446.26001 1.00000 
447.24301 1.00000 
444.69699 1.00000 
443.28000 1.00000 
445.22900 1.00000 
446.41101 1.00000 
445.52701 1.00000 
443.97299 1.00000 
446.76300 1.00000 
447.97501 1.00000 
445.99399 1.00000 
444.32700 1.00000 
445.64301 1.00000 
446.39999 1.00000 
445.40799 1.00000 
444.05701 1.00000 
444.56201 1.00000 
445.03601 1.00000 
444.12201 1.00000 
443.54199 1.00000 
443.17499 1.00000 
443.59399 1.00000 
443.15201 1.00000 
442.54001 1.00000 
442.18799 1.00000 
443.47800 1.00000 
442.04999 1.00000 
440.60901 1.00000 
437.64700 1.00000 
428.75601 1.00000 
432.40799 1.00000 
429.39801 1.00000 
0.00000 0.00000 
0.00000 0.00000 
0.00000 0.00000 
0.00000 0.00000 
0.00000 0.00000 
0.00000 0.00000 
0.00000 0.00000 
289.19400 1.00000 
292.31601 1.00000 
290.85300 1.00000 
291.79501 1.00000 
292.23199 1.00000 
293.01199 1.00000 
292.68201 1.00000 
293.33801 1.00000 
293.39200 1.00000 
293.51300 1.00000 
293.82800 1.00000 
294.08499 1.00000 
293.82901 1.00000 
293.57901 1.00000 
293.85501 1.00000 
294.15100 1.00000 
294.61801 1.00000 
294.44699 1.00000 
293.87201 1.00000 
293.72699 1.00000 
294.18399 1.00000 
294.44901 1.00000 
294.51199 1.00000 
294.31699 1.00000 
294.11401 1.00000 
294.14499 1.00000 
294.19901 1.00000 
294.29300 1.00000 
294.32300 1.00000 
293.97101 1.00000 
293.87799 1.00000 
294.22000 1.00000 
294.15500 1.00000 
294.22601 1.00000 
294.00800 1.00000 
293.88800 1.00000 
293.73499 1.00000 
294.13501 1.00000 
294.31400 1.00000 
294.22900 1.00000 
294.01999 1.00000 
294.11600 1.00000 
294.03799 1.00000 
294.19901 1.00000 
294.15399 1.00000 
293.96600 1.00000 
294.03000 1.00000 
294.14301 1.00000 
293.83701 1.00000 
293.91901 1.00000 
293.96500 1.00000 
294.10300 1.00000 
294.04300 1.00000 
294.11401 1.00000 
294.20599 1.00000 
294.34000 1.00000 
294.32001 1.00000 
294.32800 1.00000 
294.25601 1.00000 
294.22101 1.00000 
294.10300 1.00000 
294.51700 1.00000 
294.28299 1.00000 
294.07901 1.00000 
294.05701 1.00000 
294.10501 1.00000 
294.34500 1.00000 
294.35999 1.00000 
294.11499 1.00000 
294.37900 1.00000 
294.41800 1.00000 
294.41101 1.00000 
294.20801 1.00000 
294.52100 1.00000 
294.38199 1.00000 
294.05701 1.00000 
294.22101 1.00000 
294.38199 1.00000 
294.35199 1.00000 
294.19400 1.00000 
294.20599 1.00000 
294.26901 1.00000 
294.50601 1.00000 
294.51700 1.00000 
294.39499 1.00000 
294.41699 1.00000 
294.35101 1.00000 
294.21399 1.00000 
294.51901 1.00000 
294.31900 1.00000 
294.35001 1.00000 
294.02701 1.00000 
294.50900 1.00000 
294.81299 1.00000 
294.73901 1.00000 
294.71701 1.00000 
294.29300 1.00000 
294.33701 1.00000 
294.59201 1.00000 
294.66901 1.00000 
294.32199 1.00000 
294.10199 1.00000 
294.39401 1.00000 
294.36499 1.00000 
294.57800 1.00000 
294.38199 1.00000 
293.90500 1.00000 
294.26801 1.00000 
293.80899 1.00000 
294.35001 1.00000 
294.49399 1.00000 
294.48001 1.00000 
294.37000 1.00000 
294.04901 1.00000 
294.54999 1.00000 
294.73401 1.00000 
294.67899 1.00000 
294.57199 1.00000 
294.28799 1.00000 
294.40100 1.00000 
294.47501 1.00000 
294.57999 1.00000 
294.53601 1.00000 
294.79401 1.00000 
294.60999 1.00000 
294.54001 1.00000 
294.56201 1.00000 
293.92700 1.00000 
294.20801 1.00000 
294.39899 1.00000 
294.48199 1.00000 
294.36499 1.00000 
294.56699 1.00000 
294.92700 1.00000 
294.89499 1.00000 
295.00500 1.00000 
294.77899 1.00000 
295.55801 1.00000 
294.61700 1.00000 
294.31201 1.00000 
294.52399 1.00000 
294.22198 1.00000 
293.38901 1.00000 
293.85901 1.00000 
294.94299 1.00000 
294.20001 1.00000 
294.14700 1.00000 
294.44299 1.00000 
293.81900 1.00000 
294.75601 1.00000 
294.79999 1.00000 
294.01599 1.00000 
294.96799 1.00000 
294.56100 1.00000 
294.74799 1.00000 
292.80600 1.00000 
295.64499 1.00000 
294.38901 1.00000 
294.10699 1.00000 
293.39999 1.00000 
295.12100 1.00000 
296.71899 1.00000 
293.12201 1.00000 
300.22900 1.00000 
295.19901 1.00000 
299.44000 1.00000 
293.74399 1.00000 
297.00900 1.00000 
293.73599 1.00000 
302.81299 1.00000 
295.15100 1.00000 
300.70999 1.00000 
304.33899 1.00000 
301.16699 1.00000 
302.06900 1.00000 
298.58200 1.00000 
300.33200 1.00000 
304.37900 1.00000 
0.00000 0.00000 
0.00000 0.00000 
0.00000 0.00000 
0.00000 0.00000 
0.00000 0.00000 
0.00000 0.00000 
0.00000 0.00000 
0.00000 0.00000 
0.00000 0.00000 
0.00000 0.00000 
0.00000 0.00000 
263.27802 1.00000 
264.42099 1.00000 
262.74301 1.00000 
261.28101 1.00000 
261.81000 1.00000 
262.55200 1.00000 
262.76599 1.00000 
262.93399 1.00000 
262.97699 1.00000 
263.12000 1.00000 
263.35400 1.00000 
263.42001 1.00000 
263.53699 1.00000 
263.55701 1.00000 
263.71399 1.00000 
263.75299 1.00000 
263.87299 1.00000 
263.70599 1.00000 
263.86200 1.00000 
263.80801 1.00000 
263.80399 1.00000 
263.78101 1.00000 
263.60999 1.00000 
263.71399 1.00000 
263.76599 1.00000 
263.73300 1.00000 
263.46701 1.00000 
263.35199 1.00000 
263.10501 1.00000 
262.51401 1.00000 
261.98401 1.00000 
261.91800 1.00000 
260.46301 1.00000 
261.54901 1.00000 
260.94501 1.00000 
260.73801 1.00000 
261.47400 1.00000 
261.93900 1.00000 
260.73199 1.00000 
255.15500 1.00000 
253.75500 1.00000 
252.08900 1.00000 
252.85500 1.00000 
250.67599 1.00000 
251.07600 1.00000 
251.06200 1.00000 
250.27200 1.00000 
249.77400 1.00000 
249.33400 1.00000 
249.05600 1.00000 
248.14301 1.00000 
247.56300 1.00000 
247.13300 1.00000 
246.30299 1.00000 
245.80400 1.00000 
246.09399 1.00000 
245.90100 1.00000 
246.82700 1.00000 
246.78200 1.00000 
247.57899 1.00000 
248.49100 1.00000 
248.94600 1.00000 
250.20200 1.00000 
251.19901 1.00000 
251.26300 1.00000 
251.86800 1.00000 
252.14999 1.00000 
252.40199 1.00000 
253.08400 1.00000 
253.29201 1.00000 
253.63699 1.00000 
253.53999 1.00000 
253.36400 1.00000 
253.19800 1.00000 
253.17900 1.00000 
253.34700 1.00000 
253.10201 1.00000 
252.61400 1.00000 
251.86600 1.00000 
251.14301 1.00000 
250.57700 1.00000 
250.29500 1.00000 
249.71400 1.00000 
248.73801 1.00000 
248.34000 1.00000 
247.73599 1.00000 
246.63800 1.00000 
245.20300 1.00000 
244.96001 1.00000 
244.40401 1.00000 
243.56100 1.00000 
244.55600 1.00000 
244.86700 1.00000 
246.21700 1.00000 
246.45000 1.00000 
247.82201 1.00000 
250.02000 1.00000 
249.43800 1.00000 
248.01300 1.00000 
250.27100 1.00000 
251.64700 1.00000 
250.40300 1.00000 
250.26601 1.00000 
250.91901 1.00000 
253.72800 1.00000 
252.43100 1.00000 
253.34700 1.00000 
256.41000 1.00000 
254.82899 1.00000 
254.21300 1.00000 
253.95200 1.00000 
254.02901 1.00000 
253.57100 1.00000 
251.64600 1.00000 
251.13000 1.00000 
253.89600 1.00000 
252.53700 1.00000 
0.00000 0.00000 
0.00000 0.00000 
0.00000 0.00000 
0.00000 0.00000 
0.00000 0.00000 
0.00000 0.00000 
281.66199 1.00000 
285.73999 1.00000 
287.16299 1.00000 
290.14401 1.00000 
292.83600 1.00000 
293.59698 1.00000 
294.22501 1.00000 
294.53699 1.00000 
294.06400 1.00000 
294.42801 1.00000 
293.79300 1.00000 
293.92899 1.00000 
294.02600 1.00000 
294.18900 1.00000 
294.26099 1.00000 
294.25000 1.00000 
294.15500 1.00000 
294.34500 1.00000 
294.33499 1.00000 
294.51599 1.00000 
294.33801 1.00000 
294.48099 1.00000 
294.18701 1.00000 
294.41101 1.00000 
293.98199 1.00000 
294.09000 1.00000 
293.69601 1.00000 
294.19501 1.00000 
293.85101 1.00000 
293.64600 1.00000 
292.98901 1.00000 
0.00000 0.00000 
0.00000 0.00000 
0.00000 0.00000 
0.00000 0.00000 
0.00000 0.00000 
0.00000 0.00000 
397.41699 1.00000 
400.34900 1.00000 
397.85300 1.00000 
396.78101 1.00000 
396.11200 1.00000 
396.26901 1.00000 
397.85300 1.00000 
398.98599 1.00000 
396.98901 1.00000 
395.35400 1.00000 
393.44299 1.00000 
393.05899 1.00000 
391.99100 1.00000 
390.74301 1.00000 
389.43500 1.00000 
388.22299 1.00000 
387.70001 1.00000 
387.58600 1.00000 
388.06000 1.00000 
388.74701 1.00000 
389.57199 1.00000 
390.51199 1.00000 
391.43600 1.00000 
393.07599 1.00000 
394.60699 1.00000 
395.79700 1.00000 
396.58301 1.00000 
395.82501 1.00000 
395.16299 1.00000 
395.00699 1.00000 
394.52701 1.00000 
395.10999 1.00000 
395.93500 1.00000 
396.24200 1.00000 
396.58499 1.00000 
396.65500 1.00000 
397.09100 1.00000 
397.00800 1.00000 
396.59601 1.00000 
395.95901 1.00000 
395.55099 1.00000 
395.41199 1.00000 
395.13400 1.00000 
394.94400 1.00000 
394.56500 1.00000 
393.91901 1.00000 
393.08701 1.00000 
392.44800 1.00000 
391.15302 1.00000 
390.58701 1.00000 
390.19101 1.00000 
390.47699 1.00000 
390.87701 1.00000 
390.90799 1.00000 
391.46100 1.00000 
391.98499 1.00000 
392.81000 1.00000 
393.64001 1.00000 
394.96701 1.00000 
396.67200 1.00000 
397.70901 1.00000 
397.86401 1.00000 
398.42599 1.00000 
399.47198 1.00000 
400.11200 1.00000 
399.29501 1.00000 
398.71100 1.00000 
397.85400 1.00000 
397.06699 1.00000 
396.51401 1.00000 
398.28400 1.00000 
399.35101 1.00000 
398.40100 1.00000 
396.72800 1.00000 
396.77301 1.00000 
399.77701 1.00000 
396.78601 1.00000 
389.01501 1.00000 
408.07401 1.00000 
0.00000 0.00000 
0.00000 0.00000 
0.00000 0.00000 
0.00000 0.00000 
293.22800 1.00000 
292.87601 1.00000 
294.88800 1.00000 
294.12799 1.00000 
295.30600 1.00000 
294.71399 1.00000 
294.86301 1.00000 
293.95099 1.00000 
294.48401 1.00000 
294.11200 1.00000 
294.19800 1.00000 
294.17401 1.00000 
293.89401 1.00000 
294.21899 1.00000 
293.79001 1.00000 
294.13199 1.00000 
293.88699 1.00000 
294.27100 1.00000 
293.90399 1.00000 
294.49799 1.00000 
293.86200 1.00000 
294.45599 1.00000 
293.91599 1.00000 
294.42300 1.00000 
294.03500 1.00000 
294.50000 1.00000 
294.03601 1.00000 
294.13699 1.00000 
293.91501 1.00000 
294.35699 1.00000 
294.23801 1.00000 
294.51700 1.00000 
294.39001 1.00000 
295.95200 1.00000 
294.80099 1.00000 
295.81299 1.00000 
296.54501 1.00000 
294.07800 1.00000 
291.11600 1.00000 
324.53000 1.00000 
325.61401 1.00000 
327.83401 1.00000 
327.61899 1.00000 
330.21301 1.00000 
330.53601 1.00000 
329.56000 1.00000 
331.40701 1.00000 
330.04401 1.00000 
330.31500 1.00000 
330.76501 1.00000 
328.27802 1.00000 
328.33600 1.00000 
326.95499 1.00000 
325.52200 1.00000 
325.57700 1.00000 
324.02802 1.00000 
324.12399 1.00000 
324.04999 1.00000 
324.27802 1.00000 
325.78699 1.00000 
325.50101 1.00000 
326.34000 1.00000 
327.05399 1.00000 
326.70001 1.00000 
328.21201 1.00000 
329.39099 1.00000 
328.98001 1.00000 
330.26801 1.00000 
331.13000 1.00000 
331.27301 1.00000 
331.80801 1.00000 
332.54599 1.00000 
332.87900 1.00000 
330.72400 1.00000 
332.32199 1.00000 
332.10800 1.00000 
330.09799 1.00000 
331.91199 1.00000 
331.01099 1.00000 
329.86801 1.00000 
331.49100 1.00000 
330.36700 1.00000 
330.34100 1.00000 
331.14001 1.00000 
330.04999 1.00000 
331.05701 1.00000 
330.68799 1.00000 
330.17801 1.00000 
331.27499 1.00000 
330.44501 1.00000 
330.79999 1.00000 
331.25800 1.00000 
330.55099 1.00000 
332.03201 1.00000 
331.72900 1.00000 
330.98401 1.00000 
332.26501 1.00000 
331.44199 1.00000 
331.59201 1.00000 
331.92099 1.00000 
330.44601 1.00000 
331.32001 1.00000 
330.99701 1.00000 
331.53299 1.00000 
339.67599 1.00000 
363.00500 1.00000 
363.82501 1.00000 
366.36499 1.00000 
369.32401 1.00000 
366.83701 1.00000 
360.12299 1.00000 
355.99100 1.00000 
356.10101 1.00000 
358.95300 1.00000 
379.89700 1.00000 
374.61401 1.00000 
371.92001 1.00000 
370.76501 1.00000 
371.75400 1.00000 
371.23401 1.00000 
371.45401 1.00000 
372.12601 1.00000 
372.62601 1.00000 
373.31500 1.00000 
373.52301 1.00000 
373.02100 1.00000 
372.90701 1.00000 
372.92200 1.00000 
373.02802 1.00000 
373.34201 1.00000 
373.42200 1.00000 
373.26401 1.00000 
373.20200 1.00000 
373.04901 1.00000 
373.01199 1.00000 
372.98999 1.00000 
372.69901 1.00000 
372.92999 1.00000 
373.28400 1.00000 
373.37900 1.00000 
373.28601 1.00000 
373.43900 1.00000 
373.38400 1.00000 
373.38501 1.00000 
373.28000 1.00000 
373.36899 1.00000 
373.32501 1.00000 
373.48999 1.00000 
373.47299 1.00000 
373.53201 1.00000 
373.29999 1.00000 
373.38800 1.00000 
374.25601 1.00000 
377.96899 1.00000 
380.28500 1.00000 
355.03601 1.00000 
374.22501 1.00000 
380.63800 1.00000 
388.04401 1.00000 
387.35800 1.00000 
388.08301 1.00000 
388.37299 1.00000 
389.87701 1.00000 
392.39801 1.00000 
394.12399 1.00000 
395.26001 1.00000 
396.17999 1.00000 
396.28699 1.00000 
396.04300 1.00000 
395.44800 1.00000 
394.72101 1.00000 
394.26901 1.00000 
393.29901 1.00000 
391.87399 1.00000 
390.65799 1.00000 
389.36499 1.00000 
387.83701 1.00000 
386.68600 1.00000 
387.63501 1.00000 
388.09299 1.00000 
388.22800 1.00000 
388.83301 1.00000 
388.31299 1.00000 
387.39600 1.00000 
388.04599 1.00000 
389.46701 1.00000 
390.38901 1.00000 
390.79800 1.00000 
391.95401 1.00000 
394.00400 1.00000 
396.68201 1.00000 
397.53000 1.00000 
396.17200 1.00000 
395.12900 1.00000 
394.29501 1.00000 
393.41599 1.00000 
393.23901 1.00000 
393.75800 1.00000 
393.95801 1.00000 
394.08701 1.00000 
393.97501 1.00000 
393.90302 1.00000 
393.84900 1.00000 
394.14301 1.00000 
394.60001 1.00000 
394.91000 1.00000 
395.02701 1.00000 
395.11200 1.00000 
394.54599 1.00000 
394.51801 1.00000 
394.22800 1.00000 
393.21701 1.00000 
390.27600 1.00000 
389.67300 1.00000 
390.42300 1.00000 
394.54501 1.00000 
392.79099 1.00000 
390.26901 1.00000 
390.04300 1.00000 
390.55899 1.00000 
391.28101 1.00000 
392.17999 1.00000 
392.63800 1.00000 
393.61499 1.00000 
394.47501 1.00000 
393.71301 1.00000 
392.85999 1.00000 
392.55899 1.00000 
391.65601 1.00000 
396.59100 1.00000 
396.61600 1.00000 
0.00000 0.00000 
0.00000 0.00000 
0.00000 0.00000 
430.03201 1.00000 
438.45401 1.00000 
440.92899 1.00000 
441.40500 1.00000 
441.80600 1.00000 
441.95599 1.00000 
442.28000 1.00000 
442.41800 1.00000 
442.58099 1.00000 
442.69199 1.00000 
442.64200 1.00000 
442.56299 1.00000 
442.62701 1.00000 
442.54700 1.00000 
442.44000 1.00000 
442.48499 1.00000 
442.44199 1.00000 
442.37601 1.00000 
442.20901 1.00000 
442.29199 1.00000 
442.18701 1.00000 
442.27200 1.00000 
442.18500 1.00000 
442.03699 1.00000 
442.24399 1.00000 
442.28400 1.00000 
442.29001 1.00000 
442.43900 1.00000 
442.52899 1.00000 
442.59900 1.00000 
442.29300 1.00000 
442.41101 1.00000 
442.59399 1.00000 
442.58401 1.00000 
442.75699 1.00000 
442.90302 1.00000 
442.69800 1.00000 
442.73001 1.00000 
442.31000 1.00000 
428.59299 1.00000 
427.96399 1.00000 
0.00000 0.00000 
0.00000 0.00000 
0.00000 0.00000 
0.00000 0.00000 
0.00000 0.00000 
0.00000 0.00000 
0.00000 0.00000 
525.05798 1.00000 
528.80499 1.00000 
530.60797 1.00000 
530.07703 1.00000 
529.41400 1.00000 
528.59497 1.00000 
526.77899 1.00000 
524.72498 1.00000 
522.61298 1.00000 
520.84998 1.00000 
519.53900 1.00000 
518.56403 1.00000 
518.15900 1.00000 
518.55298 1.00000 
520.07202 1.00000 
521.84100 1.00000 
523.73901 1.00000 
525.64697 1.00000 
526.81897 1.00000 
528.16901 1.00000 
529.02899 1.00000 
530.05902 1.00000 
531.33301 1.00000 
532.24701 1.00000 
534.27399 1.00000 
533.53400 1.00000 
531.93500 1.00000 
531.44299 1.00000 
531.12201 1.00000 
531.22198 1.00000 
531.13397 1.00000 
531.72699 1.00000 
532.47601 1.00000 
532.50702 1.00000 
531.72803 1.00000 
530.71100 1.00000 
529.71503 1.00000 
528.72302 1.00000 
527.45697 1.00000 
526.50500 1.00000 
525.95599 1.00000 
525.96698 1.00000 
526.19702 1.00000 
526.84399 1.00000 
527.63501 1.00000 
527.98297 1.00000 
528.40802 1.00000 
529.07098 1.00000 
530.15198 1.00000 
530.93298 1.00000 
532.22699 1.00000 
533.02600 1.00000 
533.39203 1.00000 
532.85797 1.00000 
532.48297 1.00000 
532.35303 1.00000 
531.92102 1.00000 
531.78003 1.00000 
531.85498 1.00000 
532.77600 1.00000 
533.19800 1.00000 
533.74500 1.00000 
534.11200 1.00000 
533.71997 1.00000 
532.89398 1.00000 
532.18597 1.00000 
531.03601 1.00000 
530.03699 1.00000 
526.57202 1.00000 
515.35901 1.00000 
503.93900 1.00000 
504.69501 1.00000 
512.50598 1.00000 
517.99298 1.00000 
483.61099 1.00000 
491.87701 1.00000 
493.91400 1.00000 
496.76300 1.00000 
499.23901 1.00000 
500.74301 1.00000 
500.89301 1.00000 
501.06201 1.00000 
500.51501 1.00000 
499.97299 1.00000 
499.62500 1.00000 
499.01999 1.00000 
499.16101 1.00000 
499.07800 1.00000 
498.94699 1.00000 
498.69601 1.00000 
498.93799 1.00000 
498.99799 1.00000 
499.11600 1.00000 
498.79700 1.00000 
498.71500 1.00000 
498.47198 1.00000 
498.90201 1.00000 
498.96799 1.00000 
499.06699 1.00000 
498.85300 1.00000 
499.34698 1.00000 
499.02899 1.00000 
498.84500 1.00000 
498.58099 1.00000 
498.50699 1.00000 
498.67999 1.00000 
498.79401 1.00000 
497.86499 1.00000 
497.75699 1.00000 
496.43799 1.00000 
494.50000 1.00000 
494.94901 1.00000 
0.00000 0.00000 
0.00000 0.00000 
0.00000 0.00000 
436.53900 1.00000 
434.72699 1.00000 
439.90201 1.00000 
440.89801 1.00000 
444.82700 1.00000 
444.73401 1.00000 
444.43100 1.00000 
446.09799 1.00000 
445.76801 1.00000 
446.11499 1.00000 
445.84399 1.00000 
445.74799 1.00000 
445.97000 1.00000 
446.02600 1.00000 
445.72400 1.00000 
445.96100 1.00000 
445.87100 1.00000 
445.98300 1.00000 
445.84900 1.00000 
445.57300 1.00000 
446.41400 1.00000 
446.44101 1.00000 
446.08701 1.00000 
446.25000 1.00000 
446.12500 1.00000 
446.36301 1.00000 
445.62299 1.00000 
444.61401 1.00000 
444.57700 1.00000 
443.62601 1.00000 
443.71201 1.00000 
443.87399 1.00000 
443.85199 1.00000 
443.63901 1.00000 
440.82501 1.00000 
438.87900 1.00000 
427.68600 1.00000 
390.69101 1.00000 
386.96399 1.00000 
386.20001 1.00000 
387.37299 1.00000 
388.85101 1.00000 
390.32800 1.00000 
390.76700 1.00000 
390.64999 1.00000 
391.41199 1.00000 
391.46301 1.00000 
391.23901 1.00000 
390.70200 1.00000 
390.12000 1.00000 
389.72699 1.00000 
389.78299 1.00000 
389.73401 1.00000 
389.96399 1.00000 
390.10199 1.00000 
390.37299 1.00000 
390.56201 1.00000 
390.74500 1.00000 
390.96701 1.00000 
390.98901 1.00000 
390.89999 1.00000 
390.78601 1.00000 
390.61700 1.00000 
390.94901 1.00000 
390.68701 1.00000 
390.77200 1.00000 
390.85999 1.00000 
390.43600 1.00000 
389.46701 1.00000 
388.18100 1.00000 
387.46600 1.00000 
390.91501 1.00000 
389.47000 1.00000 
387.50800 1.00000 
402.95099 1.00000 
426.69000 1.00000 
427.46799 1.00000 
429.40601 1.00000 
427.30600 1.00000 
438.58600 1.00000 
445.88800 1.00000 
447.28500 1.00000 
444.64200 1.00000 
442.74301 1.00000 
445.75800 1.00000 
448.63501 1.00000 
445.50299 1.00000 
444.35901 1.00000 
446.42200 1.00000 
448.47501 1.00000 
446.23901 1.00000 
445.13000 1.00000 
446.72900 1.00000 
448.41699 1.00000 
446.20499 1.00000 
445.40701 1.00000 
446.69501 1.00000 
447.85199 1.00000 
446.43399 1.00000 
445.48801 1.00000 
446.38699 1.00000 
446.89700 1.00000 
445.68500 1.00000 
444.65302 1.00000 
444.87399 1.00000 
444.95599 1.00000 
444.98499 1.00000 
442.68399 1.00000 
441.67499 1.00000 
439.23999 1.00000 
446.34900 1.00000 
445.01999 1.00000 
442.44901 1.00000 
0.00000 0.00000 
0.00000 0.00000 
0.00000 0.00000 
0.00000 0.00000 
0.00000 0.00000 
0.00000 0.00000 
0.00000 0.00000 
0.00000 0.00000 
387.23999 1.00000 
386.02600 1.00000 
388.75299 1.00000 
388.52499 1.00000 
389.58200 1.00000 
391.20099 1.00000 
390.81500 1.00000 
389.92300 1.00000 
389.76199 1.00000 
389.50699 1.00000 
388.89301 1.00000 
387.87299 1.00000 
387.01999 1.00000 
385.32001 1.00000 
385.15302 1.00000 
385.74301 1.00000 
386.84201 1.00000 
387.40201 1.00000 
388.60999 1.00000 
389.14301 1.00000 
389.44000 1.00000 
389.84299 1.00000 
390.48700 1.00000 
390.95401 1.00000 
391.33099 1.00000 
392.19199 1.00000 
392.93799 1.00000 
393.58099 1.00000 
393.44601 1.00000 
393.54800 1.00000 
393.94601 1.00000 
393.84698 1.00000 
393.84698 1.00000 
393.64301 1.00000 
393.53500 1.00000 
393.35699 1.00000 
393.26099 1.00000 
392.78400 1.00000 
392.53900 1.00000 
392.17999 1.00000 
391.72601 1.00000 
391.04401 1.00000 
390.25500 1.00000 
389.56299 1.00000 
389.02399 1.00000 
388.57101 1.00000 
387.95401 1.00000 
387.70499 1.00000 
387.53101 1.00000 
387.60300 1.00000 
387.73901 1.00000 
387.35101 1.00000 
387.66800 1.00000 
388.11200 1.00000 
388.53601 1.00000 
388.52802 1.00000 
388.87299 1.00000 
389.46600 1.00000 
389.79199 1.00000 
390.36600 1.00000 
390.66699 1.00000 
391.25400 1.00000 
391.66501 1.00000 
392.27399 1.00000 
392.32901 1.00000 
392.44601 1.00000 
392.79001 1.00000 
392.70599 1.00000 
392.80701 1.00000 
393.05099 1.00000 
393.08801 1.00000 
392.93201 1.00000 
392.96600 1.00000 
392.75800 1.00000 
392.53101 1.00000 
392.08801 1.00000 
391.51099 1.00000 
391.10501 1.00000 
390.53400 1.00000 
389.94400 1.00000 
389.23300 1.00000 
388.64499 1.00000 
388.14401 1.00000 
388.19699 1.00000 
387.96500 1.00000 
387.86499 1.00000 
387.98401 1.00000 
388.21600 1.00000 
388.57199 1.00000 
388.81601 1.00000 
389.42499 1.00000 
389.74100 1.00000 
390.06100 1.00000 
390.95001 1.00000 
391.32901 1.00000 
391.80899 1.00000 
392.38000 1.00000 
392.76700 1.00000 
392.99200 1.00000 
392.94400 1.00000 
393.18799 1.00000 
393.22101 1.00000 
393.14001 1.00000 
393.12900 1.00000 
393.22299 1.00000 
393.25400 1.00000 
392.98199 1.00000 
392.80399 1.00000 
392.78101 1.00000 
392.49600 1.00000 
391.85400 1.00000 
391.61200 1.00000 
391.16400 1.00000 
390.66299 1.00000 
390.24500 1.00000 
389.71799 1.00000 
388.91699 1.00000 
388.64999 1.00000 
388.12799 1.00000 
388.08600 1.00000 
387.92599 1.00000 
387.96399 1.00000 
388.18799 1.00000 
388.27701 1.00000 
388.54199 1.00000 
389.17001 1.00000 
389.97101 1.00000 
390.24701 1.00000 
390.54901 1.00000 
391.13199 1.00000 
391.82999 1.00000 
392.20901 1.00000 
392.42599 1.00000 
392.96600 1.00000 
393.19199 1.00000 
393.30200 1.00000 
393.53201 1.00000 
393.82300 1.00000 
393.86700 1.00000 
393.43399 1.00000 
393.70599 1.00000 
393.48099 1.00000 
393.19501 1.00000 
393.00601 1.00000 
392.72198 1.00000 
392.15701 1.00000 
391.61899 1.00000 
391.02301 1.00000 
390.50601 1.00000 
389.85699 1.00000 
389.27499 1.00000 
388.91101 1.00000 
388.62299 1.00000 
388.46399 1.00000 
388.39700 1.00000 
388.80200 1.00000 
389.25601 1.00000 
388.93900 1.00000 
389.30899 1.00000 
389.58899 1.00000 
389.64301 1.00000 
389.86801 1.00000 
390.40799 1.00000 
390.89001 1.00000 
391.37601 1.00000 
391.99399 1.00000 
392.55600 1.00000 
392.97101 1.00000 
393.51999 1.00000 
393.67599 1.00000 
393.80301 1.00000 
393.78500 1.00000 
393.49399 1.00000 
393.43201 1.00000 
393.24600 1.00000 
393.31699 1.00000 
393.07501 1.00000 
392.74701 1.00000 
392.24301 1.00000 
391.93900 1.00000 
391.38400 1.00000 
390.64801 1.00000 
389.95999 1.00000 
389.14700 1.00000 
389.00500 1.00000 
388.60101 1.00000 
388.55200 1.00000 
388.29401 1.00000 
388.20200 1.00000 
388.37601 1.00000 
388.92801 1.00000 
389.08899 1.00000 
389.19501 1.00000 
389.49301 1.00000 
389.89099 1.00000 
390.23801 1.00000 
390.79901 1.00000 
391.40900 1.00000 
391.75299 1.00000 
392.52399 1.00000 
393.21100 1.00000 
393.63800 1.00000 
393.79599 1.00000 
394.02899 1.00000 
394.24100 1.00000 
394.38300 1.00000 
394.83301 1.00000 
395.71600 1.00000 
396.27899 1.00000 
396.35599 1.00000 
396.57401 1.00000 
396.82501 1.00000 
397.42999 1.00000 
397.80301 1.00000 
398.31201 1.00000 
398.50000 1.00000 
398.53900 1.00000 
398.50101 1.00000 
397.86899 1.00000 
397.29001 1.00000 
396.12299 1.00000 
395.09100 1.00000 
394.14301 1.00000 
393.94699 1.00000 
393.24200 1.00000 
393.59100 1.00000 
394.18301 1.00000 
394.17001 1.00000 
394.56400 1.00000 
395.98401 1.00000 
396.91901 1.00000 
399.53799 1.00000 
401.36801 1.00000 
403.48300 1.00000 
402.36099 1.00000 
401.16000 1.00000 
399.50500 1.00000 
397.98700 1.00000 
398.25000 1.00000 
396.48901 1.00000 
395.49500 1.00000 
395.08200 1.00000 
394.94501 1.00000 
395.75299 1.00000 
394.70001 1.00000 
393.55600 1.00000 
394.05399 1.00000 
393.49701 1.00000 
391.90701 1.00000 
394.75299 1.00000 
395.62601 1.00000 
394.34601 1.00000 
395.57599 1.00000 
398.00400 1.00000 
397.28500 1.00000 
396.52399 1.00000 
396.77701 1.00000 
395.59698 1.00000 
397.52399 1.00000 
399.76999 1.00000 
395.05301 1.00000 
391.07001 1.00000 
391.39001 1.00000 
394.49500 1.00000 
399.77701 1.00000 
398.96899 1.00000 
382.29999 1.00000 
389.23001 1.00000 
390.98801 1.00000 
394.22000 1.00000 
393.64301 1.00000 
397.08600 1.00000 
400.46899 1.00000 
396.00699 1.00000 
395.33301 1.00000 
395.28799 1.00000 
397.55301 1.00000 
396.51999 1.00000 
398.04599 1.00000 
398.69699 1.00000 
397.01199 1.00000 
396.25000 1.00000 
398.41199 1.00000 
399.98901 1.00000 
407.58099 1.00000 
389.50500 1.00000 
390.82501 1.00000 
397.03500 1.00000 
397.38901 1.00000 
396.04800 1.00000 
405.76001 1.00000 
400.00101 1.00000 
407.10901 1.00000 
404.98300 1.00000 
399.10901 1.00000 
0.00000 0.00000 
0.00000 0.00000 
0.00000 0.00000 
0.00000 0.00000 
0.00000 0.00000 
0.00000 0.00000 
0.00000 0.00000 
0.00000 0.00000 
0.00000 0.00000 
0.00000 0.00000 
0.00000 0.00000 
0.00000 0.00000 
0.00000 0.00000 
0.00000 0.00000 
0.00000 0.00000 
0.00000 0.00000 
0.00000 0.00000 
0.00000 0.00000 
0.00000 0.00000 
0.00000 0.00000 
0.00000 0.00000 
0.00000 0.00000 
0.00000 0.00000 
0.00000 0.00000 
0.00000 0.00000 
0.00000 0.00000 
0.00000 0.00000 
0.00000 0.00000 
0.00000 0.00000 
0.00000 0.00000 
0.00000 0.00000 
0.00000 0.00000 
0.00000 0.00000 
0.00000 0.00000 
0.00000 0.00000 
0.00000 0.00000 
0.00000 0.00000 
0.00000 0.00000 
0.00000 0.00000 
0.00000 0.00000 
0.00000 0.00000 
0.00000 0.00000 
0.00000 0.00000 
0.00000 0.00000 
0.00000 0.00000 
0.00000 0.00000 
0.00000 0.00000 
0.00000 0.00000 
0.00000 0.00000 
0.00000 0.00000 
0.00000 0.00000 
0.00000 0.00000 
0.00000 0.00000 
0.00000 0.00000 
0.00000 0.00000 
0.00000 0.00000 
0.00000 0.00000 
0.00000 0.00000 
0.00000 0.00000 
0.00000 0.00000 
0.00000 0.00000 
0.00000 0.00000 
0.00000 0.00000 
0.00000 0.00000 
0.00000 0.00000 
0.00000 0.00000 
0.00000 0.00000 
0.00000 0.00000 
0.00000 0.00000 
0.00000 0.00000 
0.00000 0.00000 
0.00000 0.00000 
0.00000 0.00000 
0.00000 0.00000 
0.00000 0.00000 
0.00000 0.00000 
0.00000 0.00000 
0.00000 0.00000 
0.00000 0.00000 
0.00000 0.00000 
0.00000 0.00000 
0.00000 0.00000 
0.00000 0.00000 
0.00000 0.00000 
0.00000 0.00000 
0.00000 0.00000 
0.00000 0.00000 
0.00000 0.00000 
0.00000 0.00000 
0.00000 0.00000 
0.00000 0.00000 
0.00000 0.00000 
0.00000 0.00000 
0.00000 0.00000 
0.00000 0.00000 
0.00000 0.00000 
0.00000 0.00000 
0.00000 0.00000 
0.00000 0.00000 
0.00000 0.00000 
0.00000 0.00000 
0.00000 0.00000 
0.00000 0.00000 
0.00000 0.00000 
0.00000 0.00000 
0.00000 0.00000 
0.00000 0.00000 
0.00000 0.00000 
0.00000 0.00000 
0.00000 0.00000 
0.00000 0.00000 
0.00000 0.00000 
0.00000 0.00000 
0.00000 0.00000 
0.00000 0.00000 
0.00000 0.00000 
0.00000 0.00000 
0.00000 0.00000 
0.00000 0.00000 
0.00000 0.00000 
0.00000 0.00000 
0.00000 0.00000 
0.00000 0.00000 
0.00000 0.00000 
0.00000 0.00000 
0.00000 0.00000 
0.00000 0.00000 
0.00000 0.00000 
0.00000 0.00000 
0.00000 0.00000 
0.00000 0.00000 
0.00000 0.00000 
0.00000 0.00000 
0.00000 0.00000 
0.00000 0.00000 
0.00000 0.00000 
0.00000 0.00000 
0.00000 0.00000 
0.00000 0.00000 
0.00000 0.00000 
0.00000 0.00000 
0.00000 0.00000 
0.00000 0.00000 
0.00000 0.00000 
0.00000 0.00000 
0.00000 0.00000 
0.00000 0.00000 
0.00000 0.00000 
0.00000 0.00000 
0.00000 0.00000 
0.00000 0.00000 
0.00000 0.00000 
0.00000 0.00000 
0.00000 0.00000 
0.00000 0.00000 
0.00000 0.00000 
0.00000 0.00000 
0.00000 0.00000 
0.00000 0.00000 
0.00000 0.00000 
0.00000 0.00000 
0.00000 0.00000 
0.00000 0.00000 
0.00000 0.00000 
0.00000 0.00000 
0.00000 0.00000 
0.00000 0.00000 
0.00000 0.00000 
0.00000 0.00000 
0.00000 0.00000 
0.00000 0.00000 
0.00000 0.00000 
0.00000 0.00000 
0.00000 0.00000 
0.00000 0.00000 
0.00000 0.00000 
0.00000 0.00000 
0.00000 0.00000 
0.00000 0.00000 
0.00000 0.00000 
0.00000 0.00000 
0.00000 0.00000 
0.00000 0.00000 
0.00000 0.00000 
0.00000 0.00000 
0.00000 0.00000 
0.00000 0.00000 
0.00000 0.00000 
0.00000 0.00000 
0.00000 0.00000 
0.00000 0.00000 
0.00000 0.00000 
0.00000 0.00000 
0.00000 0.00000 
0.00000 0.00000 
0.00000 0.00000 
0.00000 0.00000 
0.00000 0.00000 
0.00000 0.00000 
0.00000 0.00000 
0.00000 0.00000 
0.00000 0.00000 
0.00000 0.00000 
0.00000 0.00000 
0.00000 0.00000 
0.00000 0.00000 
0.00000 0.00000 
0.00000 0.00000 
0.00000 0.00000 
0.00000 0.00000 
0.00000 0.00000 
0.00000 0.00000 
0.00000 0.00000 
0.00000 0.00000 
0.00000 0.00000 
0.00000 0.00000 
0.00000 0.00000 
0.00000 0.00000 
0.00000 0.00000 
0.00000 0.00000 
0.00000 0.00000 
0.00000 0.00000 
0.00000 0.00000 
0.00000 0.00000 
0.00000 0.00000 
0.00000 0.00000 
0.00000 0.00000 
0.00000 0.00000 
0.00000 0.00000 
0.00000 0.00000 
0.00000 0.00000 
0.00000 0.00000 
0.00000 0.00000 
0.00000 0.00000 
0.00000 0.00000 
0.00000 0.00000 
0.00000 0.00000 
0.00000 0.00000 
0.00000 0.00000 
0.00000 0.00000 
0.00000 0.00000 
0.00000 0.00000 
0.00000 0.00000 
0.00000 0.00000 
0.00000 0.00000 
0.00000 0.00000 
0.00000 0.00000 
0.00000 0.00000 
0.00000 0.00000 
0.00000 0.00000 
0.00000 0.00000 
0.00000 0.00000 
0.00000 0.00000 
0.00000 0.00000 
0.00000 0.00000 
0.00000 0.00000 
0.00000 0.00000 
0.00000 0.00000 
0.00000 0.00000 
0.00000 0.00000 
0.00000 0.00000 
0.00000 0.00000 
0.00000 0.00000 
0.00000 0.00000 
0.00000 0.00000 
0.00000 0.00000 
0.00000 0.00000 
0.00000 0.00000 
0.00000 0.00000 
0.00000 0.00000 
0.00000 0.00000 
0.00000 0.00000 
0.00000 0.00000 
0.00000 0.00000 
0.00000 0.00000 
0.00000 0.00000 
0.00000 0.00000 
0.00000 0.00000 
0.00000 0.00000 
0.00000 0.00000 
0.00000 0.00000 
0.00000 0.00000 
0.00000 0.00000 
0.00000 0.00000 
0.00000 0.00000 
0.00000 0.00000 
0.00000 0.00000 
0.00000 0.00000 
0.00000 0.00000 
0.00000 0.00000 
0.00000 0.00000 
0.00000 0.00000 
0.00000 0.00000 
0.00000 0.00000 
0.00000 0.00000 
0.00000 0.00000 
0.00000 0.00000 
0.00000 0.00000 
0.00000 0.00000 
0.00000 0.00000 
0.00000 0.00000 
0.00000 0.00000 
0.00000 0.00000 
0.00000 0.00000 
0.00000 0.00000 
0.00000 0.00000 
0.00000 0.00000 
0.00000 0.00000 
0.00000 0.00000 
0.00000 0.00000 
0.00000 0.00000 
0.00000 0.00000 
0.00000 0.00000 
0.00000 0.00000 
0.00000 0.00000 
0.00000 0.00000 
0.00000 0.00000 
0.00000 0.00000 
0.00000 0.00000 
0.00000 0.00000 
0.00000 0.00000 
0.00000 0.00000 
0.00000 0.00000 
0.00000 0.00000 
0.00000 0.00000 
0.00000 0.00000 
0.00000 0.00000 
0.00000 0.00000 
0.00000 0.00000 
0.00000 0.00000 
0.00000 0.00000 
0.00000 0.00000 
0.00000 0.00000 
0.00000 0.00000 
0.00000 0.00000 
0.00000 0.00000 
0.00000 0.00000 
0.00000 0.00000 
0.00000 0.00000 
0.00000 0.00000 
0.00000 0.00000 
0.00000 0.00000 
0.00000 0.00000 
0.00000 0.00000 
0.00000 0.00000 
0.00000 0.00000 
0.00000 0.00000 
0.00000 0.00000 
0.00000 0.00000 
0.00000 0.00000 
0.00000 0.00000 
0.00000 0.00000 
0.00000 0.00000 
0.00000 0.00000 
0.00000 0.00000 
0.00000 0.00000 
0.00000 0.00000 
0.00000 0.00000 
0.00000 0.00000 
0.00000 0.00000 
0.00000 0.00000 
0.00000 0.00000 
0.00000 0.00000 
0.00000 0.00000 
0.00000 0.00000 
0.00000 0.00000 
0.00000 0.00000 
0.00000 0.00000 
0.00000 0.00000 
0.00000 0.00000 
0.00000 0.00000 
0.00000 0.00000 
0.00000 0.00000 
0.00000 0.00000 
0.00000 0.00000 
0.00000 0.00000 
0.00000 0.00000 
0.00000 0.00000 
0.00000 0.00000 
0.00000 0.00000 
0.00000 0.00000 
0.00000 0.00000 
0.00000 0.00000 
0.00000 0.00000 
0.00000 0.00000 
0.00000 0.00000 
0.00000 0.00000 
0.00000 0.00000 
0.00000 0.00000 
0.00000 0.00000 
0.00000 0.00000 
0.00000 0.00000 
0.00000 0.00000 
0.00000 0.00000 
0.00000 0.00000 
0.00000 0.00000 
0.00000 0.00000 
0.00000 0.00000 
0.00000 0.00000 
0.00000 0.00000 
0.00000 0.00000 
0.00000 0.00000 
0.00000 0.00000 
0.00000 0.00000 
0.00000 0.00000 
0.00000 0.00000 
0.00000 0.00000 
0.00000 0.00000 
0.00000 0.00000 
0.00000 0.00000 
0.00000 0.00000 
0.00000 0.00000 
0.00000 0.00000 
0.00000 0.00000 
0.00000 0.00000 
0.00000 0.00000 
0.00000 0.00000 
0.00000 0.00000 
0.00000 0.00000 
0.00000 0.00000 
0.00000 0.00000 
0.00000 0.00000 
0.00000 0.00000 
0.00000 0.00000 
0.00000 0.00000 
0.00000 0.00000 
0.00000 0.00000 
0.00000 0.00000 
0.00000 0.00000 
0.00000 0.00000 
