 0.00000 0.00000 
0.00000 0.00000 
0.00000 0.00000 
0.00000 0.00000 
0.00000 0.00000 
0.00000 0.00000 
0.00000 0.00000 
0.00000 0.00000 
0.00000 0.00000 
0.00000 0.00000 
0.00000 0.00000 
0.00000 0.00000 
0.00000 0.00000 
0.00000 0.00000 
0.00000 0.00000 
0.00000 0.00000 
0.00000 0.00000 
0.00000 0.00000 
0.00000 0.00000 
0.00000 0.00000 
0.00000 0.00000 
0.00000 0.00000 
0.00000 0.00000 
0.00000 0.00000 
0.00000 0.00000 
0.00000 0.00000 
0.00000 0.00000 
0.00000 0.00000 
0.00000 0.00000 
0.00000 0.00000 
0.00000 0.00000 
0.00000 0.00000 
0.00000 0.00000 
0.00000 0.00000 
0.00000 0.00000 
0.00000 0.00000 
0.00000 0.00000 
0.00000 0.00000 
0.00000 0.00000 
0.00000 0.00000 
0.00000 0.00000 
0.00000 0.00000 
0.00000 0.00000 
0.00000 0.00000 
0.00000 0.00000 
0.00000 0.00000 
0.00000 0.00000 
0.00000 0.00000 
0.00000 0.00000 
0.00000 0.00000 
0.00000 0.00000 
0.00000 0.00000 
0.00000 0.00000 
0.00000 0.00000 
0.00000 0.00000 
0.00000 0.00000 
0.00000 0.00000 
0.00000 0.00000 
0.00000 0.00000 
0.00000 0.00000 
0.00000 0.00000 
0.00000 0.00000 
0.00000 0.00000 
0.00000 0.00000 
0.00000 0.00000 
0.00000 0.00000 
0.00000 0.00000 
0.00000 0.00000 
0.00000 0.00000 
0.00000 0.00000 
0.00000 0.00000 
0.00000 0.00000 
0.00000 0.00000 
0.00000 0.00000 
0.00000 0.00000 
0.00000 0.00000 
0.00000 0.00000 
0.00000 0.00000 
0.00000 0.00000 
0.00000 0.00000 
0.00000 0.00000 
0.00000 0.00000 
0.00000 0.00000 
0.00000 0.00000 
0.00000 0.00000 
0.00000 0.00000 
0.00000 0.00000 
0.00000 0.00000 
0.00000 0.00000 
0.00000 0.00000 
0.00000 0.00000 
0.00000 0.00000 
0.00000 0.00000 
0.00000 0.00000 
0.00000 0.00000 
0.00000 0.00000 
0.00000 0.00000 
0.00000 0.00000 
0.00000 0.00000 
0.00000 0.00000 
0.00000 0.00000 
0.00000 0.00000 
0.00000 0.00000 
0.00000 0.00000 
0.00000 0.00000 
0.00000 0.00000 
0.00000 0.00000 
0.00000 0.00000 
0.00000 0.00000 
0.00000 0.00000 
0.00000 0.00000 
0.00000 0.00000 
0.00000 0.00000 
0.00000 0.00000 
0.00000 0.00000 
0.00000 0.00000 
0.00000 0.00000 
0.00000 0.00000 
0.00000 0.00000 
287.17999 1.00000 
292.69400 1.00000 
291.46701 1.00000 
290.36099 1.00000 
291.44101 1.00000 
291.89999 1.00000 
291.68399 1.00000 
292.21500 1.00000 
292.55399 1.00000 
292.31400 1.00000 
293.08200 1.00000 
293.62799 1.00000 
293.21399 1.00000 
293.75601 1.00000 
293.72101 1.00000 
294.01801 1.00000 
294.11301 1.00000 
294.25000 1.00000 
294.09000 1.00000 
294.11099 1.00000 
294.10901 1.00000 
294.19501 1.00000 
294.19800 1.00000 
294.41901 1.00000 
294.18100 1.00000 
294.10800 1.00000 
294.13199 1.00000 
294.05499 1.00000 
294.02899 1.00000 
294.07700 1.00000 
294.14999 1.00000 
293.86099 1.00000 
294.27399 1.00000 
293.87000 1.00000 
294.05200 1.00000 
293.99200 1.00000 
294.67599 1.00000 
294.30899 1.00000 
293.93301 1.00000 
295.34299 1.00000 
293.40601 1.00000 
294.82199 1.00000 
294.67700 1.00000 
292.88101 1.00000 
295.44901 1.00000 
292.11801 1.00000 
308.06400 1.00000 
294.63300 1.00000 
293.85300 1.00000 
291.76401 1.00000 
293.55499 1.00000 
293.49799 1.00000 
294.69000 1.00000 
292.95300 1.00000 
293.29599 1.00000 
294.47000 1.00000 
294.03500 1.00000 
294.12900 1.00000 
294.69199 1.00000 
294.29099 1.00000 
294.31900 1.00000 
294.53201 1.00000 
294.34100 1.00000 
294.49500 1.00000 
294.51801 1.00000 
294.37799 1.00000 
294.53500 1.00000 
294.21301 1.00000 
294.37500 1.00000 
294.49301 1.00000 
294.34399 1.00000 
294.31000 1.00000 
294.27100 1.00000 
294.32001 1.00000 
294.40799 1.00000 
294.46301 1.00000 
294.34201 1.00000 
294.40399 1.00000 
294.31799 1.00000 
294.28000 1.00000 
294.40500 1.00000 
294.45001 1.00000 
294.23901 1.00000 
294.37900 1.00000 
294.41101 1.00000 
294.50500 1.00000 
294.43900 1.00000 
294.32401 1.00000 
294.29599 1.00000 
294.21301 1.00000 
294.26501 1.00000 
294.56400 1.00000 
295.49701 1.00000 
300.78900 1.00000 
332.30701 1.00000 
329.57501 1.00000 
323.75601 1.00000 
326.25400 1.00000 
325.34900 1.00000 
315.95700 1.00000 
306.54501 1.00000 
307.13199 1.00000 
304.77100 1.00000 
313.32800 1.00000 
320.46899 1.00000 
328.83899 1.00000 
326.75101 1.00000 
333.25299 1.00000 
332.59299 1.00000 
332.98001 1.00000 
335.99399 1.00000 
333.84500 1.00000 
335.65799 1.00000 
334.06699 1.00000 
335.15302 1.00000 
335.40900 1.00000 
333.04401 1.00000 
336.29001 1.00000 
333.93201 1.00000 
334.73599 1.00000 
335.44199 1.00000 
334.41800 1.00000 
336.53101 1.00000 
334.16000 1.00000 
336.14001 1.00000 
334.73099 1.00000 
334.42300 1.00000 
335.76599 1.00000 
333.51300 1.00000 
335.69101 1.00000 
333.87000 1.00000 
334.80499 1.00000 
335.70700 1.00000 
333.52802 1.00000 
336.17401 1.00000 
333.64700 1.00000 
336.99200 1.00000 
363.39499 1.00000 
353.32300 1.00000 
364.27899 1.00000 
350.24799 1.00000 
348.43799 1.00000 
348.17401 1.00000 
361.40100 1.00000 
367.93201 1.00000 
372.00400 1.00000 
368.06699 1.00000 
363.49899 1.00000 
365.85300 1.00000 
364.00000 1.00000 
364.62500 1.00000 
366.18500 1.00000 
367.55600 1.00000 
368.40701 1.00000 
369.70300 1.00000 
370.51099 1.00000 
371.70099 1.00000 
372.16199 1.00000 
372.91199 1.00000 
373.28400 1.00000 
373.33600 1.00000 
373.15201 1.00000 
373.05301 1.00000 
372.72601 1.00000 
372.78400 1.00000 
372.77301 1.00000 
372.85599 1.00000 
372.65302 1.00000 
372.67499 1.00000 
372.79099 1.00000 
372.35501 1.00000 
372.23099 1.00000 
372.31601 1.00000 
372.48300 1.00000 
372.44800 1.00000 
372.53699 1.00000 
372.52499 1.00000 
372.35599 1.00000 
372.20001 1.00000 
372.36099 1.00000 
372.46600 1.00000 
372.89099 1.00000 
372.88000 1.00000 
372.92599 1.00000 
372.82999 1.00000 
373.04599 1.00000 
375.93100 1.00000 
380.38400 1.00000 
379.96500 1.00000 
362.02600 1.00000 
379.36099 1.00000 
377.37100 1.00000 
359.59698 1.00000 
322.43900 1.00000 
334.85101 1.00000 
381.38400 1.00000 
385.66299 1.00000 
387.82501 1.00000 
389.80701 1.00000 
393.93399 1.00000 
396.83200 1.00000 
397.02200 1.00000 
397.49301 1.00000 
397.54501 1.00000 
398.16199 1.00000 
399.12799 1.00000 
398.77802 1.00000 
398.39001 1.00000 
397.84601 1.00000 
397.39401 1.00000 
397.31400 1.00000 
397.26501 1.00000 
397.15201 1.00000 
396.93399 1.00000 
396.52600 1.00000 
396.45599 1.00000 
396.54001 1.00000 
396.33200 1.00000 
396.34299 1.00000 
396.54800 1.00000 
396.65100 1.00000 
396.55200 1.00000 
396.39801 1.00000 
396.31699 1.00000 
396.38300 1.00000 
396.35001 1.00000 
396.22601 1.00000 
395.78400 1.00000 
395.82101 1.00000 
395.74500 1.00000 
395.41901 1.00000 
395.26501 1.00000 
393.43301 1.00000 
394.29800 1.00000 
395.26599 1.00000 
395.88800 1.00000 
396.27600 1.00000 
396.45200 1.00000 
395.38599 1.00000 
394.16400 1.00000 
396.52600 1.00000 
400.91199 1.00000 
397.77301 1.00000 
387.03900 1.00000 
397.36700 1.00000 
412.74200 1.00000 
405.97000 1.00000 
373.45700 1.00000 
425.09299 1.00000 
426.76199 1.00000 
427.23901 1.00000 
427.76801 1.00000 
437.56699 1.00000 
437.93900 1.00000 
439.57001 1.00000 
428.28000 1.00000 
438.55899 1.00000 
443.96701 1.00000 
450.85001 1.00000 
449.58600 1.00000 
446.78000 1.00000 
448.55801 1.00000 
451.74100 1.00000 
449.76401 1.00000 
448.32501 1.00000 
449.69400 1.00000 
450.84100 1.00000 
449.42499 1.00000 
448.42401 1.00000 
447.53900 1.00000 
449.02200 1.00000 
447.59201 1.00000 
443.85699 1.00000 
442.23901 1.00000 
442.87500 1.00000 
438.74500 1.00000 
435.81699 1.00000 
411.38000 1.00000 
396.80600 1.00000 
397.01099 1.00000 
394.95200 1.00000 
394.85901 1.00000 
395.40601 1.00000 
395.13300 1.00000 
394.67001 1.00000 
397.83600 1.00000 
397.89600 1.00000 
386.69901 1.00000 
386.13501 1.00000 
388.15500 1.00000 
389.49399 1.00000 
389.82501 1.00000 
392.28799 1.00000 
393.70599 1.00000 
393.72501 1.00000 
394.00800 1.00000 
393.54800 1.00000 
394.46500 1.00000 
394.99899 1.00000 
395.39700 1.00000 
395.70200 1.00000 
395.44299 1.00000 
395.77399 1.00000 
395.73999 1.00000 
395.94000 1.00000 
396.29300 1.00000 
396.39600 1.00000 
396.63699 1.00000 
396.29800 1.00000 
396.31400 1.00000 
396.38199 1.00000 
396.18600 1.00000 
396.29800 1.00000 
396.15500 1.00000 
396.27899 1.00000 
396.20300 1.00000 
396.20999 1.00000 
396.27399 1.00000 
396.12399 1.00000 
396.42300 1.00000 
396.50299 1.00000 
396.39200 1.00000 
396.73599 1.00000 
396.64001 1.00000 
396.87601 1.00000 
396.89999 1.00000 
396.61099 1.00000 
396.28101 1.00000 
395.84500 1.00000 
395.37701 1.00000 
394.62799 1.00000 
396.22101 1.00000 
402.02399 1.00000 
401.04401 1.00000 
391.48300 1.00000 
385.48001 1.00000 
381.09299 1.00000 
377.22601 1.00000 
369.08200 1.00000 
354.12799 1.00000 
365.95599 1.00000 
372.66501 1.00000 
373.76999 1.00000 
372.42099 1.00000 
368.03500 1.00000 
360.83701 1.00000 
360.10001 1.00000 
366.26700 1.00000 
369.78900 1.00000 
370.24500 1.00000 
368.42499 1.00000 
364.89600 1.00000 
363.66901 1.00000 
366.29999 1.00000 
369.84299 1.00000 
371.76599 1.00000 
372.55801 1.00000 
372.70300 1.00000 
371.78699 1.00000 
371.57800 1.00000 
372.27399 1.00000 
373.69501 1.00000 
375.09299 1.00000 
376.11600 1.00000 
376.86899 1.00000 
376.91699 1.00000 
376.46701 1.00000 
376.37100 1.00000 
375.85501 1.00000 
375.20599 1.00000 
374.69400 1.00000 
374.37799 1.00000 
373.52600 1.00000 
372.34000 1.00000 
370.85800 1.00000 
368.56299 1.00000 
366.15201 1.00000 
366.01501 1.00000 
366.65500 1.00000 
366.82101 1.00000 
363.73700 1.00000 
364.19699 1.00000 
358.92599 1.00000 
363.77100 1.00000 
373.17200 1.00000 
366.49899 1.00000 
367.10101 1.00000 
352.54300 1.00000 
361.44501 1.00000 
336.53799 1.00000 
325.79999 1.00000 
293.58401 1.00000 
294.96701 1.00000 
293.50900 1.00000 
292.65500 1.00000 
293.65100 1.00000 
293.30499 1.00000 
293.32901 1.00000 
294.10400 1.00000 
293.89600 1.00000 
294.08301 1.00000 
294.02802 1.00000 
293.96701 1.00000 
294.17599 1.00000 
294.15900 1.00000 
294.38501 1.00000 
294.37000 1.00000 
294.34399 1.00000 
294.38000 1.00000 
294.45001 1.00000 
294.44901 1.00000 
294.30399 1.00000 
294.12799 1.00000 
294.24799 1.00000 
294.35400 1.00000 
294.25101 1.00000 
293.85501 1.00000 
293.40601 1.00000 
292.79401 1.00000 
292.12500 1.00000 
291.75000 1.00000 
289.43500 1.00000 
286.37601 1.00000 
284.75000 1.00000 
287.23300 1.00000 
289.17401 1.00000 
290.66101 1.00000 
290.48999 1.00000 
293.57101 1.00000 
293.75299 1.00000 
292.23599 1.00000 
291.86099 1.00000 
292.35501 1.00000 
293.25000 1.00000 
293.54901 1.00000 
293.72299 1.00000 
293.83701 1.00000 
294.11099 1.00000 
293.78201 1.00000 
293.73801 1.00000 
293.81299 1.00000 
293.72299 1.00000 
293.60199 1.00000 
293.42899 1.00000 
293.45499 1.00000 
293.76801 1.00000 
293.95700 1.00000 
294.09500 1.00000 
294.27200 1.00000 
294.36600 1.00000 
294.53500 1.00000 
294.67099 1.00000 
294.48401 1.00000 
294.42200 1.00000 
294.29999 1.00000 
294.37900 1.00000 
294.19699 1.00000 
294.18301 1.00000 
294.07199 1.00000 
294.24500 1.00000 
294.26599 1.00000 
294.26999 1.00000 
294.33801 1.00000 
294.39401 1.00000 
294.41101 1.00000 
294.47699 1.00000 
294.47101 1.00000 
294.38000 1.00000 
294.14200 1.00000 
294.35199 1.00000 
294.16101 1.00000 
294.01401 1.00000 
294.15302 1.00000 
294.13101 1.00000 
294.13400 1.00000 
293.90601 1.00000 
293.81699 1.00000 
293.75601 1.00000 
293.54199 1.00000 
291.80600 1.00000 
291.64801 1.00000 
291.45499 1.00000 
293.91901 1.00000 
298.42401 1.00000 
292.92001 1.00000 
292.47501 1.00000 
293.31900 1.00000 
294.30200 1.00000 
294.03400 1.00000 
293.92001 1.00000 
294.54901 1.00000 
294.51999 1.00000 
294.80899 1.00000 
294.59299 1.00000 
294.58701 1.00000 
294.59799 1.00000 
294.71799 1.00000 
294.50800 1.00000 
294.56000 1.00000 
294.54999 1.00000 
294.51501 1.00000 
294.45001 1.00000 
294.61700 1.00000 
294.56299 1.00000 
294.75500 1.00000 
294.61099 1.00000 
294.59201 1.00000 
294.41400 1.00000 
294.53101 1.00000 
294.57401 1.00000 
294.53299 1.00000 
294.43500 1.00000 
294.36401 1.00000 
294.45801 1.00000 
294.41199 1.00000 
294.25299 1.00000 
294.18900 1.00000 
294.01999 1.00000 
294.18600 1.00000 
294.11499 1.00000 
294.01501 1.00000 
294.14099 1.00000 
294.08499 1.00000 
293.98999 1.00000 
293.91800 1.00000 
294.21600 1.00000 
294.15701 1.00000 
293.99701 1.00000 
293.98901 1.00000 
294.04800 1.00000 
293.90900 1.00000 
294.15601 1.00000 
294.03799 1.00000 
294.09299 1.00000 
294.20200 1.00000 
294.12799 1.00000 
294.19400 1.00000 
294.36099 1.00000 
294.13599 1.00000 
294.11700 1.00000 
294.03799 1.00000 
294.02301 1.00000 
294.14099 1.00000 
294.39899 1.00000 
294.24799 1.00000 
294.16101 1.00000 
294.28400 1.00000 
294.20901 1.00000 
294.29099 1.00000 
294.29700 1.00000 
294.30301 1.00000 
294.24799 1.00000 
294.11499 1.00000 
293.81400 1.00000 
294.30099 1.00000 
294.23099 1.00000 
294.28101 1.00000 
293.68201 1.00000 
293.91599 1.00000 
294.10501 1.00000 
293.81900 1.00000 
294.42401 1.00000 
294.36099 1.00000 
294.26801 1.00000 
294.16800 1.00000 
293.92499 1.00000 
293.90900 1.00000 
294.61499 1.00000 
294.13101 1.00000 
293.84698 1.00000 
293.93900 1.00000 
293.95200 1.00000 
293.16599 1.00000 
293.86700 1.00000 
294.00699 1.00000 
295.39200 1.00000 
297.14499 1.00000 
295.53000 1.00000 
292.26501 1.00000 
292.53799 1.00000 
290.89899 1.00000 
293.70599 1.00000 
282.64099 1.00000 
283.45300 1.00000 
284.54501 1.00000 
283.45200 1.00000 
285.11200 1.00000 
286.07599 1.00000 
287.87900 1.00000 
288.98599 1.00000 
290.11200 1.00000 
291.26199 1.00000 
292.66901 1.00000 
292.44101 1.00000 
292.59500 1.00000 
293.01401 1.00000 
293.69800 1.00000 
293.62701 1.00000 
293.69699 1.00000 
293.99301 1.00000 
294.25800 1.00000 
294.14700 1.00000 
294.09601 1.00000 
294.04599 1.00000 
294.25400 1.00000 
294.33600 1.00000 
294.24301 1.00000 
294.22000 1.00000 
294.23499 1.00000 
294.37399 1.00000 
294.42001 1.00000 
294.48901 1.00000 
294.32401 1.00000 
294.32599 1.00000 
294.10001 1.00000 
294.08301 1.00000 
293.46799 1.00000 
293.18100 1.00000 
292.67599 1.00000 
292.47800 1.00000 
291.77301 1.00000 
291.57501 1.00000 
292.26599 1.00000 
295.63101 1.00000 
294.99600 1.00000 
293.64499 1.00000 
295.51901 1.00000 
294.72699 1.00000 
295.17300 1.00000 
293.66400 1.00000 
293.94901 1.00000 
293.75400 1.00000 
292.56100 1.00000 
292.91599 1.00000 
294.25800 1.00000 
293.75400 1.00000 
293.12799 1.00000 
292.85001 1.00000 
293.58200 1.00000 
293.55701 1.00000 
294.18799 1.00000 
294.08600 1.00000 
294.16800 1.00000 
294.24899 1.00000 
294.62900 1.00000 
294.53000 1.00000 
294.64001 1.00000 
294.50900 1.00000 
294.60901 1.00000 
294.67899 1.00000 
294.67300 1.00000 
294.67801 1.00000 
294.74899 1.00000 
294.84500 1.00000 
294.75800 1.00000 
294.78601 1.00000 
294.83701 1.00000 
294.84900 1.00000 
294.95599 1.00000 
295.00800 1.00000 
295.03900 1.00000 
295.04999 1.00000 
295.01801 1.00000 
294.97900 1.00000 
294.97900 1.00000 
294.98700 1.00000 
294.85699 1.00000 
294.72800 1.00000 
294.70300 1.00000 
294.68100 1.00000 
294.58600 1.00000 
294.46201 1.00000 
294.38800 1.00000 
294.27200 1.00000 
294.23401 1.00000 
294.15900 1.00000 
294.84201 1.00000 
293.91599 1.00000 
289.61801 1.00000 
294.59900 1.00000 
300.62399 1.00000 
309.84201 1.00000 
299.50601 1.00000 
303.86899 1.00000 
335.83899 1.00000 
335.72501 1.00000 
336.55801 1.00000 
336.99799 1.00000 
336.23499 1.00000 
337.29999 1.00000 
334.83701 1.00000 
336.19199 1.00000 
335.50400 1.00000 
336.07001 1.00000 
336.68701 1.00000 
335.33401 1.00000 
337.06000 1.00000 
335.29199 1.00000 
337.11801 1.00000 
336.04901 1.00000 
336.37399 1.00000 
337.09698 1.00000 
335.89801 1.00000 
337.85800 1.00000 
335.79901 1.00000 
337.52399 1.00000 
336.23199 1.00000 
336.44400 1.00000 
337.01700 1.00000 
336.07300 1.00000 
337.76099 1.00000 
335.80701 1.00000 
337.35699 1.00000 
336.04001 1.00000 
336.56000 1.00000 
336.54401 1.00000 
334.66199 1.00000 
337.20801 1.00000 
341.23901 1.00000 
361.35101 1.00000 
348.92801 1.00000 
326.30301 1.00000 
331.43600 1.00000 
359.37000 1.00000 
362.86700 1.00000 
364.30701 1.00000 
363.18399 1.00000 
363.85999 1.00000 
365.51300 1.00000 
367.79599 1.00000 
371.23099 1.00000 
372.91501 1.00000 
373.37201 1.00000 
374.80801 1.00000 
375.19199 1.00000 
375.90900 1.00000 
376.96799 1.00000 
377.63800 1.00000 
377.75299 1.00000 
377.91400 1.00000 
378.02701 1.00000 
377.69101 1.00000 
377.45901 1.00000 
377.20700 1.00000 
376.80499 1.00000 
376.56601 1.00000 
376.20999 1.00000 
376.01901 1.00000 
376.10101 1.00000 
376.25000 1.00000 
376.59900 1.00000 
376.85101 1.00000 
377.10999 1.00000 
377.37201 1.00000 
377.27701 1.00000 
377.28699 1.00000 
377.58401 1.00000 
377.52200 1.00000 
377.29901 1.00000 
377.74100 1.00000 
377.81100 1.00000 
380.26801 1.00000 
386.38800 1.00000 
391.95001 1.00000 
394.24200 1.00000 
393.16901 1.00000 
391.20099 1.00000 
389.38800 1.00000 
361.49200 1.00000 
375.54099 1.00000 
394.24799 1.00000 
395.61301 1.00000 
382.48199 1.00000 
388.69901 1.00000 
393.31000 1.00000 
396.03601 1.00000 
398.01599 1.00000 
400.35901 1.00000 
401.02499 1.00000 
400.57001 1.00000 
399.33899 1.00000 
399.54199 1.00000 
399.87701 1.00000 
399.73999 1.00000 
398.93301 1.00000 
397.84900 1.00000 
396.86099 1.00000 
396.06799 1.00000 
395.37799 1.00000 
394.60999 1.00000 
393.70599 1.00000 
392.44299 1.00000 
391.49399 1.00000 
389.89999 1.00000 
387.61499 1.00000 
388.95599 1.00000 
389.65601 1.00000 
389.82300 1.00000 
389.78601 1.00000 
390.98499 1.00000 
391.73001 1.00000 
392.03201 1.00000 
392.89499 1.00000 
393.71301 1.00000 
394.70901 1.00000 
394.61801 1.00000 
397.57300 1.00000 
391.56699 1.00000 
391.20200 1.00000 
402.57800 1.00000 
404.20300 1.00000 
414.60901 1.00000 
414.48199 1.00000 
405.81000 1.00000 
402.12299 1.00000 
398.40799 1.00000 
396.32999 1.00000 
396.34399 1.00000 
395.37601 1.00000 
399.66000 1.00000 
408.80301 1.00000 
415.64999 1.00000 
416.13000 1.00000 
427.17001 1.00000 
427.11200 1.00000 
427.34698 1.00000 
428.63400 1.00000 
430.15302 1.00000 
439.04199 1.00000 
438.94000 1.00000 
439.07401 1.00000 
439.82800 1.00000 
442.39301 1.00000 
439.19800 1.00000 
442.01901 1.00000 
442.26901 1.00000 
442.75400 1.00000 
442.28799 1.00000 
439.33801 1.00000 
439.46100 1.00000 
0.00000 0.00000 
442.58701 1.00000 
441.92200 1.00000 
442.10800 1.00000 
442.08701 1.00000 
442.19400 1.00000 
441.63300 1.00000 
439.58401 1.00000 
441.82800 1.00000 
0.00000 0.00000 
441.68600 1.00000 
441.30499 1.00000 
430.24100 1.00000 
439.17499 1.00000 
441.31500 1.00000 
437.03699 1.00000 
442.35599 1.00000 
446.93900 1.00000 
445.97101 1.00000 
446.52899 1.00000 
438.93399 1.00000 
0.00000 0.00000 
442.29099 1.00000 
441.89600 1.00000 
439.46500 1.00000 
435.06699 1.00000 
442.61700 1.00000 
464.47601 1.00000 
497.59601 1.00000 
496.27701 1.00000 
499.32199 1.00000 
499.92499 1.00000 
500.13501 1.00000 
501.47400 1.00000 
500.38699 1.00000 
501.12201 1.00000 
500.90399 1.00000 
500.45499 1.00000 
501.27399 1.00000 
500.64301 1.00000 
500.99799 1.00000 
501.20901 1.00000 
500.50601 1.00000 
501.63501 1.00000 
500.36600 1.00000 
501.24600 1.00000 
500.95001 1.00000 
500.42599 1.00000 
501.51199 1.00000 
500.31900 1.00000 
501.41599 1.00000 
500.91800 1.00000 
500.17401 1.00000 
501.54199 1.00000 
500.07901 1.00000 
501.46399 1.00000 
500.89899 1.00000 
499.37201 1.00000 
498.32501 1.00000 
499.83200 1.00000 
492.01599 1.00000 
497.82800 1.00000 
499.36401 1.00000 
0.00000 0.00000 
0.00000 0.00000 
0.00000 0.00000 
581.04797 1.00000 
555.73602 1.00000 
566.21997 1.00000 
552.16803 1.00000 
572.92798 1.00000 
580.62598 1.00000 
576.22803 1.00000 
577.48401 1.00000 
576.74402 1.00000 
577.40601 1.00000 
586.26398 1.00000 
594.22601 1.00000 
594.88000 1.00000 
594.17700 1.00000 
591.89600 1.00000 
589.10797 1.00000 
586.09802 1.00000 
585.61700 1.00000 
586.44098 1.00000 
587.30200 1.00000 
588.05701 1.00000 
588.73199 1.00000 
590.59399 1.00000 
593.59302 1.00000 
597.83301 1.00000 
601.93402 1.00000 
602.13501 1.00000 
603.32397 1.00000 
605.93597 1.00000 
605.86603 1.00000 
605.50598 1.00000 
606.71301 1.00000 
607.57098 1.00000 
608.21301 1.00000 
609.99402 1.00000 
607.05402 1.00000 
602.82501 1.00000 
599.82300 1.00000 
597.38202 1.00000 
595.82599 1.00000 
593.82703 1.00000 
594.00299 1.00000 
594.90100 1.00000 
591.86200 1.00000 
585.21600 1.00000 
567.94000 1.00000 
542.74597 1.00000 
542.76099 1.00000 
553.40198 1.00000 
564.82202 1.00000 
578.91803 1.00000 
578.56799 1.00000 
589.79797 1.00000 
534.45203 1.00000 
526.27100 1.00000 
527.75598 1.00000 
527.50299 1.00000 
527.91998 1.00000 
527.40399 1.00000 
527.99701 1.00000 
528.83197 1.00000 
528.42902 1.00000 
528.18799 1.00000 
528.34900 1.00000 
528.79199 1.00000 
528.63898 1.00000 
528.68799 1.00000 
528.60199 1.00000 
528.69598 1.00000 
528.70697 1.00000 
528.87097 1.00000 
528.67798 1.00000 
528.77600 1.00000 
528.82202 1.00000 
528.95099 1.00000 
528.65900 1.00000 
528.44397 1.00000 
528.51599 1.00000 
528.17297 1.00000 
527.84497 1.00000 
527.36298 1.00000 
525.90100 1.00000 
524.90900 1.00000 
522.87598 1.00000 
518.19202 1.00000 
512.66498 1.00000 
507.50400 1.00000 
505.53601 1.00000 
502.42001 1.00000 
510.08600 1.00000 
508.89099 1.00000 
517.36700 1.00000 
525.03802 1.00000 
497.27899 1.00000 
498.53299 1.00000 
496.80399 1.00000 
497.12399 1.00000 
500.41901 1.00000 
501.61499 1.00000 
502.22601 1.00000 
502.10101 1.00000 
502.28900 1.00000 
503.17099 1.00000 
502.54599 1.00000 
501.88901 1.00000 
502.45901 1.00000 
502.90799 1.00000 
502.84500 1.00000 
502.51801 1.00000 
502.72601 1.00000 
503.17401 1.00000 
503.18799 1.00000 
503.08401 1.00000 
502.87201 1.00000 
503.29800 1.00000 
503.29599 1.00000 
503.90100 1.00000 
503.82901 1.00000 
503.88000 1.00000 
504.00400 1.00000 
504.51199 1.00000 
504.10300 1.00000 
504.13101 1.00000 
503.96799 1.00000 
504.10001 1.00000 
503.92999 1.00000 
503.95099 1.00000 
503.37601 1.00000 
503.21399 1.00000 
502.64301 1.00000 
502.47198 1.00000 
503.14200 1.00000 
503.68100 1.00000 
503.06000 1.00000 
501.27301 1.00000 
497.18900 1.00000 
494.89099 1.00000 
488.41501 1.00000 
443.39401 1.00000 
435.40302 1.00000 
427.62100 1.00000 
0.00000 0.00000 
0.00000 0.00000 
0.00000 0.00000 
0.00000 0.00000 
412.90302 1.00000 
420.61499 1.00000 
432.55499 1.00000 
437.85901 1.00000 
441.04300 1.00000 
441.98999 1.00000 
440.88901 1.00000 
440.54001 1.00000 
441.07800 1.00000 
442.04401 1.00000 
441.89801 1.00000 
441.16699 1.00000 
441.44400 1.00000 
442.26901 1.00000 
442.26700 1.00000 
442.24200 1.00000 
441.92499 1.00000 
442.06799 1.00000 
442.48599 1.00000 
442.32001 1.00000 
442.12399 1.00000 
441.94601 1.00000 
442.19199 1.00000 
442.11700 1.00000 
441.93399 1.00000 
441.73499 1.00000 
441.79300 1.00000 
442.10300 1.00000 
442.14001 1.00000 
441.82901 1.00000 
441.93301 1.00000 
441.90201 1.00000 
441.92001 1.00000 
441.86401 1.00000 
441.68799 1.00000 
441.90100 1.00000 
442.04901 1.00000 
442.11301 1.00000 
442.02600 1.00000 
442.00000 1.00000 
442.04700 1.00000 
442.12701 1.00000 
442.17700 1.00000 
442.02600 1.00000 
441.97699 1.00000 
442.10901 1.00000 
442.06100 1.00000 
441.83899 1.00000 
441.91501 1.00000 
441.87601 1.00000 
442.06900 1.00000 
442.04800 1.00000 
442.24799 1.00000 
442.05600 1.00000 
441.94800 1.00000 
442.07901 1.00000 
442.12701 1.00000 
442.15900 1.00000 
442.29099 1.00000 
442.13000 1.00000 
442.26001 1.00000 
442.16901 1.00000 
442.23999 1.00000 
442.03900 1.00000 
442.09698 1.00000 
442.13901 1.00000 
442.06500 1.00000 
442.07199 1.00000 
442.05899 1.00000 
442.00699 1.00000 
442.24701 1.00000 
442.02301 1.00000 
441.83301 1.00000 
441.89499 1.00000 
442.06500 1.00000 
441.98401 1.00000 
441.98300 1.00000 
441.79199 1.00000 
441.62000 1.00000 
441.98099 1.00000 
428.73901 1.00000 
438.82700 1.00000 
442.52200 1.00000 
439.02100 1.00000 
438.76501 1.00000 
437.26001 1.00000 
438.69699 1.00000 
444.81601 1.00000 
485.19601 1.00000 
497.54401 1.00000 
500.11200 1.00000 
501.41501 1.00000 
502.33899 1.00000 
503.00201 1.00000 
503.53900 1.00000 
503.59100 1.00000 
503.75500 1.00000 
503.01901 1.00000 
503.60501 1.00000 
508.66101 1.00000 
514.26599 1.00000 
518.98102 1.00000 
526.49103 1.00000 
522.28998 1.00000 
521.35901 1.00000 
520.50702 1.00000 
528.23102 1.00000 
0.00000 0.00000 
0.00000 0.00000 
530.29999 1.00000 
531.80701 1.00000 
531.11798 1.00000 
530.22400 1.00000 
531.87299 1.00000 
532.91101 1.00000 
533.84601 1.00000 
533.66602 1.00000 
548.20599 1.00000 
580.51703 1.00000 
589.01300 1.00000 
592.86798 1.00000 
588.50598 1.00000 
564.04999 1.00000 
564.38397 1.00000 
0.00000 0.00000 
0.00000 0.00000 
0.00000 0.00000 
0.00000 0.00000 
0.00000 0.00000 
580.89697 1.00000 
590.82703 1.00000 
597.10999 1.00000 
604.65601 1.00000 
607.41400 1.00000 
608.25800 1.00000 
607.83600 1.00000 
606.87701 1.00000 
605.21899 1.00000 
603.42401 1.00000 
602.07202 1.00000 
602.31799 1.00000 
601.94397 1.00000 
600.55402 1.00000 
598.67798 1.00000 
595.80402 1.00000 
592.49701 1.00000 
591.20398 1.00000 
591.04700 1.00000 
591.12097 1.00000 
591.39697 1.00000 
591.88000 1.00000 
593.31299 1.00000 
595.47900 1.00000 
597.54498 1.00000 
599.23102 1.00000 
600.54303 1.00000 
601.86603 1.00000 
605.74799 1.00000 
609.05103 1.00000 
607.67700 1.00000 
609.24799 1.00000 
612.20599 1.00000 
611.21198 1.00000 
611.11298 1.00000 
611.31000 1.00000 
610.47803 1.00000 
609.84698 1.00000 
609.20099 1.00000 
609.02100 1.00000 
609.20801 1.00000 
609.54303 1.00000 
609.37097 1.00000 
607.02100 1.00000 
604.28003 1.00000 
600.86401 1.00000 
598.11499 1.00000 
594.74902 1.00000 
591.15503 1.00000 
624.94702 1.00000 
668.63098 1.00000 
670.93799 1.00000 
674.54401 1.00000 
678.68500 1.00000 
678.89301 1.00000 
682.30200 1.00000 
682.33197 1.00000 
685.10498 1.00000 
684.06299 1.00000 
686.39001 1.00000 
685.57703 1.00000 
686.59900 1.00000 
685.50800 1.00000 
686.45801 1.00000 
684.51202 1.00000 
686.05902 1.00000 
685.55499 1.00000 
686.60901 1.00000 
685.28101 1.00000 
686.07703 1.00000 
686.11401 1.00000 
685.85400 1.00000 
685.62201 1.00000 
686.26202 1.00000 
685.80701 1.00000 
686.08197 1.00000 
685.81000 1.00000 
685.76202 1.00000 
684.76801 1.00000 
684.75000 1.00000 
683.83600 1.00000 
683.60400 1.00000 
681.88397 1.00000 
680.70697 1.00000 
679.16101 1.00000 
672.53900 1.00000 
671.73102 1.00000 
672.51801 1.00000 
0.00000 0.00000 
0.00000 0.00000 
0.00000 0.00000 
0.00000 0.00000 
605.22699 1.00000 
609.25897 1.00000 
610.50702 1.00000 
611.28400 1.00000 
610.32397 1.00000 
608.60602 1.00000 
607.02802 1.00000 
604.78003 1.00000 
601.90802 1.00000 
598.46002 1.00000 
596.15399 1.00000 
595.53400 1.00000 
594.62000 1.00000 
593.18402 1.00000 
590.90002 1.00000 
590.37000 1.00000 
0.00000 0.00000 
591.81702 1.00000 
593.56201 1.00000 
594.62799 1.00000 
595.29498 1.00000 
596.64899 1.00000 
597.55402 1.00000 
598.71503 1.00000 
600.38599 1.00000 
602.99500 1.00000 
606.78003 1.00000 
607.32599 1.00000 
607.48401 1.00000 
609.55798 1.00000 
610.79102 1.00000 
607.75598 1.00000 
607.23999 1.00000 
606.93799 1.00000 
604.91302 1.00000 
602.46503 1.00000 
600.65399 1.00000 
599.61200 1.00000 
599.14398 1.00000 
598.42401 1.00000 
598.88898 1.00000 
597.47101 1.00000 
594.67401 1.00000 
594.00702 1.00000 
583.50000 1.00000 
517.28699 1.00000 
525.31201 1.00000 
527.57599 1.00000 
528.80798 1.00000 
530.17999 1.00000 
530.32898 1.00000 
530.55603 1.00000 
530.78101 1.00000 
530.68597 1.00000 
530.62799 1.00000 
530.44397 1.00000 
530.52600 1.00000 
530.50098 1.00000 
530.50201 1.00000 
530.57898 1.00000 
530.65002 1.00000 
530.69000 1.00000 
530.60101 1.00000 
530.52899 1.00000 
530.43103 1.00000 
530.62598 1.00000 
530.59998 1.00000 
530.45697 1.00000 
530.43402 1.00000 
530.53302 1.00000 
530.54999 1.00000 
530.64099 1.00000 
530.66699 1.00000 
530.82599 1.00000 
530.77100 1.00000 
530.85303 1.00000 
530.69397 1.00000 
530.74402 1.00000 
530.42401 1.00000 
530.42999 1.00000 
530.34497 1.00000 
530.01099 1.00000 
529.42297 1.00000 
528.94598 1.00000 
528.00702 1.00000 
527.13000 1.00000 
526.08698 1.00000 
524.83301 1.00000 
522.47699 1.00000 
522.79901 1.00000 
525.21802 1.00000 
524.91400 1.00000 
522.72302 1.00000 
512.85199 1.00000 
505.37000 1.00000 
497.04300 1.00000 
495.66000 1.00000 
496.75699 1.00000 
498.00000 1.00000 
498.48901 1.00000 
498.86099 1.00000 
498.91800 1.00000 
499.84900 1.00000 
499.98300 1.00000 
499.96301 1.00000 
500.04700 1.00000 
500.20801 1.00000 
500.39099 1.00000 
500.07999 1.00000 
500.01300 1.00000 
499.99701 1.00000 
500.29901 1.00000 
500.12799 1.00000 
500.12000 1.00000 
500.31799 1.00000 
500.72601 1.00000 
500.46899 1.00000 
500.09500 1.00000 
500.26599 1.00000 
500.38101 1.00000 
500.23599 1.00000 
500.32300 1.00000 
500.26700 1.00000 
500.85699 1.00000 
500.49399 1.00000 
500.29501 1.00000 
500.51099 1.00000 
500.63400 1.00000 
500.30200 1.00000 
499.55099 1.00000 
499.40900 1.00000 
498.97198 1.00000 
498.59299 1.00000 
497.14200 1.00000 
495.93799 1.00000 
494.86099 1.00000 
496.12299 1.00000 
493.59299 1.00000 
492.99799 1.00000 
447.30099 1.00000 
433.86700 1.00000 
437.35999 1.00000 
438.69601 1.00000 
440.14401 1.00000 
440.57401 1.00000 
440.94901 1.00000 
441.41101 1.00000 
441.85400 1.00000 
441.80399 1.00000 
441.80099 1.00000 
441.67499 1.00000 
442.02802 1.00000 
442.15900 1.00000 
442.19400 1.00000 
442.08600 1.00000 
441.93701 1.00000 
442.15799 1.00000 
442.13101 1.00000 
442.14499 1.00000 
442.08499 1.00000 
441.89301 1.00000 
442.14499 1.00000 
442.25601 1.00000 
442.22800 1.00000 
442.39600 1.00000 
442.09201 1.00000 
442.33200 1.00000 
442.05899 1.00000 
442.11200 1.00000 
442.06601 1.00000 
441.93201 1.00000 
442.09399 1.00000 
441.95401 1.00000 
441.88800 1.00000 
441.97000 1.00000 
430.05301 1.00000 
438.53500 1.00000 
429.56500 1.00000 
428.87201 1.00000 
428.13400 1.00000 
440.07999 1.00000 
439.02701 1.00000 
435.83200 1.00000 
427.34000 1.00000 
395.70499 1.00000 
400.46701 1.00000 
402.52600 1.00000 
400.16101 1.00000 
397.34601 1.00000 
401.84000 1.00000 
405.18201 1.00000 
404.22198 1.00000 
399.01099 1.00000 
395.63400 1.00000 
396.51401 1.00000 
395.99600 1.00000 
392.42099 1.00000 
390.84000 1.00000 
391.53601 1.00000 
388.25800 1.00000 
387.22699 1.00000 
387.56601 1.00000 
388.67499 1.00000 
389.62299 1.00000 
390.68201 1.00000 
394.27600 1.00000 
394.30499 1.00000 
397.28500 1.00000 
398.90399 1.00000 
399.10800 1.00000 
398.39801 1.00000 
396.31000 1.00000 
396.00201 1.00000 
395.89999 1.00000 
397.12100 1.00000 
398.48199 1.00000 
397.85699 1.00000 
397.70401 1.00000 
397.85400 1.00000 
397.53900 1.00000 
398.52899 1.00000 
399.90100 1.00000 
400.43301 1.00000 
399.00800 1.00000 
398.40900 1.00000 
398.23499 1.00000 
397.32700 1.00000 
396.85001 1.00000 
395.80701 1.00000 
392.44699 1.00000 
390.76999 1.00000 
388.24799 1.00000 
400.11700 1.00000 
407.93701 1.00000 
400.48001 1.00000 
394.10999 1.00000 
375.57800 1.00000 
373.69299 1.00000 
371.16800 1.00000 
373.16101 1.00000 
374.89999 1.00000 
374.73499 1.00000 
373.96701 1.00000 
372.32599 1.00000 
370.00601 1.00000 
368.99100 1.00000 
370.51001 1.00000 
372.05200 1.00000 
372.98099 1.00000 
373.26700 1.00000 
372.60999 1.00000 
371.62100 1.00000 
370.55301 1.00000 
370.27200 1.00000 
370.77499 1.00000 
371.63699 1.00000 
372.38699 1.00000 
372.38000 1.00000 
371.91901 1.00000 
371.10699 1.00000 
370.42599 1.00000 
370.38599 1.00000 
370.73999 1.00000 
371.53900 1.00000 
371.58401 1.00000 
371.15601 1.00000 
369.95401 1.00000 
368.10400 1.00000 
366.51801 1.00000 
366.02301 1.00000 
368.54700 1.00000 
365.46899 1.00000 
357.10501 1.00000 
349.78400 1.00000 
353.10501 1.00000 
377.94901 1.00000 
374.75299 1.00000 
362.91699 1.00000 
364.53400 1.00000 
368.41400 1.00000 
374.34000 1.00000 
389.75500 1.00000 
381.17700 1.00000 
329.89801 1.00000 
330.14200 1.00000 
328.98801 1.00000 
328.77399 1.00000 
329.79501 1.00000 
331.72501 1.00000 
333.22299 1.00000 
332.88300 1.00000 
332.89499 1.00000 
333.11200 1.00000 
333.17499 1.00000 
332.74799 1.00000 
332.50400 1.00000 
332.50101 1.00000 
332.37299 1.00000 
332.66599 1.00000 
332.88400 1.00000 
332.99600 1.00000 
333.25800 1.00000 
333.24200 1.00000 
333.31299 1.00000 
333.47900 1.00000 
333.33401 1.00000 
333.41299 1.00000 
333.59100 1.00000 
333.43500 1.00000 
333.41000 1.00000 
333.60101 1.00000 
333.47101 1.00000 
333.58899 1.00000 
333.74200 1.00000 
333.69800 1.00000 
333.75400 1.00000 
333.90701 1.00000 
333.60300 1.00000 
333.48499 1.00000 
333.53101 1.00000 
333.34500 1.00000 
333.47601 1.00000 
333.52899 1.00000 
333.56299 1.00000 
333.48401 1.00000 
333.59799 1.00000 
333.53799 1.00000 
333.42401 1.00000 
333.54599 1.00000 
333.68100 1.00000 
333.93500 1.00000 
335.18500 1.00000 
0.00000 0.00000 
0.00000 0.00000 
527.38300 1.00000 
528.82397 1.00000 
528.65503 1.00000 
528.60400 1.00000 
526.83099 1.00000 
525.37903 1.00000 
524.01599 1.00000 
523.11102 1.00000 
521.53302 1.00000 
520.92999 1.00000 
519.50598 1.00000 
518.88000 1.00000 
518.26501 1.00000 
518.76501 1.00000 
519.83197 1.00000 
520.54401 1.00000 
521.65503 1.00000 
522.47198 1.00000 
523.82599 1.00000 
525.53198 1.00000 
526.51599 1.00000 
527.76300 1.00000 
530.81403 1.00000 
534.98700 1.00000 
538.04602 1.00000 
538.33600 1.00000 
538.34802 1.00000 
537.41400 1.00000 
535.61798 1.00000 
535.31299 1.00000 
534.69800 1.00000 
533.09100 1.00000 
530.99103 1.00000 
528.97803 1.00000 
527.60999 1.00000 
525.82098 1.00000 
522.96503 1.00000 
520.51898 1.00000 
519.16803 1.00000 
517.28497 1.00000 
516.03699 1.00000 
515.56598 1.00000 
516.22101 1.00000 
518.04901 1.00000 
519.21802 1.00000 
520.12402 1.00000 
521.17297 1.00000 
522.23102 1.00000 
523.39502 1.00000 
524.42401 1.00000 
525.24500 1.00000 
526.16901 1.00000 
527.92401 1.00000 
530.26099 1.00000 
532.46399 1.00000 
533.80200 1.00000 
535.26202 1.00000 
535.62299 1.00000 
535.15198 1.00000 
534.70300 1.00000 
534.16602 1.00000 
534.75500 1.00000 
535.10797 1.00000 
535.03601 1.00000 
534.45898 1.00000 
534.24799 1.00000 
533.68103 1.00000 
532.38599 1.00000 
531.74298 1.00000 
531.60901 1.00000 
530.92297 1.00000 
530.33899 1.00000 
531.30200 1.00000 
531.17102 1.00000 
529.87701 1.00000 
532.19501 1.00000 
534.62903 1.00000 
555.60498 1.00000 
568.59497 1.00000 
571.90198 1.00000 
288.02600 1.00000 
286.35001 1.00000 
287.05499 1.00000 
285.95999 1.00000 
283.32401 1.00000 
280.72601 1.00000 
283.93399 1.00000 
0.00000 0.00000 
0.00000 0.00000 
0.00000 0.00000 
0.00000 0.00000 
284.47699 1.00000 
286.85901 1.00000 
288.93701 1.00000 
291.06799 1.00000 
293.86301 1.00000 
294.33499 1.00000 
293.72501 1.00000 
294.45401 1.00000 
294.87000 1.00000 
294.35101 1.00000 
294.43600 1.00000 
294.21201 1.00000 
293.40399 1.00000 
293.42700 1.00000 
292.79999 1.00000 
290.73499 1.00000 
291.04199 1.00000 
293.72299 1.00000 
293.74899 1.00000 
0.00000 0.00000 
0.00000 0.00000 
0.00000 0.00000 
0.00000 0.00000 
0.00000 0.00000 
0.00000 0.00000 
293.20599 1.00000 
295.05399 1.00000 
294.20401 1.00000 
294.20801 1.00000 
293.51801 1.00000 
294.10599 1.00000 
292.99399 1.00000 
294.38501 1.00000 
293.29199 1.00000 
293.33801 1.00000 
292.28400 1.00000 
292.04300 1.00000 
292.46701 1.00000 
294.16000 1.00000 
289.72501 1.00000 
283.31699 1.00000 
258.10001 1.00000 
263.84900 1.00000 
290.33200 1.00000 
290.74701 1.00000 
291.49399 1.00000 
292.89099 1.00000 
294.48599 1.00000 
293.56100 1.00000 
293.59399 1.00000 
294.07901 1.00000 
295.10001 1.00000 
294.61301 1.00000 
294.65500 1.00000 
293.91699 1.00000 
294.03000 1.00000 
294.30701 1.00000 
294.32401 1.00000 
293.75601 1.00000 
293.83701 1.00000 
293.43900 1.00000 
293.40799 1.00000 
293.63199 1.00000 
293.82501 1.00000 
293.51099 1.00000 
294.01401 1.00000 
294.01901 1.00000 
294.03500 1.00000 
294.15100 1.00000 
294.41299 1.00000 
293.99701 1.00000 
294.01999 1.00000 
293.98401 1.00000 
293.62799 1.00000 
293.80801 1.00000 
294.04501 1.00000 
293.55701 1.00000 
293.82800 1.00000 
294.08600 1.00000 
293.88300 1.00000 
294.44000 1.00000 
296.23999 1.00000 
306.20001 1.00000 
308.05399 1.00000 
307.99799 1.00000 
303.82300 1.00000 
286.98801 1.00000 
296.31799 1.00000 
301.26801 1.00000 
291.81201 1.00000 
304.37100 1.00000 
326.99500 1.00000 
326.40799 1.00000 
331.37701 1.00000 
336.05301 1.00000 
334.15601 1.00000 
337.72601 1.00000 
337.58301 1.00000 
338.30301 1.00000 
338.34900 1.00000 
336.67001 1.00000 
338.38199 1.00000 
336.24500 1.00000 
338.74600 1.00000 
337.06699 1.00000 
337.73901 1.00000 
337.92401 1.00000 
338.43100 1.00000 
337.68900 1.00000 
337.47400 1.00000 
338.43600 1.00000 
337.06799 1.00000 
338.65799 1.00000 
337.07101 1.00000 
338.57800 1.00000 
337.51001 1.00000 
337.68500 1.00000 
338.02701 1.00000 
337.01401 1.00000 
338.23599 1.00000 
336.83899 1.00000 
338.17599 1.00000 
336.09201 1.00000 
337.19000 1.00000 
336.94299 1.00000 
333.78299 1.00000 
335.03000 1.00000 
332.33401 1.00000 
330.79599 1.00000 
0.00000 0.00000 
0.00000 0.00000 
0.00000 0.00000 
0.00000 0.00000 
375.12500 1.00000 
378.35901 1.00000 
378.67700 1.00000 
378.68201 1.00000 
378.30301 1.00000 
378.20401 1.00000 
379.17499 1.00000 
380.17401 1.00000 
380.88800 1.00000 
381.68799 1.00000 
382.38101 1.00000 
382.99100 1.00000 
383.06400 1.00000 
383.08701 1.00000 
382.85199 1.00000 
382.50400 1.00000 
381.89801 1.00000 
381.19901 1.00000 
380.89600 1.00000 
380.61301 1.00000 
380.29999 1.00000 
380.53699 1.00000 
380.84799 1.00000 
381.41501 1.00000 
382.11899 1.00000 
382.37799 1.00000 
382.59601 1.00000 
382.89401 1.00000 
382.96100 1.00000 
382.80200 1.00000 
381.94501 1.00000 
381.73599 1.00000 
381.22800 1.00000 
381.26700 1.00000 
381.36401 1.00000 
382.10599 1.00000 
382.25800 1.00000 
383.09900 1.00000 
387.17099 1.00000 
391.39301 1.00000 
392.95700 1.00000 
392.28201 1.00000 
391.60999 1.00000 
369.04300 1.00000 
376.93399 1.00000 
368.79199 1.00000 
394.43100 1.00000 
396.10101 1.00000 
398.70401 1.00000 
400.97198 1.00000 
401.52399 1.00000 
401.54199 1.00000 
402.44901 1.00000 
401.88000 1.00000 
402.13901 1.00000 
401.40302 1.00000 
400.45499 1.00000 
399.78000 1.00000 
398.88599 1.00000 
397.96899 1.00000 
396.81400 1.00000 
395.57501 1.00000 
394.63901 1.00000 
393.78299 1.00000 
392.99701 1.00000 
392.34799 1.00000 
392.12601 1.00000 
392.11600 1.00000 
391.86899 1.00000 
392.12100 1.00000 
392.10101 1.00000 
392.60101 1.00000 
393.86301 1.00000 
394.66501 1.00000 
395.58499 1.00000 
396.48199 1.00000 
396.84500 1.00000 
396.78699 1.00000 
396.74600 1.00000 
397.31601 1.00000 
397.59698 1.00000 
397.92200 1.00000 
398.20499 1.00000 
398.18600 1.00000 
397.94601 1.00000 
397.87399 1.00000 
398.21899 1.00000 
400.26700 1.00000 
402.02600 1.00000 
398.35300 1.00000 
396.37799 1.00000 
396.14001 1.00000 
396.09299 1.00000 
395.43500 1.00000 
394.75400 1.00000 
390.53900 1.00000 
396.83701 1.00000 
404.38199 1.00000 
402.85400 1.00000 
387.13199 1.00000 
426.81900 1.00000 
426.75500 1.00000 
426.92001 1.00000 
427.68701 1.00000 
427.44800 1.00000 
426.84900 1.00000 
432.60400 1.00000 
438.75400 1.00000 
441.84601 1.00000 
436.11200 1.00000 
435.69199 1.00000 
439.05701 1.00000 
443.50101 1.00000 
438.39099 1.00000 
438.47900 1.00000 
444.90201 1.00000 
445.12100 1.00000 
441.45901 1.00000 
441.31500 1.00000 
445.33200 1.00000 
446.60400 1.00000 
438.59601 1.00000 
441.86700 1.00000 
446.65701 1.00000 
447.11899 1.00000 
438.53299 1.00000 
440.53101 1.00000 
441.08600 1.00000 
440.29999 1.00000 
428.32800 1.00000 
0.00000 0.00000 
0.00000 0.00000 
0.00000 0.00000 
0.00000 0.00000 
386.22601 1.00000 
392.50800 1.00000 
397.96399 1.00000 
400.97400 1.00000 
401.59000 1.00000 
402.50800 1.00000 
401.69400 1.00000 
401.55099 1.00000 
401.63400 1.00000 
401.54599 1.00000 
401.12500 1.00000 
400.15201 1.00000 
399.21201 1.00000 
398.93399 1.00000 
399.28500 1.00000 
399.20300 1.00000 
398.83801 1.00000 
398.51099 1.00000 
398.20801 1.00000 
397.78400 1.00000 
397.67801 1.00000 
397.72400 1.00000 
397.67001 1.00000 
397.73001 1.00000 
397.97400 1.00000 
398.18600 1.00000 
398.58801 1.00000 
398.75000 1.00000 
398.82999 1.00000 
399.00000 1.00000 
399.34601 1.00000 
399.76001 1.00000 
399.75699 1.00000 
399.50000 1.00000 
399.23401 1.00000 
399.46500 1.00000 
399.72900 1.00000 
399.69699 1.00000 
399.42300 1.00000 
399.08099 1.00000 
399.00299 1.00000 
398.85300 1.00000 
398.44501 1.00000 
397.75500 1.00000 
397.92099 1.00000 
398.74200 1.00000 
398.51001 1.00000 
403.10999 1.00000 
393.27899 1.00000 
382.35901 1.00000 
389.95401 1.00000 
403.09601 1.00000 
378.95499 1.00000 
377.15701 1.00000 
375.16901 1.00000 
371.55099 1.00000 
368.74500 1.00000 
367.07401 1.00000 
368.66599 1.00000 
372.02200 1.00000 
373.13699 1.00000 
372.90500 1.00000 
371.63199 1.00000 
368.79199 1.00000 
365.56900 1.00000 
365.43900 1.00000 
369.24500 1.00000 
371.66901 1.00000 
372.86899 1.00000 
373.50900 1.00000 
373.76401 1.00000 
374.34399 1.00000 
375.85199 1.00000 
378.13101 1.00000 
379.10800 1.00000 
380.08401 1.00000 
380.49899 1.00000 
380.02100 1.00000 
379.51599 1.00000 
378.99600 1.00000 
378.15799 1.00000 
377.65500 1.00000 
377.03101 1.00000 
375.66501 1.00000 
374.72198 1.00000 
374.89001 1.00000 
376.43500 1.00000 
377.60400 1.00000 
376.44400 1.00000 
374.62201 1.00000 
370.84601 1.00000 
369.39001 1.00000 
373.02499 1.00000 
385.73199 1.00000 
378.07501 1.00000 
392.79800 1.00000 
354.14499 1.00000 
389.70401 1.00000 
391.37201 1.00000 
395.32999 1.00000 
287.10501 1.00000 
286.11801 1.00000 
286.51801 1.00000 
290.17899 1.00000 
289.80200 1.00000 
291.20599 1.00000 
291.55701 1.00000 
291.97299 1.00000 
292.87201 1.00000 
293.93201 1.00000 
294.45599 1.00000 
294.43600 1.00000 
294.07300 1.00000 
294.48801 1.00000 
294.39700 1.00000 
294.44199 1.00000 
294.19400 1.00000 
294.45999 1.00000 
294.39401 1.00000 
294.37799 1.00000 
294.18701 1.00000 
294.22601 1.00000 
294.25201 1.00000 
294.36401 1.00000 
294.30499 1.00000 
294.27100 1.00000 
294.28201 1.00000 
294.31299 1.00000 
294.21500 1.00000 
294.20401 1.00000 
294.05499 1.00000 
293.71201 1.00000 
293.03299 1.00000 
292.74799 1.00000 
292.06799 1.00000 
290.52802 1.00000 
288.99200 1.00000 
288.75101 1.00000 
292.46701 1.00000 
293.90399 1.00000 
291.35101 1.00000 
289.78201 1.00000 
289.00900 1.00000 
289.46100 1.00000 
291.35400 1.00000 
292.66400 1.00000 
292.79001 1.00000 
293.59100 1.00000 
293.99200 1.00000 
294.36401 1.00000 
294.20300 1.00000 
294.28900 1.00000 
294.31100 1.00000 
294.51001 1.00000 
294.33499 1.00000 
294.08499 1.00000 
294.14600 1.00000 
294.23999 1.00000 
294.26700 1.00000 
294.34900 1.00000 
294.69199 1.00000 
294.63800 1.00000 
294.66199 1.00000 
294.70200 1.00000 
294.71500 1.00000 
294.70401 1.00000 
294.56500 1.00000 
294.61099 1.00000 
294.54999 1.00000 
294.62100 1.00000 
294.63400 1.00000 
294.59900 1.00000 
294.55200 1.00000 
294.65601 1.00000 
294.73001 1.00000 
294.85400 1.00000 
294.77399 1.00000 
294.73001 1.00000 
294.63599 1.00000 
294.57700 1.00000 
294.47400 1.00000 
294.54800 1.00000 
294.52399 1.00000 
294.53900 1.00000 
294.61899 1.00000 
294.64600 1.00000 
294.60400 1.00000 
294.58499 1.00000 
294.52701 1.00000 
294.44400 1.00000 
294.47101 1.00000 
294.19199 1.00000 
293.60501 1.00000 
293.07300 1.00000 
292.47101 1.00000 
291.91299 1.00000 
293.49399 1.00000 
296.46201 1.00000 
300.07999 1.00000 
294.79001 1.00000 
291.78201 1.00000 
291.76501 1.00000 
291.69601 1.00000 
291.82901 1.00000 
293.21399 1.00000 
293.06500 1.00000 
293.66599 1.00000 
293.82401 1.00000 
294.00000 1.00000 
294.27499 1.00000 
294.10199 1.00000 
294.20300 1.00000 
294.32001 1.00000 
294.42300 1.00000 
294.40302 1.00000 
294.34000 1.00000 
294.35300 1.00000 
294.52301 1.00000 
294.45901 1.00000 
294.57199 1.00000 
294.56699 1.00000 
294.41800 1.00000 
294.51700 1.00000 
294.66400 1.00000 
294.65601 1.00000 
294.63101 1.00000 
294.61200 1.00000 
294.53101 1.00000 
294.67599 1.00000 
294.57800 1.00000 
294.44501 1.00000 
294.47601 1.00000 
294.59100 1.00000 
294.57001 1.00000 
294.55899 1.00000 
294.54099 1.00000 
294.54999 1.00000 
294.54501 1.00000 
294.51999 1.00000 
294.46600 1.00000 
294.54901 1.00000 
294.38501 1.00000 
294.48300 1.00000 
294.46301 1.00000 
294.46500 1.00000 
294.46100 1.00000 
294.51001 1.00000 
294.53400 1.00000 
294.47900 1.00000 
294.39200 1.00000 
294.47101 1.00000 
294.38501 1.00000 
294.39001 1.00000 
294.45801 1.00000 
294.49100 1.00000 
294.51700 1.00000 
294.39200 1.00000 
294.53799 1.00000 
294.54501 1.00000 
294.49899 1.00000 
294.54999 1.00000 
294.43500 1.00000 
294.33200 1.00000 
294.39499 1.00000 
294.42200 1.00000 
294.47900 1.00000 
294.51700 1.00000 
294.49301 1.00000 
294.37701 1.00000 
294.35800 1.00000 
294.43301 1.00000 
294.49500 1.00000 
294.43600 1.00000 
294.32300 1.00000 
294.38901 1.00000 
294.33301 1.00000 
294.33801 1.00000 
294.39301 1.00000 
294.33899 1.00000 
294.26599 1.00000 
294.44699 1.00000 
294.38000 1.00000 
294.50000 1.00000 
294.48999 1.00000 
294.40900 1.00000 
294.44800 1.00000 
294.53900 1.00000 
294.51700 1.00000 
294.57001 1.00000 
294.67801 1.00000 
294.52600 1.00000 
294.59601 1.00000 
294.74200 1.00000 
294.52899 1.00000 
294.79999 1.00000 
294.06400 1.00000 
294.48499 1.00000 
293.77701 1.00000 
294.55301 1.00000 
293.84900 1.00000 
294.58499 1.00000 
294.00299 1.00000 
294.24899 1.00000 
293.80200 1.00000 
293.99399 1.00000 
293.66000 1.00000 
293.82700 1.00000 
293.44000 1.00000 
293.57501 1.00000 
293.38199 1.00000 
293.34100 1.00000 
293.64001 1.00000 
293.34000 1.00000 
293.65399 1.00000 
292.97198 1.00000 
293.81500 1.00000 
293.00201 1.00000 
293.79901 1.00000 
292.80701 1.00000 
293.72699 1.00000 
292.96201 1.00000 
293.53201 1.00000 
293.29401 1.00000 
293.26501 1.00000 
292.94299 1.00000 
293.33099 1.00000 
292.95801 1.00000 
293.42300 1.00000 
293.05301 1.00000 
293.31900 1.00000 
293.21899 1.00000 
293.42099 1.00000 
292.73300 1.00000 
293.38699 1.00000 
293.01801 1.00000 
293.04099 1.00000 
293.20499 1.00000 
293.29300 1.00000 
292.65900 1.00000 
293.22400 1.00000 
293.00400 1.00000 
293.01099 1.00000 
293.19299 1.00000 
293.16800 1.00000 
293.02701 1.00000 
292.54401 1.00000 
292.65302 1.00000 
292.52499 1.00000 
293.36301 1.00000 
293.10501 1.00000 
292.81000 1.00000 
292.89600 1.00000 
293.27399 1.00000 
293.07599 1.00000 
292.86899 1.00000 
293.21100 1.00000 
293.00699 1.00000 
292.57401 1.00000 
292.88901 1.00000 
292.96500 1.00000 
293.46500 1.00000 
293.35001 1.00000 
292.75400 1.00000 
293.50601 1.00000 
293.44901 1.00000 
292.25299 1.00000 
293.15900 1.00000 
293.43201 1.00000 
292.35999 1.00000 
293.08801 1.00000 
293.61401 1.00000 
292.91699 1.00000 
293.25201 1.00000 
292.85101 1.00000 
293.47900 1.00000 
292.51001 1.00000 
292.85199 1.00000 
293.37500 1.00000 
293.89899 1.00000 
292.85400 1.00000 
293.07700 1.00000 
293.44199 1.00000 
293.98700 1.00000 
292.68900 1.00000 
293.49200 1.00000 
292.58401 1.00000 
292.21701 1.00000 
293.23300 1.00000 
293.45801 1.00000 
292.26099 1.00000 
292.93100 1.00000 
293.04001 1.00000 
293.47900 1.00000 
292.07599 1.00000 
294.12100 1.00000 
293.55701 1.00000 
292.58899 1.00000 
292.88000 1.00000 
293.84100 1.00000 
292.88000 1.00000 
293.36301 1.00000 
292.54300 1.00000 
292.51199 1.00000 
291.85300 1.00000 
292.13400 1.00000 
293.51501 1.00000 
294.28699 1.00000 
292.67200 1.00000 
292.20401 1.00000 
292.58200 1.00000 
292.84799 1.00000 
293.99301 1.00000 
293.48599 1.00000 
293.53799 1.00000 
293.61200 1.00000 
293.96301 1.00000 
293.14899 1.00000 
294.75299 1.00000 
293.32599 1.00000 
292.95001 1.00000 
292.59201 1.00000 
293.09698 1.00000 
291.94800 1.00000 
293.23700 1.00000 
293.10999 1.00000 
293.34799 1.00000 
292.50601 1.00000 
292.75800 1.00000 
292.18799 1.00000 
294.21100 1.00000 
292.83401 1.00000 
294.44299 1.00000 
292.92099 1.00000 
294.16800 1.00000 
290.92401 1.00000 
291.48001 1.00000 
292.15201 1.00000 
294.14700 1.00000 
292.05600 1.00000 
293.88800 1.00000 
294.02701 1.00000 
293.06299 1.00000 
292.35501 1.00000 
294.63599 1.00000 
293.48700 1.00000 
293.38501 1.00000 
295.54099 1.00000 
291.70700 1.00000 
292.25601 1.00000 
294.21799 1.00000 
294.61700 1.00000 
291.49200 1.00000 
294.17300 1.00000 
294.60599 1.00000 
291.34000 1.00000 
294.04599 1.00000 
293.12799 1.00000 
293.96301 1.00000 
294.87701 1.00000 
295.26801 1.00000 
292.78601 1.00000 
293.64600 1.00000 
293.00299 1.00000 
291.46600 1.00000 
296.85300 1.00000 
292.55899 1.00000 
291.68399 1.00000 
294.70200 1.00000 
292.54001 1.00000 
291.79401 1.00000 
293.11200 1.00000 
295.21201 1.00000 
294.28299 1.00000 
292.78799 1.00000 
292.45200 1.00000 
291.68500 1.00000 
292.23801 1.00000 
291.77600 1.00000 
293.59100 1.00000 
295.73199 1.00000 
294.06201 1.00000 
289.78500 1.00000 
291.84201 1.00000 
294.93301 1.00000 
291.81400 1.00000 
292.22000 1.00000 
293.29001 1.00000 
293.19199 1.00000 
292.26700 1.00000 
290.85501 1.00000 
294.75900 1.00000 
291.58301 1.00000 
291.11301 1.00000 
290.75601 1.00000 
290.95001 1.00000 
294.23401 1.00000 
294.19800 1.00000 
292.68100 1.00000 
290.63599 1.00000 
291.69601 1.00000 
292.54700 1.00000 
291.50601 1.00000 
293.31400 1.00000 
295.84698 1.00000 
295.52600 1.00000 
295.07401 1.00000 
286.71399 1.00000 
286.51401 1.00000 
291.58701 1.00000 
291.03101 1.00000 
295.83200 1.00000 
294.97101 1.00000 
290.19501 1.00000 
291.04999 1.00000 
290.67200 1.00000 
294.84500 1.00000 
297.08200 1.00000 
299.17499 1.00000 
297.93900 1.00000 
294.37799 1.00000 
293.69199 1.00000 
293.36200 1.00000 
295.49600 1.00000 
292.30399 1.00000 
288.27701 1.00000 
296.17801 1.00000 
294.18701 1.00000 
296.59000 1.00000 
292.51300 1.00000 
294.98901 1.00000 
296.55200 1.00000 
296.95200 1.00000 
299.26099 1.00000 
289.40500 1.00000 
290.55200 1.00000 
299.78400 1.00000 
299.12799 1.00000 
301.21701 1.00000 
301.26501 1.00000 
297.42300 1.00000 
295.18201 1.00000 
291.89001 1.00000 
293.45599 1.00000 
293.09100 1.00000 
0.00000 0.00000 
0.00000 0.00000 
0.00000 0.00000 
0.00000 0.00000 
0.00000 0.00000 
0.00000 0.00000 
0.00000 0.00000 
0.00000 0.00000 
0.00000 0.00000 
0.00000 0.00000 
0.00000 0.00000 
0.00000 0.00000 
0.00000 0.00000 
0.00000 0.00000 
0.00000 0.00000 
0.00000 0.00000 
0.00000 0.00000 
0.00000 0.00000 
0.00000 0.00000 
0.00000 0.00000 
0.00000 0.00000 
0.00000 0.00000 
0.00000 0.00000 
0.00000 0.00000 
0.00000 0.00000 
0.00000 0.00000 
0.00000 0.00000 
0.00000 0.00000 
0.00000 0.00000 
0.00000 0.00000 
0.00000 0.00000 
0.00000 0.00000 
0.00000 0.00000 
0.00000 0.00000 
0.00000 0.00000 
0.00000 0.00000 
0.00000 0.00000 
0.00000 0.00000 
0.00000 0.00000 
0.00000 0.00000 
0.00000 0.00000 
0.00000 0.00000 
0.00000 0.00000 
0.00000 0.00000 
0.00000 0.00000 
0.00000 0.00000 
