 0.00000 0.00000 
0.00000 0.00000 
0.00000 0.00000 
0.00000 0.00000 
0.00000 0.00000 
0.00000 0.00000 
0.00000 0.00000 
0.00000 0.00000 
0.00000 0.00000 
0.00000 0.00000 
0.00000 0.00000 
0.00000 0.00000 
0.00000 0.00000 
0.00000 0.00000 
0.00000 0.00000 
0.00000 0.00000 
0.00000 0.00000 
0.00000 0.00000 
0.00000 0.00000 
0.00000 0.00000 
0.00000 0.00000 
0.00000 0.00000 
0.00000 0.00000 
0.00000 0.00000 
0.00000 0.00000 
0.00000 0.00000 
0.00000 0.00000 
0.00000 0.00000 
0.00000 0.00000 
0.00000 0.00000 
0.00000 0.00000 
0.00000 0.00000 
0.00000 0.00000 
0.00000 0.00000 
0.00000 0.00000 
0.00000 0.00000 
0.00000 0.00000 
0.00000 0.00000 
0.00000 0.00000 
0.00000 0.00000 
0.00000 0.00000 
0.00000 0.00000 
0.00000 0.00000 
0.00000 0.00000 
0.00000 0.00000 
0.00000 0.00000 
0.00000 0.00000 
0.00000 0.00000 
0.00000 0.00000 
0.00000 0.00000 
0.00000 0.00000 
0.00000 0.00000 
0.00000 0.00000 
0.00000 0.00000 
0.00000 0.00000 
0.00000 0.00000 
0.00000 0.00000 
0.00000 0.00000 
0.00000 0.00000 
0.00000 0.00000 
0.00000 0.00000 
0.00000 0.00000 
0.00000 0.00000 
0.00000 0.00000 
0.00000 0.00000 
0.00000 0.00000 
0.00000 0.00000 
0.00000 0.00000 
0.00000 0.00000 
0.00000 0.00000 
0.00000 0.00000 
0.00000 0.00000 
0.00000 0.00000 
0.00000 0.00000 
0.00000 0.00000 
0.00000 0.00000 
0.00000 0.00000 
0.00000 0.00000 
0.00000 0.00000 
0.00000 0.00000 
0.00000 0.00000 
0.00000 0.00000 
0.00000 0.00000 
0.00000 0.00000 
0.00000 0.00000 
0.00000 0.00000 
0.00000 0.00000 
0.00000 0.00000 
0.00000 0.00000 
0.00000 0.00000 
0.00000 0.00000 
0.00000 0.00000 
0.00000 0.00000 
0.00000 0.00000 
0.00000 0.00000 
0.00000 0.00000 
0.00000 0.00000 
0.00000 0.00000 
0.00000 0.00000 
0.00000 0.00000 
0.00000 0.00000 
388.73099 1.00000 
390.79300 1.00000 
391.39099 1.00000 
392.49301 1.00000 
393.79501 1.00000 
394.46500 1.00000 
395.10999 1.00000 
395.44299 1.00000 
395.46399 1.00000 
395.56299 1.00000 
395.66501 1.00000 
395.85901 1.00000 
395.94800 1.00000 
396.24701 1.00000 
396.42999 1.00000 
396.41199 1.00000 
396.59000 1.00000 
396.89401 1.00000 
397.16199 1.00000 
397.44901 1.00000 
397.67801 1.00000 
397.91101 1.00000 
397.73901 1.00000 
397.53400 1.00000 
397.41501 1.00000 
396.95499 1.00000 
396.72000 1.00000 
396.40799 1.00000 
396.15302 1.00000 
395.79599 1.00000 
395.39801 1.00000 
395.03900 1.00000 
394.60300 1.00000 
394.00201 1.00000 
393.55099 1.00000 
392.96301 1.00000 
392.26001 1.00000 
391.94601 1.00000 
391.37900 1.00000 
390.98199 1.00000 
391.30801 1.00000 
391.09100 1.00000 
392.13101 1.00000 
392.64001 1.00000 
392.77200 1.00000 
393.28500 1.00000 
393.45901 1.00000 
393.62100 1.00000 
393.67899 1.00000 
396.74100 1.00000 
399.39001 1.00000 
397.89001 1.00000 
393.69299 1.00000 
391.83200 1.00000 
392.83401 1.00000 
396.35800 1.00000 
400.15500 1.00000 
404.10001 1.00000 
406.39899 1.00000 
407.21201 1.00000 
384.87900 1.00000 
415.59601 1.00000 
424.98001 1.00000 
427.14001 1.00000 
416.91199 1.00000 
428.75201 1.00000 
427.84799 1.00000 
428.15201 1.00000 
420.20300 1.00000 
429.11301 1.00000 
438.89600 1.00000 
438.88400 1.00000 
429.83301 1.00000 
429.67001 1.00000 
436.97101 1.00000 
427.63400 1.00000 
434.58899 1.00000 
434.25101 1.00000 
434.94101 1.00000 
434.66101 1.00000 
433.84900 1.00000 
435.40302 1.00000 
438.30701 1.00000 
442.11499 1.00000 
444.84000 1.00000 
446.17999 1.00000 
447.52499 1.00000 
448.17001 1.00000 
448.13699 1.00000 
448.47900 1.00000 
448.89099 1.00000 
448.60599 1.00000 
447.81601 1.00000 
447.77899 1.00000 
448.08701 1.00000 
447.25800 1.00000 
445.98199 1.00000 
443.97800 1.00000 
443.00500 1.00000 
442.41299 1.00000 
441.43701 1.00000 
440.27399 1.00000 
439.12000 1.00000 
437.11801 1.00000 
434.82999 1.00000 
433.76401 1.00000 
432.23999 1.00000 
430.94800 1.00000 
431.53299 1.00000 
430.90302 1.00000 
431.05499 1.00000 
432.29501 1.00000 
432.68701 1.00000 
433.18301 1.00000 
434.53900 1.00000 
436.15500 1.00000 
438.13300 1.00000 
440.30200 1.00000 
442.69000 1.00000 
444.23300 1.00000 
444.78900 1.00000 
445.17401 1.00000 
446.54901 1.00000 
447.41000 1.00000 
448.38800 1.00000 
448.33301 1.00000 
448.81100 1.00000 
449.47000 1.00000 
449.87399 1.00000 
449.72101 1.00000 
448.68500 1.00000 
448.73001 1.00000 
448.13699 1.00000 
446.55499 1.00000 
445.53299 1.00000 
445.44400 1.00000 
444.63199 1.00000 
443.53900 1.00000 
442.29999 1.00000 
440.86801 1.00000 
438.67300 1.00000 
438.64899 1.00000 
436.14001 1.00000 
436.57199 1.00000 
435.94501 1.00000 
435.29401 1.00000 
436.36200 1.00000 
437.04401 1.00000 
437.32901 1.00000 
438.79099 1.00000 
441.25400 1.00000 
441.16400 1.00000 
443.29001 1.00000 
443.08899 1.00000 
443.63101 1.00000 
444.33499 1.00000 
443.20401 1.00000 
438.79999 1.00000 
428.93100 1.00000 
425.41299 1.00000 
438.50900 1.00000 
435.24500 1.00000 
403.65302 1.00000 
418.45001 1.00000 
428.78201 1.00000 
433.48401 1.00000 
434.79300 1.00000 
437.44299 1.00000 
438.65799 1.00000 
439.81699 1.00000 
442.02802 1.00000 
442.91000 1.00000 
442.87701 1.00000 
442.10699 1.00000 
440.64600 1.00000 
439.59399 1.00000 
439.21500 1.00000 
438.85800 1.00000 
438.58099 1.00000 
437.66299 1.00000 
437.57599 1.00000 
438.14301 1.00000 
439.17401 1.00000 
439.66101 1.00000 
440.32700 1.00000 
440.74500 1.00000 
442.88199 1.00000 
444.06799 1.00000 
444.03900 1.00000 
444.42999 1.00000 
444.84399 1.00000 
445.95401 1.00000 
446.55600 1.00000 
447.46899 1.00000 
447.70700 1.00000 
447.73199 1.00000 
447.92401 1.00000 
446.63300 1.00000 
445.89099 1.00000 
442.99301 1.00000 
436.61301 1.00000 
436.58899 1.00000 
428.43900 1.00000 
428.63599 1.00000 
0.00000 0.00000 
0.00000 0.00000 
0.00000 0.00000 
0.00000 0.00000 
0.00000 0.00000 
0.00000 0.00000 
0.00000 0.00000 
0.00000 0.00000 
421.55600 1.00000 
426.19901 1.00000 
434.34799 1.00000 
434.80701 1.00000 
438.71799 1.00000 
440.88199 1.00000 
441.26199 1.00000 
441.96701 1.00000 
442.05099 1.00000 
443.28101 1.00000 
444.26300 1.00000 
444.19699 1.00000 
444.91800 1.00000 
445.72601 1.00000 
445.78299 1.00000 
446.07800 1.00000 
445.68201 1.00000 
446.40601 1.00000 
446.52399 1.00000 
446.30899 1.00000 
446.52200 1.00000 
447.38400 1.00000 
448.04700 1.00000 
447.85101 1.00000 
447.37701 1.00000 
447.60400 1.00000 
448.21399 1.00000 
447.77899 1.00000 
447.44601 1.00000 
448.09500 1.00000 
448.99500 1.00000 
448.15900 1.00000 
447.48401 1.00000 
447.42801 1.00000 
447.63101 1.00000 
445.54501 1.00000 
444.56299 1.00000 
444.95300 1.00000 
445.46399 1.00000 
443.23599 1.00000 
445.84698 1.00000 
446.01300 1.00000 
444.45901 1.00000 
444.64001 1.00000 
444.53000 1.00000 
444.42401 1.00000 
444.47000 1.00000 
441.85300 1.00000 
437.38199 1.00000 
429.85199 1.00000 
438.92401 1.00000 
418.57800 1.00000 
415.61099 1.00000 
419.53900 1.00000 
428.30801 1.00000 
430.82599 1.00000 
432.21600 1.00000 
436.54199 1.00000 
439.78201 1.00000 
441.88400 1.00000 
442.94501 1.00000 
443.47101 1.00000 
447.17200 1.00000 
446.58200 1.00000 
445.64001 1.00000 
446.22601 1.00000 
446.92001 1.00000 
447.30801 1.00000 
446.83701 1.00000 
446.74301 1.00000 
448.17200 1.00000 
448.37299 1.00000 
447.04001 1.00000 
447.16501 1.00000 
448.78699 1.00000 
449.30399 1.00000 
447.75699 1.00000 
448.75101 1.00000 
449.18701 1.00000 
447.81000 1.00000 
447.31601 1.00000 
446.43100 1.00000 
0.00000 0.00000 
0.00000 0.00000 
0.00000 0.00000 
0.00000 0.00000 
0.00000 0.00000 
0.00000 0.00000 
0.00000 0.00000 
0.00000 0.00000 
0.00000 0.00000 
0.00000 0.00000 
0.00000 0.00000 
0.00000 0.00000 
0.00000 0.00000 
0.00000 0.00000 
0.00000 0.00000 
0.00000 0.00000 
497.51501 1.00000 
496.45801 1.00000 
497.60501 1.00000 
499.54800 1.00000 
502.15201 1.00000 
503.08200 1.00000 
504.31500 1.00000 
505.39200 1.00000 
505.75900 1.00000 
505.53500 1.00000 
505.19400 1.00000 
504.81000 1.00000 
504.41000 1.00000 
504.71799 1.00000 
504.65799 1.00000 
504.64899 1.00000 
504.52701 1.00000 
504.07001 1.00000 
504.14401 1.00000 
502.67001 1.00000 
503.32300 1.00000 
503.34399 1.00000 
502.50101 1.00000 
499.60400 1.00000 
496.94800 1.00000 
503.92599 1.00000 
498.66599 1.00000 
495.83499 1.00000 
494.57199 1.00000 
495.56699 1.00000 
494.41400 1.00000 
496.51099 1.00000 
491.74200 1.00000 
496.54300 1.00000 
496.90601 1.00000 
0.00000 0.00000 
0.00000 0.00000 
0.00000 0.00000 
0.00000 0.00000 
0.00000 0.00000 
0.00000 0.00000 
0.00000 0.00000 
0.00000 0.00000 
0.00000 0.00000 
0.00000 0.00000 
0.00000 0.00000 
0.00000 0.00000 
0.00000 0.00000 
0.00000 0.00000 
0.00000 0.00000 
0.00000 0.00000 
0.00000 0.00000 
0.00000 0.00000 
0.00000 0.00000 
0.00000 0.00000 
540.29498 1.00000 
542.46002 1.00000 
543.79498 1.00000 
544.19098 1.00000 
543.13202 1.00000 
541.95001 1.00000 
541.07501 1.00000 
539.73401 1.00000 
537.59601 1.00000 
535.61603 1.00000 
533.21698 1.00000 
530.90997 1.00000 
528.66101 1.00000 
529.27100 1.00000 
529.36902 1.00000 
529.91803 1.00000 
530.92102 1.00000 
532.45300 1.00000 
534.19897 1.00000 
537.42499 1.00000 
537.98798 1.00000 
539.08801 1.00000 
539.60101 1.00000 
540.03302 1.00000 
541.08099 1.00000 
541.46503 1.00000 
542.13599 1.00000 
542.14203 1.00000 
542.47699 1.00000 
542.69202 1.00000 
542.37903 1.00000 
541.98499 1.00000 
541.08899 1.00000 
539.85199 1.00000 
539.49701 1.00000 
539.26300 1.00000 
538.78601 1.00000 
538.25403 1.00000 
537.25299 1.00000 
535.96802 1.00000 
534.94598 1.00000 
534.43701 1.00000 
533.79999 1.00000 
533.60999 1.00000 
533.78802 1.00000 
534.02502 1.00000 
534.52502 1.00000 
534.93799 1.00000 
535.42102 1.00000 
535.91998 1.00000 
536.84698 1.00000 
538.01703 1.00000 
539.10699 1.00000 
539.89697 1.00000 
539.77698 1.00000 
540.44202 1.00000 
541.23102 1.00000 
541.92297 1.00000 
542.65002 1.00000 
543.08398 1.00000 
543.42798 1.00000 
543.03497 1.00000 
543.27698 1.00000 
543.51202 1.00000 
543.67603 1.00000 
543.74701 1.00000 
542.49402 1.00000 
542.34399 1.00000 
541.59399 1.00000 
541.57397 1.00000 
540.44501 1.00000 
539.75000 1.00000 
538.25897 1.00000 
537.98499 1.00000 
537.25403 1.00000 
536.56598 1.00000 
535.37299 1.00000 
534.13702 1.00000 
533.16400 1.00000 
531.92102 1.00000 
531.45398 1.00000 
530.83899 1.00000 
530.59802 1.00000 
529.80298 1.00000 
530.13501 1.00000 
532.27197 1.00000 
532.20300 1.00000 
533.73297 1.00000 
533.26703 1.00000 
532.29999 1.00000 
527.94202 1.00000 
530.42102 1.00000 
0.00000 0.00000 
0.00000 0.00000 
0.00000 0.00000 
0.00000 0.00000 
0.00000 0.00000 
0.00000 0.00000 
0.00000 0.00000 
527.40802 1.00000 
531.95599 1.00000 
535.24799 1.00000 
537.43799 1.00000 
537.76801 1.00000 
536.55499 1.00000 
535.24597 1.00000 
534.69202 1.00000 
534.27899 1.00000 
534.06897 1.00000 
534.00500 1.00000 
534.08002 1.00000 
533.82202 1.00000 
533.66400 1.00000 
533.33398 1.00000 
533.03302 1.00000 
532.83600 1.00000 
532.72699 1.00000 
532.59698 1.00000 
532.53101 1.00000 
532.52002 1.00000 
532.59100 1.00000 
532.50702 1.00000 
532.62097 1.00000 
532.94299 1.00000 
533.20398 1.00000 
533.64600 1.00000 
534.00897 1.00000 
534.38599 1.00000 
534.60999 1.00000 
535.05402 1.00000 
535.72803 1.00000 
536.44098 1.00000 
537.14502 1.00000 
538.22498 1.00000 
538.96198 1.00000 
538.73102 1.00000 
538.87201 1.00000 
539.13202 1.00000 
539.73499 1.00000 
540.25500 1.00000 
539.91302 1.00000 
540.26398 1.00000 
539.82098 1.00000 
539.69000 1.00000 
539.90100 1.00000 
540.62799 1.00000 
540.27301 1.00000 
539.63397 1.00000 
538.11200 1.00000 
537.07501 1.00000 
532.81500 1.00000 
528.83801 1.00000 
533.80200 1.00000 
526.25800 1.00000 
522.83002 1.00000 
528.67200 1.00000 
532.79797 1.00000 
532.28302 1.00000 
531.19098 1.00000 
529.92499 1.00000 
528.98199 1.00000 
528.67798 1.00000 
528.41400 1.00000 
528.55603 1.00000 
528.89398 1.00000 
529.77100 1.00000 
530.79999 1.00000 
531.96802 1.00000 
532.99200 1.00000 
534.21600 1.00000 
534.80499 1.00000 
535.80499 1.00000 
536.37799 1.00000 
537.49701 1.00000 
538.92798 1.00000 
540.70599 1.00000 
540.64001 1.00000 
540.88000 1.00000 
541.10101 1.00000 
541.88702 1.00000 
542.77399 1.00000 
543.23401 1.00000 
542.08301 1.00000 
540.07098 1.00000 
538.91498 1.00000 
538.10602 1.00000 
537.47498 1.00000 
537.15100 1.00000 
536.13501 1.00000 
534.85699 1.00000 
533.70599 1.00000 
532.92297 1.00000 
532.05798 1.00000 
531.05603 1.00000 
529.79602 1.00000 
528.51300 1.00000 
527.71997 1.00000 
528.05298 1.00000 
528.60602 1.00000 
529.11499 1.00000 
530.05103 1.00000 
530.95300 1.00000 
531.86798 1.00000 
532.96899 1.00000 
533.81201 1.00000 
534.69202 1.00000 
534.98297 1.00000 
535.10199 1.00000 
536.14697 1.00000 
537.58398 1.00000 
540.44501 1.00000 
541.96698 1.00000 
541.53802 1.00000 
541.10699 1.00000 
541.53400 1.00000 
542.17297 1.00000 
542.83002 1.00000 
541.67499 1.00000 
539.63702 1.00000 
538.67499 1.00000 
536.65198 1.00000 
535.99200 1.00000 
535.31000 1.00000 
534.49701 1.00000 
535.10699 1.00000 
535.42200 1.00000 
536.13000 1.00000 
535.14099 1.00000 
535.25702 1.00000 
535.37000 1.00000 
532.79901 1.00000 
532.21899 1.00000 
533.23700 1.00000 
533.32501 1.00000 
530.69098 1.00000 
521.99500 1.00000 
534.09100 1.00000 
0.00000 0.00000 
0.00000 0.00000 
0.00000 0.00000 
0.00000 0.00000 
0.00000 0.00000 
0.00000 0.00000 
0.00000 0.00000 
0.00000 0.00000 
0.00000 0.00000 
0.00000 0.00000 
0.00000 0.00000 
0.00000 0.00000 
0.00000 0.00000 
0.00000 0.00000 
0.00000 0.00000 
0.00000 0.00000 
0.00000 0.00000 
0.00000 0.00000 
0.00000 0.00000 
0.00000 0.00000 
0.00000 0.00000 
0.00000 0.00000 
0.00000 0.00000 
428.34299 1.00000 
432.99200 1.00000 
434.10001 1.00000 
435.34000 1.00000 
436.53799 1.00000 
437.37601 1.00000 
439.46799 1.00000 
440.87399 1.00000 
441.76801 1.00000 
442.41199 1.00000 
442.61499 1.00000 
442.12201 1.00000 
441.80701 1.00000 
442.00800 1.00000 
442.16599 1.00000 
441.80301 1.00000 
441.88101 1.00000 
442.07599 1.00000 
442.07101 1.00000 
442.05701 1.00000 
441.71500 1.00000 
441.91101 1.00000 
441.91699 1.00000 
442.20801 1.00000 
442.11200 1.00000 
441.79700 1.00000 
442.60800 1.00000 
442.59299 1.00000 
442.35599 1.00000 
442.52899 1.00000 
441.32300 1.00000 
441.90601 1.00000 
442.28601 1.00000 
442.20901 1.00000 
441.32800 1.00000 
441.34900 1.00000 
443.20999 1.00000 
440.89301 1.00000 
443.38800 1.00000 
442.33200 1.00000 
419.64099 1.00000 
402.32599 1.00000 
429.85800 1.00000 
437.61801 1.00000 
426.73401 1.00000 
392.04999 1.00000 
387.82501 1.00000 
0.00000 0.00000 
0.00000 0.00000 
0.00000 0.00000 
0.00000 0.00000 
0.00000 0.00000 
394.36099 1.00000 
396.82800 1.00000 
396.75400 1.00000 
397.58200 1.00000 
398.67899 1.00000 
398.14801 1.00000 
398.41901 1.00000 
397.12201 1.00000 
397.09399 1.00000 
396.48700 1.00000 
396.07300 1.00000 
395.80499 1.00000 
395.29001 1.00000 
395.01801 1.00000 
395.00500 1.00000 
395.08899 1.00000 
395.59399 1.00000 
395.86200 1.00000 
396.11600 1.00000 
396.39700 1.00000 
396.73001 1.00000 
397.20099 1.00000 
397.43100 1.00000 
397.64200 1.00000 
397.88300 1.00000 
398.13400 1.00000 
398.36499 1.00000 
398.63599 1.00000 
398.85599 1.00000 
399.09799 1.00000 
399.39499 1.00000 
399.62601 1.00000 
399.73599 1.00000 
400.02200 1.00000 
400.15500 1.00000 
400.41101 1.00000 
400.41699 1.00000 
400.29401 1.00000 
400.16000 1.00000 
399.67599 1.00000 
399.30899 1.00000 
398.66000 1.00000 
397.95901 1.00000 
397.11499 1.00000 
396.11899 1.00000 
395.21399 1.00000 
394.61301 1.00000 
394.16101 1.00000 
393.82599 1.00000 
393.85501 1.00000 
393.93399 1.00000 
394.20999 1.00000 
394.29099 1.00000 
394.59601 1.00000 
394.85001 1.00000 
395.13599 1.00000 
395.36899 1.00000 
395.36600 1.00000 
395.35101 1.00000 
395.66101 1.00000 
395.75400 1.00000 
396.18500 1.00000 
396.32001 1.00000 
396.81299 1.00000 
397.04300 1.00000 
397.32999 1.00000 
397.59399 1.00000 
397.61301 1.00000 
397.62399 1.00000 
397.88901 1.00000 
397.71701 1.00000 
397.83401 1.00000 
397.89001 1.00000 
397.84201 1.00000 
397.55200 1.00000 
397.26599 1.00000 
397.22900 1.00000 
397.12799 1.00000 
397.05099 1.00000 
396.70499 1.00000 
396.81601 1.00000 
397.02200 1.00000 
397.86801 1.00000 
398.21899 1.00000 
398.47299 1.00000 
397.92300 1.00000 
396.42300 1.00000 
395.15302 1.00000 
393.31799 1.00000 
394.26501 1.00000 
393.74200 1.00000 
393.67401 1.00000 
396.06400 1.00000 
394.16699 1.00000 
394.86099 1.00000 
395.05301 1.00000 
396.68301 1.00000 
397.87900 1.00000 
398.93500 1.00000 
400.08099 1.00000 
400.87299 1.00000 
401.06601 1.00000 
400.73700 1.00000 
399.91400 1.00000 
399.35001 1.00000 
398.73599 1.00000 
398.44800 1.00000 
397.70700 1.00000 
397.42801 1.00000 
396.80099 1.00000 
396.45801 1.00000 
395.94501 1.00000 
395.71899 1.00000 
395.22400 1.00000 
395.14999 1.00000 
394.58499 1.00000 
394.61401 1.00000 
394.27399 1.00000 
394.35001 1.00000 
394.33600 1.00000 
394.41199 1.00000 
394.44400 1.00000 
394.37299 1.00000 
393.99799 1.00000 
393.92499 1.00000 
393.55099 1.00000 
393.60300 1.00000 
393.61099 1.00000 
393.39301 1.00000 
393.21600 1.00000 
393.23999 1.00000 
393.33801 1.00000 
393.29001 1.00000 
394.00000 1.00000 
394.14200 1.00000 
394.21201 1.00000 
394.98599 1.00000 
395.39999 1.00000 
396.04099 1.00000 
396.51599 1.00000 
396.42999 1.00000 
394.89999 1.00000 
394.54800 1.00000 
393.67499 1.00000 
391.55499 1.00000 
393.45099 1.00000 
394.62799 1.00000 
395.34799 1.00000 
397.17999 1.00000 
396.60300 1.00000 
396.88300 1.00000 
396.44699 1.00000 
395.85101 1.00000 
395.72501 1.00000 
394.69000 1.00000 
393.99399 1.00000 
392.87500 1.00000 
391.87701 1.00000 
390.74600 1.00000 
390.03799 1.00000 
389.85400 1.00000 
389.51700 1.00000 
389.53201 1.00000 
389.79501 1.00000 
389.81100 1.00000 
390.18701 1.00000 
391.00299 1.00000 
391.83401 1.00000 
392.77100 1.00000 
394.17099 1.00000 
395.44800 1.00000 
396.29300 1.00000 
397.41901 1.00000 
398.08899 1.00000 
398.40601 1.00000 
398.66699 1.00000 
399.19800 1.00000 
399.46899 1.00000 
399.59799 1.00000 
399.59201 1.00000 
399.75699 1.00000 
399.90701 1.00000 
400.02600 1.00000 
400.08301 1.00000 
400.05600 1.00000 
399.94299 1.00000 
399.60599 1.00000 
399.19400 1.00000 
398.57700 1.00000 
397.86700 1.00000 
397.12601 1.00000 
396.48401 1.00000 
396.06100 1.00000 
395.33499 1.00000 
394.95099 1.00000 
394.44299 1.00000 
394.77100 1.00000 
394.77701 1.00000 
394.70999 1.00000 
394.90799 1.00000 
394.19601 1.00000 
394.34900 1.00000 
394.81500 1.00000 
394.84698 1.00000 
395.12201 1.00000 
395.36200 1.00000 
395.51501 1.00000 
395.84000 1.00000 
396.05899 1.00000 
396.49100 1.00000 
396.78500 1.00000 
397.12100 1.00000 
397.20099 1.00000 
397.68399 1.00000 
397.83899 1.00000 
397.97000 1.00000 
398.04401 1.00000 
397.78799 1.00000 
397.32101 1.00000 
397.12701 1.00000 
396.80099 1.00000 
396.63599 1.00000 
396.79001 1.00000 
396.51599 1.00000 
396.50400 1.00000 
397.12799 1.00000 
397.25500 1.00000 
399.00101 1.00000 
400.02399 1.00000 
400.00400 1.00000 
397.53699 1.00000 
396.84698 1.00000 
398.53699 1.00000 
393.34698 1.00000 
393.36801 1.00000 
396.05801 1.00000 
396.24899 1.00000 
397.49799 1.00000 
391.54199 1.00000 
400.02899 1.00000 
389.13901 1.00000 
355.26999 1.00000 
348.95801 1.00000 
347.71500 1.00000 
350.94199 1.00000 
353.41400 1.00000 
351.62799 1.00000 
348.89600 1.00000 
349.00299 1.00000 
351.99701 1.00000 
351.89700 1.00000 
349.91400 1.00000 
348.37201 1.00000 
350.20901 1.00000 
351.28000 1.00000 
350.04300 1.00000 
348.50400 1.00000 
349.46201 1.00000 
350.82101 1.00000 
350.29099 1.00000 
348.91800 1.00000 
349.25101 1.00000 
350.62601 1.00000 
350.63199 1.00000 
349.52600 1.00000 
349.36099 1.00000 
350.49200 1.00000 
350.88101 1.00000 
349.78101 1.00000 
349.42099 1.00000 
349.90201 1.00000 
350.86401 1.00000 
349.90500 1.00000 
349.28900 1.00000 
349.70099 1.00000 
349.92999 1.00000 
350.07101 1.00000 
349.64600 1.00000 
349.78900 1.00000 
349.51001 1.00000 
349.75900 1.00000 
349.16800 1.00000 
349.45001 1.00000 
348.76999 1.00000 
348.33701 1.00000 
348.27802 1.00000 
350.56601 1.00000 
350.62399 1.00000 
349.42099 1.00000 
349.41699 1.00000 
340.34799 1.00000 
324.43201 1.00000 
324.87900 1.00000 
328.82999 1.00000 
335.10901 1.00000 
335.22800 1.00000 
334.39099 1.00000 
333.52600 1.00000 
332.27600 1.00000 
332.91599 1.00000 
331.97900 1.00000 
331.17001 1.00000 
331.15500 1.00000 
330.84201 1.00000 
330.40900 1.00000 
329.78699 1.00000 
330.19400 1.00000 
330.08099 1.00000 
329.77301 1.00000 
330.28299 1.00000 
331.00900 1.00000 
331.49200 1.00000 
332.17401 1.00000 
333.10901 1.00000 
333.56201 1.00000 
333.71399 1.00000 
334.33801 1.00000 
335.11700 1.00000 
335.14200 1.00000 
335.28299 1.00000 
335.93301 1.00000 
336.39099 1.00000 
336.33401 1.00000 
335.84299 1.00000 
335.55301 1.00000 
334.73700 1.00000 
333.97299 1.00000 
332.95999 1.00000 
332.65302 1.00000 
332.74799 1.00000 
332.53299 1.00000 
332.40302 1.00000 
332.21701 1.00000 
331.54599 1.00000 
331.10901 1.00000 
330.29700 1.00000 
329.72101 1.00000 
329.67099 1.00000 
329.84799 1.00000 
329.66199 1.00000 
329.66901 1.00000 
329.61301 1.00000 
330.07401 1.00000 
330.43500 1.00000 
331.17401 1.00000 
331.56299 1.00000 
332.13101 1.00000 
332.75900 1.00000 
333.02899 1.00000 
333.50800 1.00000 
333.59900 1.00000 
333.80801 1.00000 
334.00299 1.00000 
334.63300 1.00000 
335.28699 1.00000 
335.47101 1.00000 
336.16699 1.00000 
336.51999 1.00000 
336.35400 1.00000 
336.41101 1.00000 
335.93201 1.00000 
336.04700 1.00000 
335.92200 1.00000 
335.58701 1.00000 
335.24701 1.00000 
335.29999 1.00000 
335.47101 1.00000 
335.26401 1.00000 
334.76700 1.00000 
335.02100 1.00000 
334.73801 1.00000 
334.85101 1.00000 
334.47299 1.00000 
334.56000 1.00000 
335.23901 1.00000 
339.84900 1.00000 
343.86801 1.00000 
346.88599 1.00000 
347.74301 1.00000 
347.49899 1.00000 
348.19000 1.00000 
348.74701 1.00000 
348.92001 1.00000 
349.15900 1.00000 
348.92001 1.00000 
348.52899 1.00000 
348.49200 1.00000 
348.29199 1.00000 
348.71701 1.00000 
348.71201 1.00000 
349.20499 1.00000 
349.78500 1.00000 
350.20099 1.00000 
350.40302 1.00000 
350.82300 1.00000 
350.98199 1.00000 
351.04901 1.00000 
350.98300 1.00000 
351.03101 1.00000 
350.87601 1.00000 
350.76401 1.00000 
350.75500 1.00000 
350.76199 1.00000 
350.89499 1.00000 
350.98700 1.00000 
351.26001 1.00000 
351.12701 1.00000 
350.90302 1.00000 
350.82800 1.00000 
350.68701 1.00000 
350.61700 1.00000 
350.30801 1.00000 
349.96799 1.00000 
349.73401 1.00000 
350.22101 1.00000 
349.90201 1.00000 
349.69299 1.00000 
349.50500 1.00000 
350.06900 1.00000 
349.65799 1.00000 
349.00800 1.00000 
348.85400 1.00000 
348.47299 1.00000 
349.90201 1.00000 
348.48599 1.00000 
349.11899 1.00000 
349.35001 1.00000 
348.15100 1.00000 
350.27399 1.00000 
348.74500 1.00000 
350.02899 1.00000 
351.67401 1.00000 
355.81000 1.00000 
368.60901 1.00000 
370.54901 1.00000 
372.20200 1.00000 
367.70801 1.00000 
364.17499 1.00000 
375.05600 1.00000 
380.55801 1.00000 
388.34399 1.00000 
390.33899 1.00000 
390.49301 1.00000 
388.99701 1.00000 
388.99701 1.00000 
390.13501 1.00000 
391.70099 1.00000 
393.09299 1.00000 
395.12799 1.00000 
396.55200 1.00000 
397.38800 1.00000 
397.38699 1.00000 
397.28299 1.00000 
397.08600 1.00000 
396.71799 1.00000 
396.28900 1.00000 
395.63699 1.00000 
394.80399 1.00000 
393.82501 1.00000 
392.73999 1.00000 
391.31900 1.00000 
390.39700 1.00000 
388.45999 1.00000 
386.03400 1.00000 
386.18701 1.00000 
386.50101 1.00000 
386.02899 1.00000 
386.01001 1.00000 
387.80801 1.00000 
389.18600 1.00000 
390.21100 1.00000 
391.58499 1.00000 
392.78101 1.00000 
393.49200 1.00000 
394.79199 1.00000 
397.45401 1.00000 
398.01999 1.00000 
398.27200 1.00000 
398.13300 1.00000 
398.89801 1.00000 
398.75601 1.00000 
398.66901 1.00000 
398.63400 1.00000 
398.52802 1.00000 
398.99500 1.00000 
398.13501 1.00000 
397.76901 1.00000 
397.41400 1.00000 
396.91400 1.00000 
396.40201 1.00000 
395.90900 1.00000 
395.13599 1.00000 
394.28900 1.00000 
393.47601 1.00000 
392.55801 1.00000 
391.33200 1.00000 
390.13400 1.00000 
389.19199 1.00000 
387.89600 1.00000 
388.09399 1.00000 
388.19299 1.00000 
388.59000 1.00000 
389.08600 1.00000 
389.94101 1.00000 
390.35699 1.00000 
391.53400 1.00000 
392.31500 1.00000 
392.97501 1.00000 
394.17999 1.00000 
395.58099 1.00000 
396.88300 1.00000 
397.41299 1.00000 
397.04099 1.00000 
397.20401 1.00000 
397.28000 1.00000 
397.48499 1.00000 
397.56601 1.00000 
397.59500 1.00000 
397.54199 1.00000 
397.26599 1.00000 
397.13501 1.00000 
396.92099 1.00000 
396.88000 1.00000 
396.69501 1.00000 
396.47800 1.00000 
396.13199 1.00000 
395.84399 1.00000 
395.44501 1.00000 
395.14899 1.00000 
395.02100 1.00000 
394.38599 1.00000 
393.97101 1.00000 
393.47198 1.00000 
393.29001 1.00000 
392.96799 1.00000 
392.76300 1.00000 
392.50699 1.00000 
392.23001 1.00000 
391.99100 1.00000 
391.88199 1.00000 
392.24600 1.00000 
392.80301 1.00000 
393.36200 1.00000 
393.95999 1.00000 
394.38000 1.00000 
395.38501 1.00000 
395.97501 1.00000 
396.82999 1.00000 
396.68500 1.00000 
397.31100 1.00000 
397.54501 1.00000 
397.35800 1.00000 
397.29800 1.00000 
397.24200 1.00000 
397.47800 1.00000 
397.69199 1.00000 
397.61401 1.00000 
397.49100 1.00000 
397.74500 1.00000 
397.72101 1.00000 
397.48901 1.00000 
397.35101 1.00000 
397.22900 1.00000 
397.13599 1.00000 
397.54401 1.00000 
397.52600 1.00000 
397.08600 1.00000 
396.76599 1.00000 
396.33499 1.00000 
396.28299 1.00000 
396.24200 1.00000 
395.36801 1.00000 
394.23199 1.00000 
395.83801 1.00000 
394.65100 1.00000 
394.39600 1.00000 
393.46301 1.00000 
395.09000 1.00000 
404.18900 1.00000 
412.46100 1.00000 
416.44699 1.00000 
426.44400 1.00000 
420.49899 1.00000 
424.47601 1.00000 
435.58401 1.00000 
445.67999 1.00000 
442.80099 1.00000 
438.60101 1.00000 
443.79199 1.00000 
447.54599 1.00000 
444.39600 1.00000 
442.33099 1.00000 
443.93900 1.00000 
447.13199 1.00000 
443.68701 1.00000 
440.06500 1.00000 
440.05301 1.00000 
442.92899 1.00000 
442.42599 1.00000 
438.38000 1.00000 
435.68500 1.00000 
435.54800 1.00000 
435.87799 1.00000 
436.17499 1.00000 
435.41101 1.00000 
434.42300 1.00000 
435.73599 1.00000 
439.67499 1.00000 
441.21600 1.00000 
440.09399 1.00000 
440.22900 1.00000 
443.38199 1.00000 
445.22400 1.00000 
443.85101 1.00000 
443.73599 1.00000 
444.76501 1.00000 
445.87900 1.00000 
445.65399 1.00000 
445.09299 1.00000 
446.00400 1.00000 
446.69199 1.00000 
446.54901 1.00000 
445.80200 1.00000 
446.34399 1.00000 
446.69101 1.00000 
445.63800 1.00000 
445.41000 1.00000 
445.34100 1.00000 
445.97699 1.00000 
444.86600 1.00000 
443.24200 1.00000 
442.89999 1.00000 
441.97400 1.00000 
442.07101 1.00000 
441.65302 1.00000 
440.69299 1.00000 
439.63501 1.00000 
440.02802 1.00000 
439.17599 1.00000 
439.23199 1.00000 
439.34299 1.00000 
438.80301 1.00000 
440.44800 1.00000 
439.37799 1.00000 
440.47800 1.00000 
441.74600 1.00000 
440.51300 1.00000 
440.83701 1.00000 
441.93900 1.00000 
443.05701 1.00000 
444.05301 1.00000 
443.22699 1.00000 
443.67599 1.00000 
445.04001 1.00000 
445.23401 1.00000 
445.74200 1.00000 
445.93201 1.00000 
446.17499 1.00000 
445.28799 1.00000 
445.61200 1.00000 
446.25601 1.00000 
446.07401 1.00000 
446.14401 1.00000 
444.79999 1.00000 
445.44101 1.00000 
441.38101 1.00000 
437.00800 1.00000 
427.66000 1.00000 
427.42001 1.00000 
431.01599 1.00000 
430.86899 1.00000 
420.32800 1.00000 
419.34900 1.00000 
425.06299 1.00000 
429.76099 1.00000 
433.77899 1.00000 
438.26199 1.00000 
439.50400 1.00000 
440.03900 1.00000 
440.42200 1.00000 
440.55301 1.00000 
441.28201 1.00000 
441.97000 1.00000 
441.50299 1.00000 
441.42300 1.00000 
441.58701 1.00000 
442.05399 1.00000 
442.10800 1.00000 
442.03799 1.00000 
442.01801 1.00000 
442.62299 1.00000 
442.80399 1.00000 
442.81601 1.00000 
442.90302 1.00000 
443.26801 1.00000 
443.67001 1.00000 
444.24200 1.00000 
444.14200 1.00000 
444.20300 1.00000 
444.58099 1.00000 
444.68900 1.00000 
444.54901 1.00000 
444.86700 1.00000 
444.92999 1.00000 
445.57401 1.00000 
446.08200 1.00000 
445.95001 1.00000 
446.58200 1.00000 
447.69400 1.00000 
447.07700 1.00000 
446.88901 1.00000 
447.66501 1.00000 
447.61401 1.00000 
447.25299 1.00000 
446.38800 1.00000 
438.81000 1.00000 
428.29099 1.00000 
427.84799 1.00000 
0.00000 0.00000 
0.00000 0.00000 
0.00000 0.00000 
420.12399 1.00000 
424.79199 1.00000 
428.51199 1.00000 
429.52100 1.00000 
431.59900 1.00000 
432.95499 1.00000 
433.81699 1.00000 
434.15100 1.00000 
434.58099 1.00000 
434.58301 1.00000 
435.02802 1.00000 
434.88199 1.00000 
436.00000 1.00000 
436.46799 1.00000 
436.24799 1.00000 
436.25900 1.00000 
436.80399 1.00000 
438.10300 1.00000 
438.85400 1.00000 
438.60800 1.00000 
440.24701 1.00000 
441.37000 1.00000 
441.74301 1.00000 
442.54099 1.00000 
443.58600 1.00000 
444.42999 1.00000 
445.32101 1.00000 
445.95200 1.00000 
446.42999 1.00000 
446.91599 1.00000 
446.43100 1.00000 
445.83200 1.00000 
445.39899 1.00000 
445.35599 1.00000 
444.76300 1.00000 
443.74200 1.00000 
443.28299 1.00000 
443.27802 1.00000 
443.33099 1.00000 
443.14099 1.00000 
442.50601 1.00000 
442.18900 1.00000 
441.68900 1.00000 
440.81500 1.00000 
439.71600 1.00000 
438.95499 1.00000 
438.69601 1.00000 
437.90799 1.00000 
438.09500 1.00000 
438.51199 1.00000 
438.39801 1.00000 
439.55801 1.00000 
438.80200 1.00000 
440.69501 1.00000 
441.19699 1.00000 
441.55701 1.00000 
442.17300 1.00000 
442.50201 1.00000 
442.70099 1.00000 
443.00000 1.00000 
443.45200 1.00000 
443.81500 1.00000 
443.92599 1.00000 
444.15601 1.00000 
444.37299 1.00000 
444.95300 1.00000 
444.97101 1.00000 
444.81799 1.00000 
444.46799 1.00000 
445.28699 1.00000 
444.84799 1.00000 
443.67801 1.00000 
443.31699 1.00000 
444.03699 1.00000 
443.69299 1.00000 
443.71399 1.00000 
443.50900 1.00000 
443.41901 1.00000 
443.55801 1.00000 
443.87201 1.00000 
444.53201 1.00000 
444.13300 1.00000 
443.80399 1.00000 
444.28900 1.00000 
443.63599 1.00000 
444.30099 1.00000 
443.65701 1.00000 
443.34000 1.00000 
442.29700 1.00000 
442.10300 1.00000 
442.30301 1.00000 
442.55499 1.00000 
442.04700 1.00000 
0.00000 0.00000 
0.00000 0.00000 
438.45801 1.00000 
437.35400 1.00000 
428.04999 1.00000 
400.81400 1.00000 
397.59100 1.00000 
394.90100 1.00000 
395.31000 1.00000 
395.97198 1.00000 
396.55600 1.00000 
395.63599 1.00000 
396.04099 1.00000 
394.27600 1.00000 
393.60400 1.00000 
392.69101 1.00000 
392.55899 1.00000 
392.40601 1.00000 
391.92099 1.00000 
390.87100 1.00000 
390.80099 1.00000 
389.44601 1.00000 
389.02100 1.00000 
387.73700 1.00000 
387.20001 1.00000 
387.39001 1.00000 
388.36700 1.00000 
389.38400 1.00000 
390.49100 1.00000 
391.29401 1.00000 
391.84698 1.00000 
392.21899 1.00000 
392.35001 1.00000 
393.12299 1.00000 
393.71100 1.00000 
394.56100 1.00000 
395.07599 1.00000 
395.45700 1.00000 
396.25699 1.00000 
396.72299 1.00000 
397.14899 1.00000 
397.56400 1.00000 
397.95099 1.00000 
397.68799 1.00000 
397.75201 1.00000 
397.48801 1.00000 
397.44400 1.00000 
397.23300 1.00000 
397.15900 1.00000 
397.28699 1.00000 
397.30701 1.00000 
397.38501 1.00000 
397.43600 1.00000 
397.79199 1.00000 
398.29099 1.00000 
398.78500 1.00000 
399.80899 1.00000 
398.63901 1.00000 
398.32501 1.00000 
393.82001 1.00000 
391.83401 1.00000 
404.89700 1.00000 
414.52802 1.00000 
426.33301 1.00000 
427.27899 1.00000 
416.95001 1.00000 
427.80399 1.00000 
427.81299 1.00000 
429.03900 1.00000 
418.50699 1.00000 
428.45099 1.00000 
428.19000 1.00000 
429.29599 1.00000 
418.61600 1.00000 
429.07300 1.00000 
428.87701 1.00000 
429.78400 1.00000 
430.67001 1.00000 
430.06601 1.00000 
429.79901 1.00000 
429.94400 1.00000 
431.36099 1.00000 
431.10400 1.00000 
439.72101 1.00000 
439.60001 1.00000 
442.35599 1.00000 
442.45499 1.00000 
440.06000 1.00000 
439.81000 1.00000 
442.08401 1.00000 
442.60699 1.00000 
442.43500 1.00000 
442.26300 1.00000 
442.20099 1.00000 
442.54599 1.00000 
442.66699 1.00000 
442.44400 1.00000 
442.37799 1.00000 
442.37601 1.00000 
442.54099 1.00000 
442.51801 1.00000 
442.38101 1.00000 
442.40500 1.00000 
442.41501 1.00000 
442.53000 1.00000 
442.50000 1.00000 
440.21799 1.00000 
442.49899 1.00000 
442.49899 1.00000 
442.44400 1.00000 
442.49600 1.00000 
442.51599 1.00000 
442.56299 1.00000 
442.46500 1.00000 
442.57300 1.00000 
442.35800 1.00000 
442.37399 1.00000 
442.32700 1.00000 
442.30200 1.00000 
442.30499 1.00000 
442.39401 1.00000 
442.43100 1.00000 
442.32599 1.00000 
442.42899 1.00000 
442.48700 1.00000 
440.27899 1.00000 
442.39999 1.00000 
442.39999 1.00000 
442.36801 1.00000 
442.44199 1.00000 
442.39301 1.00000 
440.33801 1.00000 
442.38101 1.00000 
442.53101 1.00000 
442.36600 1.00000 
442.38901 1.00000 
442.37701 1.00000 
442.40100 1.00000 
442.26300 1.00000 
442.28900 1.00000 
442.24100 1.00000 
442.07300 1.00000 
442.27200 1.00000 
442.20901 1.00000 
439.94699 1.00000 
442.13501 1.00000 
442.10300 1.00000 
442.02200 1.00000 
442.04700 1.00000 
439.39301 1.00000 
438.70001 1.00000 
438.68701 1.00000 
453.88300 1.00000 
0.00000 0.00000 
450.38699 1.00000 
446.59201 1.00000 
447.05899 1.00000 
442.20401 1.00000 
444.21100 1.00000 
437.96201 1.00000 
495.99899 1.00000 
497.01501 1.00000 
499.56699 1.00000 
499.94601 1.00000 
501.87500 1.00000 
501.23199 1.00000 
501.66901 1.00000 
501.63400 1.00000 
501.32800 1.00000 
502.04599 1.00000 
501.13300 1.00000 
501.21600 1.00000 
501.36401 1.00000 
500.59799 1.00000 
501.62701 1.00000 
501.14099 1.00000 
501.49799 1.00000 
501.49899 1.00000 
500.82599 1.00000 
501.62000 1.00000 
501.28699 1.00000 
501.63000 1.00000 
501.77701 1.00000 
501.38800 1.00000 
502.12601 1.00000 
501.74200 1.00000 
501.69901 1.00000 
501.96399 1.00000 
501.17001 1.00000 
501.92001 1.00000 
501.67700 1.00000 
502.03799 1.00000 
502.51700 1.00000 
502.30801 1.00000 
502.95599 1.00000 
502.47900 1.00000 
502.34399 1.00000 
502.45801 1.00000 
502.55899 1.00000 
502.71500 1.00000 
502.65701 1.00000 
502.54401 1.00000 
502.31100 1.00000 
501.91400 1.00000 
501.72299 1.00000 
506.23499 1.00000 
516.21198 1.00000 
526.37000 1.00000 
525.01703 1.00000 
526.56000 1.00000 
530.75702 1.00000 
529.69202 1.00000 
527.47699 1.00000 
527.64600 1.00000 
530.68298 1.00000 
530.36603 1.00000 
531.49799 1.00000 
531.78101 1.00000 
531.40198 1.00000 
530.56897 1.00000 
529.23499 1.00000 
527.93103 1.00000 
526.27502 1.00000 
524.59802 1.00000 
522.47699 1.00000 
521.03003 1.00000 
520.20502 1.00000 
519.07098 1.00000 
518.68103 1.00000 
518.16998 1.00000 
519.34802 1.00000 
520.65900 1.00000 
522.20203 1.00000 
523.49500 1.00000 
524.09998 1.00000 
524.74103 1.00000 
526.27100 1.00000 
528.42200 1.00000 
530.82599 1.00000 
531.65900 1.00000 
531.65302 1.00000 
532.81201 1.00000 
534.94299 1.00000 
534.38800 1.00000 
533.23901 1.00000 
532.53497 1.00000 
531.71100 1.00000 
531.58698 1.00000 
531.85602 1.00000 
531.22198 1.00000 
530.67798 1.00000 
529.78802 1.00000 
528.78302 1.00000 
527.14001 1.00000 
525.61401 1.00000 
524.63501 1.00000 
524.42700 1.00000 
524.80402 1.00000 
524.72900 1.00000 
523.84100 1.00000 
523.54498 1.00000 
523.19000 1.00000 
522.72900 1.00000 
522.33899 1.00000 
522.47302 1.00000 
522.84198 1.00000 
523.15601 1.00000 
523.56702 1.00000 
524.17102 1.00000 
525.25201 1.00000 
527.24597 1.00000 
527.74402 1.00000 
528.62799 1.00000 
530.49500 1.00000 
531.26501 1.00000 
532.45398 1.00000 
531.94702 1.00000 
532.25000 1.00000 
530.84802 1.00000 
528.81702 1.00000 
529.31897 1.00000 
529.03699 1.00000 
529.75098 1.00000 
529.23999 1.00000 
528.67700 1.00000 
526.96503 1.00000 
524.64899 1.00000 
530.17102 1.00000 
528.47998 1.00000 
524.58301 1.00000 
529.97498 1.00000 
527.99799 1.00000 
526.78400 1.00000 
531.07300 1.00000 
529.73102 1.00000 
518.27002 1.00000 
515.97400 1.00000 
520.62097 1.00000 
525.47302 1.00000 
517.59003 1.00000 
517.61102 1.00000 
514.14899 1.00000 
510.91599 1.00000 
518.67102 1.00000 
517.33099 1.00000 
518.65698 1.00000 
528.89001 1.00000 
503.11499 1.00000 
516.59100 1.00000 
519.14301 1.00000 
523.66699 1.00000 
527.49597 1.00000 
529.13397 1.00000 
529.98199 1.00000 
530.97400 1.00000 
531.63098 1.00000 
531.84998 1.00000 
531.59198 1.00000 
531.56097 1.00000 
531.50598 1.00000 
531.37097 1.00000 
530.89697 1.00000 
530.50897 1.00000 
530.09802 1.00000 
529.77698 1.00000 
529.26099 1.00000 
528.76898 1.00000 
528.44397 1.00000 
528.44598 1.00000 
528.31897 1.00000 
528.41101 1.00000 
528.31702 1.00000 
528.30603 1.00000 
528.44501 1.00000 
528.49402 1.00000 
528.94702 1.00000 
529.00403 1.00000 
529.28900 1.00000 
529.46802 1.00000 
529.65002 1.00000 
529.63300 1.00000 
529.78302 1.00000 
529.67297 1.00000 
530.03003 1.00000 
530.28101 1.00000 
530.02899 1.00000 
530.08099 1.00000 
530.11102 1.00000 
530.36902 1.00000 
530.42902 1.00000 
529.96997 1.00000 
529.02399 1.00000 
527.94598 1.00000 
525.96802 1.00000 
522.54901 1.00000 
520.50299 1.00000 
524.77301 1.00000 
528.04901 1.00000 
511.31400 1.00000 
499.68301 1.00000 
501.28699 1.00000 
501.19601 1.00000 
501.60101 1.00000 
502.45599 1.00000 
501.51300 1.00000 
502.35800 1.00000 
502.33701 1.00000 
502.45401 1.00000 
501.99301 1.00000 
500.98300 1.00000 
500.61700 1.00000 
499.71799 1.00000 
498.96399 1.00000 
497.89401 1.00000 
496.95401 1.00000 
496.11899 1.00000 
494.84201 1.00000 
493.97800 1.00000 
492.95499 1.00000 
492.96100 1.00000 
493.55399 1.00000 
494.29999 1.00000 
494.93399 1.00000 
495.81601 1.00000 
496.39200 1.00000 
497.18500 1.00000 
497.96500 1.00000 
498.61499 1.00000 
499.40900 1.00000 
499.75699 1.00000 
499.90799 1.00000 
499.99301 1.00000 
500.49600 1.00000 
500.69800 1.00000 
501.36301 1.00000 
502.25699 1.00000 
502.34500 1.00000 
502.70999 1.00000 
502.54800 1.00000 
502.23599 1.00000 
501.71399 1.00000 
500.77200 1.00000 
499.63599 1.00000 
498.23001 1.00000 
497.47101 1.00000 
497.33801 1.00000 
496.69400 1.00000 
496.23599 1.00000 
495.97900 1.00000 
495.60001 1.00000 
495.30899 1.00000 
494.69800 1.00000 
494.36899 1.00000 
494.12500 1.00000 
494.38699 1.00000 
494.76599 1.00000 
495.19000 1.00000 
495.54099 1.00000 
496.09500 1.00000 
496.44400 1.00000 
496.71600 1.00000 
497.74701 1.00000 
498.35699 1.00000 
499.30499 1.00000 
499.52399 1.00000 
499.99899 1.00000 
500.45700 1.00000 
500.97900 1.00000 
501.89200 1.00000 
502.72601 1.00000 
502.74301 1.00000 
503.14401 1.00000 
503.44800 1.00000 
503.38199 1.00000 
503.61899 1.00000 
502.87900 1.00000 
502.63901 1.00000 
502.12500 1.00000 
501.69601 1.00000 
501.41299 1.00000 
501.24100 1.00000 
501.05200 1.00000 
500.51801 1.00000 
500.03601 1.00000 
499.38901 1.00000 
498.93799 1.00000 
498.46500 1.00000 
496.74899 1.00000 
495.41599 1.00000 
494.13101 1.00000 
497.30099 1.00000 
497.42001 1.00000 
492.68399 1.00000 
490.22299 1.00000 
494.79001 1.00000 
498.04901 1.00000 
498.83801 1.00000 
500.33200 1.00000 
500.47900 1.00000 
500.92401 1.00000 
500.73300 1.00000 
501.05600 1.00000 
501.07700 1.00000 
501.41000 1.00000 
501.43201 1.00000 
501.57800 1.00000 
501.53799 1.00000 
501.68399 1.00000 
501.66000 1.00000 
501.84100 1.00000 
501.93500 1.00000 
501.97699 1.00000 
502.14801 1.00000 
502.23300 1.00000 
502.28201 1.00000 
502.03299 1.00000 
502.15500 1.00000 
502.09100 1.00000 
502.10999 1.00000 
501.98401 1.00000 
502.09900 1.00000 
502.06900 1.00000 
502.40601 1.00000 
502.55301 1.00000 
503.17599 1.00000 
502.73901 1.00000 
503.11499 1.00000 
503.60901 1.00000 
503.32199 1.00000 
503.43701 1.00000 
503.68301 1.00000 
503.95901 1.00000 
503.44000 1.00000 
503.72900 1.00000 
503.95700 1.00000 
505.27301 1.00000 
508.48001 1.00000 
522.07501 1.00000 
539.05402 1.00000 
0.00000 0.00000 
0.00000 0.00000 
0.00000 0.00000 
0.00000 0.00000 
0.00000 0.00000 
589.99402 1.00000 
595.92297 1.00000 
597.03302 1.00000 
596.39203 1.00000 
596.53400 1.00000 
596.60400 1.00000 
595.50098 1.00000 
594.09100 1.00000 
592.21600 1.00000 
589.85199 1.00000 
584.37097 1.00000 
585.15399 1.00000 
584.69800 1.00000 
584.34302 1.00000 
582.76898 1.00000 
581.69501 1.00000 
581.97302 1.00000 
582.01801 1.00000 
582.24701 1.00000 
582.62598 1.00000 
584.21802 1.00000 
585.67499 1.00000 
586.94702 1.00000 
589.40698 1.00000 
591.53601 1.00000 
593.68103 1.00000 
595.71503 1.00000 
597.45502 1.00000 
597.67999 1.00000 
597.65698 1.00000 
597.96301 1.00000 
598.15198 1.00000 
598.32800 1.00000 
598.57300 1.00000 
598.71997 1.00000 
598.66400 1.00000 
598.51001 1.00000 
597.74597 1.00000 
596.66498 1.00000 
595.55798 1.00000 
594.35498 1.00000 
593.14099 1.00000 
591.14697 1.00000 
588.79303 1.00000 
587.61798 1.00000 
587.45203 1.00000 
585.93298 1.00000 
584.10199 1.00000 
584.36902 1.00000 
584.46002 1.00000 
583.99902 1.00000 
583.97900 1.00000 
584.10901 1.00000 
584.79102 1.00000 
585.65802 1.00000 
586.74799 1.00000 
587.33099 1.00000 
587.64301 1.00000 
589.29999 1.00000 
589.23102 1.00000 
589.98999 1.00000 
590.68103 1.00000 
592.31799 1.00000 
593.39697 1.00000 
593.75299 1.00000 
592.76099 1.00000 
593.95898 1.00000 
594.46802 1.00000 
582.37500 1.00000 
587.97803 1.00000 
591.74799 1.00000 
577.36200 1.00000 
592.30701 1.00000 
598.75897 1.00000 
589.89398 1.00000 
587.28101 1.00000 
600.76300 1.00000 
599.58099 1.00000 
608.91901 1.00000 
637.85797 1.00000 
630.26501 1.00000 
615.98199 1.00000 
603.91101 1.00000 
565.84302 1.00000 
535.16498 1.00000 
567.71100 1.00000 
554.89600 1.00000 
495.46399 1.00000 
496.46201 1.00000 
497.34698 1.00000 
498.88599 1.00000 
499.28000 1.00000 
500.08099 1.00000 
500.37299 1.00000 
500.63501 1.00000 
500.56400 1.00000 
500.34100 1.00000 
500.67999 1.00000 
500.66199 1.00000 
500.91199 1.00000 
500.67401 1.00000 
500.51901 1.00000 
500.35300 1.00000 
500.13699 1.00000 
500.04501 1.00000 
499.87299 1.00000 
500.08200 1.00000 
499.51901 1.00000 
499.74701 1.00000 
499.35101 1.00000 
499.31900 1.00000 
498.96600 1.00000 
498.94699 1.00000 
498.84201 1.00000 
498.60300 1.00000 
498.67599 1.00000 
498.13199 1.00000 
498.23499 1.00000 
498.04099 1.00000 
497.97299 1.00000 
497.66101 1.00000 
497.85800 1.00000 
498.64200 1.00000 
498.25800 1.00000 
498.12100 1.00000 
497.31299 1.00000 
497.46500 1.00000 
498.61099 1.00000 
497.82300 1.00000 
496.51199 1.00000 
497.85999 1.00000 
496.85999 1.00000 
495.80399 1.00000 
497.44299 1.00000 
491.85300 1.00000 
445.01401 1.00000 
427.08301 1.00000 
436.05701 1.00000 
437.27899 1.00000 
438.45499 1.00000 
442.45001 1.00000 
444.09500 1.00000 
447.37299 1.00000 
448.79501 1.00000 
447.79401 1.00000 
447.61899 1.00000 
446.38101 1.00000 
446.30600 1.00000 
444.43500 1.00000 
442.73199 1.00000 
442.14200 1.00000 
440.84500 1.00000 
440.17899 1.00000 
439.24399 1.00000 
439.14999 1.00000 
438.35800 1.00000 
438.39001 1.00000 
439.08600 1.00000 
439.16599 1.00000 
439.35101 1.00000 
440.09299 1.00000 
440.19199 1.00000 
441.01300 1.00000 
441.62799 1.00000 
442.64899 1.00000 
443.37500 1.00000 
444.19699 1.00000 
445.01700 1.00000 
445.86600 1.00000 
446.18701 1.00000 
446.81900 1.00000 
446.99701 1.00000 
448.00699 1.00000 
448.24100 1.00000 
448.61401 1.00000 
448.08099 1.00000 
447.45801 1.00000 
447.46600 1.00000 
446.35001 1.00000 
446.38300 1.00000 
445.84399 1.00000 
445.51501 1.00000 
444.52701 1.00000 
444.17300 1.00000 
443.46399 1.00000 
442.50699 1.00000 
442.12601 1.00000 
441.70700 1.00000 
441.31699 1.00000 
441.41000 1.00000 
441.12799 1.00000 
441.35101 1.00000 
441.24301 1.00000 
441.11401 1.00000 
441.18799 1.00000 
442.01199 1.00000 
442.49799 1.00000 
443.60800 1.00000 
443.99100 1.00000 
444.95901 1.00000 
445.59601 1.00000 
445.46799 1.00000 
445.97000 1.00000 
446.17899 1.00000 
446.67300 1.00000 
447.57001 1.00000 
447.92200 1.00000 
447.43900 1.00000 
447.44901 1.00000 
447.87100 1.00000 
447.48099 1.00000 
447.42999 1.00000 
447.30701 1.00000 
447.90601 1.00000 
447.56100 1.00000 
447.43301 1.00000 
446.92001 1.00000 
446.36401 1.00000 
445.60699 1.00000 
444.98801 1.00000 
445.04501 1.00000 
444.54599 1.00000 
444.03201 1.00000 
443.17401 1.00000 
442.73300 1.00000 
442.25000 1.00000 
442.00601 1.00000 
441.89600 1.00000 
442.07101 1.00000 
442.37500 1.00000 
442.59000 1.00000 
442.74701 1.00000 
442.63699 1.00000 
442.68900 1.00000 
443.22299 1.00000 
443.64200 1.00000 
443.92700 1.00000 
444.36700 1.00000 
444.41501 1.00000 
444.86099 1.00000 
445.35101 1.00000 
445.64301 1.00000 
445.63599 1.00000 
445.80801 1.00000 
446.10599 1.00000 
446.35501 1.00000 
446.66599 1.00000 
446.06601 1.00000 
446.81000 1.00000 
446.63800 1.00000 
447.50900 1.00000 
447.66501 1.00000 
448.13400 1.00000 
447.57901 1.00000 
447.76099 1.00000 
448.34399 1.00000 
448.14200 1.00000 
447.57901 1.00000 
446.10501 1.00000 
446.13901 1.00000 
445.75500 1.00000 
445.51999 1.00000 
444.84201 1.00000 
442.84698 1.00000 
442.14001 1.00000 
437.15701 1.00000 
434.44800 1.00000 
435.09399 1.00000 
432.02100 1.00000 
433.62900 1.00000 
434.84201 1.00000 
436.43600 1.00000 
436.85199 1.00000 
437.63000 1.00000 
439.20901 1.00000 
439.69299 1.00000 
440.48999 1.00000 
441.55301 1.00000 
442.97601 1.00000 
442.66000 1.00000 
442.54901 1.00000 
442.71301 1.00000 
442.42499 1.00000 
443.32999 1.00000 
443.48401 1.00000 
443.75101 1.00000 
443.72601 1.00000 
444.44901 1.00000 
444.23001 1.00000 
443.58200 1.00000 
443.30099 1.00000 
443.41800 1.00000 
443.50000 1.00000 
442.99799 1.00000 
442.66299 1.00000 
442.10800 1.00000 
441.66599 1.00000 
441.34000 1.00000 
440.73901 1.00000 
440.57001 1.00000 
439.76999 1.00000 
439.36200 1.00000 
438.66101 1.00000 
439.15201 1.00000 
439.18600 1.00000 
439.49701 1.00000 
439.40201 1.00000 
438.84299 1.00000 
440.21899 1.00000 
440.70599 1.00000 
441.07901 1.00000 
441.36899 1.00000 
442.15399 1.00000 
442.69501 1.00000 
443.18600 1.00000 
443.74799 1.00000 
444.10400 1.00000 
444.47299 1.00000 
445.05899 1.00000 
444.99301 1.00000 
444.99701 1.00000 
445.24100 1.00000 
444.89401 1.00000 
444.66000 1.00000 
444.08701 1.00000 
444.02301 1.00000 
443.71701 1.00000 
443.22699 1.00000 
443.02100 1.00000 
442.28799 1.00000 
441.85699 1.00000 
441.26099 1.00000 
441.26001 1.00000 
440.58600 1.00000 
440.78500 1.00000 
441.04999 1.00000 
440.24100 1.00000 
440.20300 1.00000 
440.36099 1.00000 
440.41901 1.00000 
440.46500 1.00000 
440.79300 1.00000 
440.91599 1.00000 
441.02701 1.00000 
441.55499 1.00000 
441.70099 1.00000 
441.94800 1.00000 
441.46899 1.00000 
442.44901 1.00000 
441.96701 1.00000 
442.35101 1.00000 
441.65302 1.00000 
442.05399 1.00000 
442.22501 1.00000 
442.09201 1.00000 
441.70801 1.00000 
442.23199 1.00000 
441.85101 1.00000 
442.05301 1.00000 
442.21799 1.00000 
442.07300 1.00000 
441.55600 1.00000 
441.91199 1.00000 
441.87500 1.00000 
442.60400 1.00000 
441.82300 1.00000 
442.13400 1.00000 
442.45001 1.00000 
442.06799 1.00000 
441.84201 1.00000 
442.00400 1.00000 
442.61200 1.00000 
442.79999 1.00000 
440.18100 1.00000 
439.55399 1.00000 
430.90201 1.00000 
430.20599 1.00000 
443.00800 1.00000 
439.16199 1.00000 
438.91101 1.00000 
441.17499 1.00000 
439.77701 1.00000 
0.00000 0.00000 
0.00000 0.00000 
0.00000 0.00000 
0.00000 0.00000 
0.00000 0.00000 
0.00000 0.00000 
0.00000 0.00000 
0.00000 0.00000 
0.00000 0.00000 
0.00000 0.00000 
0.00000 0.00000 
0.00000 0.00000 
0.00000 0.00000 
0.00000 0.00000 
0.00000 0.00000 
0.00000 0.00000 
0.00000 0.00000 
0.00000 0.00000 
0.00000 0.00000 
0.00000 0.00000 
0.00000 0.00000 
0.00000 0.00000 
0.00000 0.00000 
0.00000 0.00000 
0.00000 0.00000 
435.78201 1.00000 
436.03900 1.00000 
438.29099 1.00000 
441.17001 1.00000 
441.62900 1.00000 
441.40500 1.00000 
441.24100 1.00000 
440.94501 1.00000 
440.95401 1.00000 
440.77802 1.00000 
441.07401 1.00000 
441.03101 1.00000 
441.30099 1.00000 
441.78699 1.00000 
442.56100 1.00000 
442.81900 1.00000 
442.88300 1.00000 
442.93701 1.00000 
443.25699 1.00000 
443.02899 1.00000 
442.87100 1.00000 
443.00299 1.00000 
442.91199 1.00000 
443.34900 1.00000 
443.35101 1.00000 
443.56601 1.00000 
443.70599 1.00000 
443.93600 1.00000 
444.48001 1.00000 
444.03799 1.00000 
444.38199 1.00000 
444.44299 1.00000 
444.41699 1.00000 
444.34299 1.00000 
444.63199 1.00000 
444.62399 1.00000 
444.45300 1.00000 
444.41400 1.00000 
444.40201 1.00000 
444.37900 1.00000 
444.04401 1.00000 
444.16400 1.00000 
444.36499 1.00000 
443.63901 1.00000 
443.42499 1.00000 
443.28400 1.00000 
442.17801 1.00000 
438.82101 1.00000 
438.40500 1.00000 
429.40500 1.00000 
429.39099 1.00000 
429.04700 1.00000 
0.00000 0.00000 
0.00000 0.00000 
414.82300 1.00000 
428.65799 1.00000 
434.36099 1.00000 
439.40601 1.00000 
440.32001 1.00000 
441.79099 1.00000 
441.85001 1.00000 
443.71399 1.00000 
443.77200 1.00000 
443.88199 1.00000 
443.79901 1.00000 
443.23599 1.00000 
443.99100 1.00000 
443.40500 1.00000 
443.65701 1.00000 
443.76401 1.00000 
443.83200 1.00000 
444.09100 1.00000 
443.69501 1.00000 
443.80399 1.00000 
443.41800 1.00000 
444.15601 1.00000 
444.25900 1.00000 
443.66901 1.00000 
443.75000 1.00000 
444.23999 1.00000 
444.05099 1.00000 
444.01901 1.00000 
443.65799 1.00000 
444.06299 1.00000 
444.46301 1.00000 
444.34000 1.00000 
444.15201 1.00000 
443.87299 1.00000 
443.88699 1.00000 
444.56000 1.00000 
443.01001 1.00000 
443.65201 1.00000 
444.63800 1.00000 
443.86200 1.00000 
438.87701 1.00000 
438.91101 1.00000 
0.00000 0.00000 
0.00000 0.00000 
436.71899 1.00000 
430.60501 1.00000 
430.73599 1.00000 
431.93100 1.00000 
436.37701 1.00000 
439.63199 1.00000 
441.51300 1.00000 
441.54800 1.00000 
444.07001 1.00000 
444.57199 1.00000 
446.51300 1.00000 
445.86099 1.00000 
444.80301 1.00000 
446.04901 1.00000 
446.64301 1.00000 
445.43100 1.00000 
444.61700 1.00000 
445.34201 1.00000 
445.69901 1.00000 
446.05701 1.00000 
446.35901 1.00000 
446.45300 1.00000 
446.58401 1.00000 
446.62799 1.00000 
446.30600 1.00000 
445.77399 1.00000 
446.17599 1.00000 
446.36600 1.00000 
445.72101 1.00000 
446.10699 1.00000 
446.51401 1.00000 
446.47601 1.00000 
446.60199 1.00000 
446.66800 1.00000 
446.67801 1.00000 
447.21301 1.00000 
447.04300 1.00000 
447.05499 1.00000 
447.24899 1.00000 
447.23300 1.00000 
447.63000 1.00000 
446.97198 1.00000 
447.08701 1.00000 
447.57800 1.00000 
447.01999 1.00000 
446.24600 1.00000 
444.09201 1.00000 
444.62799 1.00000 
445.12500 1.00000 
440.70001 1.00000 
427.77499 1.00000 
427.64401 1.00000 
427.17300 1.00000 
0.00000 0.00000 
0.00000 0.00000 
0.00000 0.00000 
0.00000 0.00000 
0.00000 0.00000 
0.00000 0.00000 
0.00000 0.00000 
428.99600 1.00000 
431.33701 1.00000 
433.79599 1.00000 
436.55099 1.00000 
439.75101 1.00000 
442.18900 1.00000 
444.32999 1.00000 
444.42401 1.00000 
444.59299 1.00000 
445.52200 1.00000 
446.07199 1.00000 
446.58701 1.00000 
447.32300 1.00000 
448.84399 1.00000 
449.94501 1.00000 
450.04700 1.00000 
449.47900 1.00000 
449.66800 1.00000 
448.81699 1.00000 
448.29401 1.00000 
448.54700 1.00000 
448.52399 1.00000 
447.11499 1.00000 
446.15601 1.00000 
444.94299 1.00000 
443.96899 1.00000 
442.66199 1.00000 
440.61301 1.00000 
439.80899 1.00000 
439.04999 1.00000 
438.57101 1.00000 
438.30600 1.00000 
437.55801 1.00000 
438.04800 1.00000 
438.97699 1.00000 
439.11499 1.00000 
439.89401 1.00000 
440.89401 1.00000 
442.27899 1.00000 
443.22198 1.00000 
444.06299 1.00000 
444.40399 1.00000 
445.09201 1.00000 
445.22699 1.00000 
445.39999 1.00000 
445.84100 1.00000 
446.13101 1.00000 
446.51901 1.00000 
446.74600 1.00000 
446.88599 1.00000 
446.84201 1.00000 
446.70999 1.00000 
446.18701 1.00000 
445.54099 1.00000 
444.76999 1.00000 
444.21600 1.00000 
443.67801 1.00000 
442.81900 1.00000 
441.79001 1.00000 
440.60901 1.00000 
439.85001 1.00000 
439.95801 1.00000 
439.90100 1.00000 
439.34500 1.00000 
439.65500 1.00000 
439.45801 1.00000 
439.78699 1.00000 
440.25601 1.00000 
440.07599 1.00000 
440.93500 1.00000 
441.52399 1.00000 
442.36200 1.00000 
442.69800 1.00000 
442.40601 1.00000 
442.92499 1.00000 
443.43600 1.00000 
443.62701 1.00000 
443.60599 1.00000 
443.50201 1.00000 
443.75800 1.00000 
443.94800 1.00000 
444.80200 1.00000 
445.22000 1.00000 
443.94101 1.00000 
443.74799 1.00000 
443.07901 1.00000 
428.97101 1.00000 
438.63599 1.00000 
446.98099 1.00000 
405.84299 1.00000 
402.97800 1.00000 
403.85300 1.00000 
400.23700 1.00000 
400.09201 1.00000 
398.14200 1.00000 
397.40100 1.00000 
396.00299 1.00000 
394.34299 1.00000 
393.04501 1.00000 
392.85699 1.00000 
390.20200 1.00000 
389.91501 1.00000 
387.97400 1.00000 
388.99100 1.00000 
388.49701 1.00000 
389.44299 1.00000 
390.41199 1.00000 
392.52600 1.00000 
394.75900 1.00000 
396.23401 1.00000 
395.78601 1.00000 
396.24500 1.00000 
397.07300 1.00000 
398.37500 1.00000 
398.43301 1.00000 
398.44901 1.00000 
398.93701 1.00000 
399.04199 1.00000 
399.06900 1.00000 
398.82401 1.00000 
398.98801 1.00000 
398.96899 1.00000 
398.85599 1.00000 
398.33301 1.00000 
398.29199 1.00000 
399.00000 1.00000 
399.50800 1.00000 
399.56799 1.00000 
398.52100 1.00000 
398.15399 1.00000 
398.33499 1.00000 
397.77802 1.00000 
397.68201 1.00000 
397.09900 1.00000 
398.41000 1.00000 
396.25000 1.00000 
396.97900 1.00000 
396.95700 1.00000 
397.11301 1.00000 
395.64099 1.00000 
391.39700 1.00000 
397.18701 1.00000 
412.38000 1.00000 
420.87701 1.00000 
427.03799 1.00000 
428.31100 1.00000 
427.02100 1.00000 
432.97198 1.00000 
437.69601 1.00000 
443.14001 1.00000 
439.35800 1.00000 
434.51199 1.00000 
434.32199 1.00000 
438.30801 1.00000 
440.55099 1.00000 
436.95001 1.00000 
433.76801 1.00000 
433.04901 1.00000 
435.29599 1.00000 
437.14899 1.00000 
435.77701 1.00000 
434.39301 1.00000 
434.19101 1.00000 
436.25500 1.00000 
438.29001 1.00000 
438.23300 1.00000 
437.22900 1.00000 
437.99899 1.00000 
439.49200 1.00000 
440.42899 1.00000 
439.65500 1.00000 
439.02399 1.00000 
440.24899 1.00000 
441.60599 1.00000 
442.06000 1.00000 
442.10800 1.00000 
442.77399 1.00000 
443.95901 1.00000 
444.18201 1.00000 
443.53900 1.00000 
442.88599 1.00000 
442.58701 1.00000 
442.44601 1.00000 
441.98599 1.00000 
441.09000 1.00000 
440.10101 1.00000 
440.31500 1.00000 
439.96201 1.00000 
438.63599 1.00000 
437.26401 1.00000 
436.44699 1.00000 
435.84601 1.00000 
435.56699 1.00000 
435.29599 1.00000 
435.00800 1.00000 
435.12000 1.00000 
435.29001 1.00000 
436.17499 1.00000 
436.78101 1.00000 
437.34698 1.00000 
437.95901 1.00000 
438.42300 1.00000 
439.29199 1.00000 
439.68301 1.00000 
439.51999 1.00000 
439.42099 1.00000 
439.36801 1.00000 
440.08200 1.00000 
440.30600 1.00000 
440.03299 1.00000 
440.38199 1.00000 
440.15799 1.00000 
440.42801 1.00000 
440.82101 1.00000 
440.21899 1.00000 
439.99100 1.00000 
440.40500 1.00000 
439.78799 1.00000 
439.85800 1.00000 
439.03000 1.00000 
434.04999 1.00000 
409.50601 1.00000 
403.50800 1.00000 
404.89301 1.00000 
403.90100 1.00000 
403.43799 1.00000 
402.94400 1.00000 
403.11401 1.00000 
405.25101 1.00000 
405.39600 1.00000 
504.48001 1.00000 
504.74399 1.00000 
503.47000 1.00000 
501.04199 1.00000 
498.34299 1.00000 
499.22400 1.00000 
499.34299 1.00000 
499.75699 1.00000 
500.54501 1.00000 
503.04401 1.00000 
504.09601 1.00000 
504.83499 1.00000 
504.55899 1.00000 
504.53601 1.00000 
504.98001 1.00000 
504.50800 1.00000 
504.93201 1.00000 
504.85800 1.00000 
505.32401 1.00000 
505.49600 1.00000 
505.48801 1.00000 
505.80701 1.00000 
505.82001 1.00000 
505.71701 1.00000 
505.66501 1.00000 
505.79300 1.00000 
506.16299 1.00000 
506.39301 1.00000 
506.31201 1.00000 
506.16599 1.00000 
506.12299 1.00000 
506.22699 1.00000 
506.17899 1.00000 
506.24600 1.00000 
506.51501 1.00000 
506.59100 1.00000 
506.89899 1.00000 
506.65500 1.00000 
506.83099 1.00000 
506.97800 1.00000 
507.11301 1.00000 
506.86499 1.00000 
506.74500 1.00000 
507.20099 1.00000 
506.85101 1.00000 
507.98001 1.00000 
511.25101 1.00000 
519.75098 1.00000 
522.15601 1.00000 
521.98401 1.00000 
524.54401 1.00000 
528.86798 1.00000 
516.94000 1.00000 
509.59799 1.00000 
516.66998 1.00000 
531.43799 1.00000 
532.06201 1.00000 
532.86902 1.00000 
533.81201 1.00000 
533.43298 1.00000 
532.95599 1.00000 
532.68298 1.00000 
531.96399 1.00000 
530.55200 1.00000 
529.14301 1.00000 
527.79700 1.00000 
526.45300 1.00000 
525.08600 1.00000 
524.45300 1.00000 
524.80402 1.00000 
524.67700 1.00000 
525.10901 1.00000 
525.61700 1.00000 
526.34302 1.00000 
527.83899 1.00000 
529.16803 1.00000 
530.14099 1.00000 
531.32501 1.00000 
533.17102 1.00000 
533.81201 1.00000 
533.87097 1.00000 
534.16400 1.00000 
534.15997 1.00000 
533.78101 1.00000 
534.37701 1.00000 
534.70099 1.00000 
534.55103 1.00000 
534.58197 1.00000 
534.35303 1.00000 
533.89001 1.00000 
533.59497 1.00000 
532.85199 1.00000 
531.40802 1.00000 
529.98401 1.00000 
528.23401 1.00000 
526.27197 1.00000 
524.86902 1.00000 
524.22198 1.00000 
524.02502 1.00000 
522.87000 1.00000 
521.77899 1.00000 
520.45697 1.00000 
519.20599 1.00000 
518.81000 1.00000 
519.47699 1.00000 
519.63098 1.00000 
520.45801 1.00000 
521.07703 1.00000 
521.21600 1.00000 
522.21198 1.00000 
523.22803 1.00000 
524.31799 1.00000 
525.54199 1.00000 
526.88800 1.00000 
528.21503 1.00000 
529.45099 1.00000 
530.92297 1.00000 
531.85101 1.00000 
532.53003 1.00000 
532.90100 1.00000 
532.49402 1.00000 
532.03601 1.00000 
531.84003 1.00000 
531.41998 1.00000 
531.35400 1.00000 
531.32300 1.00000 
531.24500 1.00000 
530.43701 1.00000 
530.01099 1.00000 
529.21100 1.00000 
527.41998 1.00000 
525.83600 1.00000 
525.96301 1.00000 
525.96802 1.00000 
525.24298 1.00000 
523.50800 1.00000 
522.37097 1.00000 
523.07898 1.00000 
521.45398 1.00000 
521.12097 1.00000 
522.08197 1.00000 
522.47498 1.00000 
523.25201 1.00000 
523.88702 1.00000 
523.50897 1.00000 
523.74200 1.00000 
524.12299 1.00000 
523.84497 1.00000 
523.56097 1.00000 
524.04602 1.00000 
524.09497 1.00000 
523.77600 1.00000 
523.39203 1.00000 
523.26501 1.00000 
523.28400 1.00000 
521.56403 1.00000 
520.88898 1.00000 
521.35901 1.00000 
523.32001 1.00000 
523.11798 1.00000 
523.52502 1.00000 
523.02899 1.00000 
526.25000 1.00000 
525.62799 1.00000 
525.84003 1.00000 
527.14697 1.00000 
523.08899 1.00000 
524.72699 1.00000 
523.92902 1.00000 
522.24103 1.00000 
524.90100 1.00000 
521.03802 1.00000 
512.11200 1.00000 
512.68103 1.00000 
520.64398 1.00000 
523.43799 1.00000 
523.54498 1.00000 
507.66199 1.00000 
0.00000 0.00000 
389.53799 1.00000 
391.54001 1.00000 
395.58899 1.00000 
396.49200 1.00000 
394.61401 1.00000 
394.61401 1.00000 
395.76099 1.00000 
396.48001 1.00000 
397.38400 1.00000 
397.70001 1.00000 
397.96500 1.00000 
398.26801 1.00000 
398.30899 1.00000 
398.50500 1.00000 
398.45499 1.00000 
398.28799 1.00000 
398.28299 1.00000 
398.11700 1.00000 
398.09399 1.00000 
398.00101 1.00000 
397.94601 1.00000 
397.95099 1.00000 
397.76599 1.00000 
397.69901 1.00000 
397.60699 1.00000 
397.63199 1.00000 
397.62900 1.00000 
397.51801 1.00000 
397.51700 1.00000 
397.62701 1.00000 
397.57700 1.00000 
397.61801 1.00000 
397.64899 1.00000 
397.62299 1.00000 
397.78201 1.00000 
397.82001 1.00000 
397.81000 1.00000 
397.82901 1.00000 
397.69601 1.00000 
397.79901 1.00000 
397.86200 1.00000 
397.79199 1.00000 
397.84698 1.00000 
397.70300 1.00000 
397.04599 1.00000 
396.43900 1.00000 
396.29599 1.00000 
395.42001 1.00000 
395.03400 1.00000 
395.57501 1.00000 
395.47400 1.00000 
395.36499 1.00000 
395.37799 1.00000 
394.88300 1.00000 
395.20200 1.00000 
395.70001 1.00000 
396.54800 1.00000 
396.69901 1.00000 
396.94699 1.00000 
397.30099 1.00000 
397.20901 1.00000 
397.26401 1.00000 
397.68799 1.00000 
397.97400 1.00000 
397.99301 1.00000 
398.01700 1.00000 
398.15100 1.00000 
398.32901 1.00000 
398.27499 1.00000 
398.32599 1.00000 
398.37399 1.00000 
398.37900 1.00000 
398.59201 1.00000 
398.67899 1.00000 
398.53699 1.00000 
398.63300 1.00000 
398.65701 1.00000 
398.67200 1.00000 
398.61700 1.00000 
398.75400 1.00000 
398.81900 1.00000 
398.82999 1.00000 
398.70700 1.00000 
398.78400 1.00000 
398.75299 1.00000 
398.73700 1.00000 
398.82599 1.00000 
398.63199 1.00000 
398.42599 1.00000 
397.97900 1.00000 
398.15100 1.00000 
398.25900 1.00000 
397.79599 1.00000 
397.07401 1.00000 
393.86700 1.00000 
393.46899 1.00000 
394.01901 1.00000 
394.90201 1.00000 
395.33600 1.00000 
394.98999 1.00000 
395.77802 1.00000 
396.34201 1.00000 
396.35800 1.00000 
397.25500 1.00000 
397.81500 1.00000 
398.26901 1.00000 
398.32101 1.00000 
397.83899 1.00000 
397.83099 1.00000 
397.76901 1.00000 
397.74301 1.00000 
397.80200 1.00000 
397.95700 1.00000 
398.37399 1.00000 
398.14301 1.00000 
398.08499 1.00000 
398.08401 1.00000 
398.14401 1.00000 
398.03699 1.00000 
398.18500 1.00000 
397.96100 1.00000 
397.76999 1.00000 
398.00800 1.00000 
398.07999 1.00000 
398.22900 1.00000 
398.10999 1.00000 
398.09100 1.00000 
398.06601 1.00000 
398.43500 1.00000 
398.54599 1.00000 
398.66901 1.00000 
398.48700 1.00000 
398.84299 1.00000 
398.90900 1.00000 
398.43799 1.00000 
398.90900 1.00000 
398.83499 1.00000 
398.54999 1.00000 
397.12701 1.00000 
394.36401 1.00000 
393.09601 1.00000 
394.11401 1.00000 
399.25299 1.00000 
400.59601 1.00000 
396.77899 1.00000 
394.52899 1.00000 
393.49301 1.00000 
393.65900 1.00000 
393.70999 1.00000 
393.10400 1.00000 
392.20300 1.00000 
391.45999 1.00000 
391.45300 1.00000 
391.52200 1.00000 
391.73999 1.00000 
392.82901 1.00000 
393.54199 1.00000 
393.94299 1.00000 
395.07700 1.00000 
395.95499 1.00000 
396.93301 1.00000 
398.67599 1.00000 
398.24799 1.00000 
398.50400 1.00000 
398.05301 1.00000 
398.84299 1.00000 
399.39099 1.00000 
398.30899 1.00000 
399.02701 1.00000 
398.18100 1.00000 
398.38800 1.00000 
398.16901 1.00000 
398.01501 1.00000 
397.60300 1.00000 
397.07800 1.00000 
396.53799 1.00000 
396.16000 1.00000 
395.76501 1.00000 
395.32999 1.00000 
394.71399 1.00000 
394.20999 1.00000 
393.84799 1.00000 
394.24799 1.00000 
394.93100 1.00000 
393.99600 1.00000 
393.32599 1.00000 
392.45099 1.00000 
391.95599 1.00000 
392.11099 1.00000 
392.84601 1.00000 
393.53101 1.00000 
393.86200 1.00000 
395.12601 1.00000 
397.12399 1.00000 
398.36499 1.00000 
398.88699 1.00000 
399.21799 1.00000 
399.81299 1.00000 
399.86200 1.00000 
400.15399 1.00000 
400.18799 1.00000 
400.19299 1.00000 
400.00900 1.00000 
399.92700 1.00000 
399.57401 1.00000 
399.35199 1.00000 
399.00699 1.00000 
398.63599 1.00000 
398.33499 1.00000 
397.94601 1.00000 
397.50299 1.00000 
397.24301 1.00000 
396.90799 1.00000 
396.58701 1.00000 
396.17599 1.00000 
396.04199 1.00000 
395.66800 1.00000 
395.37701 1.00000 
395.60400 1.00000 
395.78699 1.00000 
395.35699 1.00000 
395.17099 1.00000 
394.81699 1.00000 
395.09601 1.00000 
394.62201 1.00000 
394.19101 1.00000 
394.04800 1.00000 
394.13400 1.00000 
393.98199 1.00000 
394.54999 1.00000 
395.60501 1.00000 
396.25400 1.00000 
395.10501 1.00000 
394.63199 1.00000 
394.44400 1.00000 
396.15399 1.00000 
396.57101 1.00000 
392.26300 1.00000 
391.28900 1.00000 
393.94000 1.00000 
400.43900 1.00000 
402.67099 1.00000 
392.21500 1.00000 
388.38199 1.00000 
392.63000 1.00000 
411.48199 1.00000 
385.68100 1.00000 
371.11700 1.00000 
364.72800 1.00000 
354.56601 1.00000 
353.23099 1.00000 
360.88800 1.00000 
361.18600 1.00000 
356.22299 1.00000 
351.21600 1.00000 
354.72601 1.00000 
357.50101 1.00000 
356.28799 1.00000 
352.97101 1.00000 
351.71100 1.00000 
354.54800 1.00000 
355.52301 1.00000 
353.61200 1.00000 
352.08701 1.00000 
353.39001 1.00000 
354.41501 1.00000 
354.50299 1.00000 
353.12500 1.00000 
352.84000 1.00000 
353.67700 1.00000 
354.17599 1.00000 
353.62900 1.00000 
353.12500 1.00000 
353.28299 1.00000 
353.72601 1.00000 
353.99200 1.00000 
353.28101 1.00000 
353.33600 1.00000 
353.76099 1.00000 
354.15601 1.00000 
353.83301 1.00000 
353.08499 1.00000 
352.86700 1.00000 
353.28500 1.00000 
353.26300 1.00000 
353.21399 1.00000 
351.79401 1.00000 
351.33200 1.00000 
353.74301 1.00000 
359.67200 1.00000 
336.09799 1.00000 
331.20300 1.00000 
332.18399 1.00000 
333.86401 1.00000 
334.21701 1.00000 
334.57901 1.00000 
334.62399 1.00000 
335.08600 1.00000 
334.48999 1.00000 
334.45001 1.00000 
334.86301 1.00000 
334.55600 1.00000 
334.28400 1.00000 
334.61099 1.00000 
334.39899 1.00000 
333.61801 1.00000 
333.29999 1.00000 
333.14301 1.00000 
332.59601 1.00000 
332.33899 1.00000 
332.08301 1.00000 
331.44101 1.00000 
331.30099 1.00000 
331.08600 1.00000 
331.02499 1.00000 
330.87900 1.00000 
331.04199 1.00000 
331.21201 1.00000 
331.48001 1.00000 
331.88599 1.00000 
332.27802 1.00000 
332.58499 1.00000 
332.76501 1.00000 
333.13300 1.00000 
333.04199 1.00000 
333.20099 1.00000 
333.25601 1.00000 
333.62500 1.00000 
333.76099 1.00000 
334.06799 1.00000 
334.74899 1.00000 
335.34900 1.00000 
335.83600 1.00000 
336.31699 1.00000 
336.54700 1.00000 
336.65201 1.00000 
336.54300 1.00000 
336.40399 1.00000 
335.83200 1.00000 
335.61099 1.00000 
334.99899 1.00000 
334.04700 1.00000 
333.57700 1.00000 
332.99701 1.00000 
332.35300 1.00000 
332.14700 1.00000 
331.85501 1.00000 
331.52200 1.00000 
331.52899 1.00000 
331.36200 1.00000 
331.44901 1.00000 
331.64099 1.00000 
331.83401 1.00000 
332.09500 1.00000 
332.30099 1.00000 
332.79700 1.00000 
332.95599 1.00000 
333.31799 1.00000 
333.54199 1.00000 
333.59399 1.00000 
333.89999 1.00000 
334.00800 1.00000 
334.17401 1.00000 
334.30399 1.00000 
334.71701 1.00000 
335.00299 1.00000 
335.08499 1.00000 
335.36200 1.00000 
335.39700 1.00000 
335.56699 1.00000 
335.54599 1.00000 
335.13300 1.00000 
335.36899 1.00000 
335.35101 1.00000 
335.38699 1.00000 
335.19800 1.00000 
335.65302 1.00000 
335.52899 1.00000 
335.49701 1.00000 
335.65500 1.00000 
335.55899 1.00000 
335.69800 1.00000 
338.51199 1.00000 
341.92999 1.00000 
344.14001 1.00000 
346.28500 1.00000 
348.49301 1.00000 
348.79700 1.00000 
349.60501 1.00000 
350.12000 1.00000 
350.52899 1.00000 
351.04300 1.00000 
351.29999 1.00000 
351.49200 1.00000 
351.39801 1.00000 
351.56500 1.00000 
351.55499 1.00000 
351.83499 1.00000 
352.03500 1.00000 
352.14200 1.00000 
352.07800 1.00000 
351.93900 1.00000 
351.90100 1.00000 
351.86499 1.00000 
351.80301 1.00000 
351.71100 1.00000 
351.64401 1.00000 
351.66101 1.00000 
351.88101 1.00000 
351.60501 1.00000 
351.32001 1.00000 
351.38901 1.00000 
351.59601 1.00000 
351.64899 1.00000 
351.51599 1.00000 
351.40201 1.00000 
351.42001 1.00000 
351.50500 1.00000 
351.44901 1.00000 
351.52802 1.00000 
351.62500 1.00000 
351.75000 1.00000 
351.82001 1.00000 
351.94000 1.00000 
352.22900 1.00000 
352.51801 1.00000 
352.60101 1.00000 
353.24100 1.00000 
353.99100 1.00000 
353.49200 1.00000 
354.28101 1.00000 
355.66699 1.00000 
356.47800 1.00000 
0.00000 0.00000 
395.67001 1.00000 
394.49100 1.00000 
396.65601 1.00000 
398.65900 1.00000 
401.32401 1.00000 
402.85999 1.00000 
402.58401 1.00000 
402.49500 1.00000 
401.65701 1.00000 
401.10800 1.00000 
400.86099 1.00000 
400.82401 1.00000 
400.25900 1.00000 
399.42200 1.00000 
398.59201 1.00000 
397.84399 1.00000 
396.88101 1.00000 
395.14801 1.00000 
393.00800 1.00000 
390.76099 1.00000 
388.70001 1.00000 
386.54700 1.00000 
383.95099 1.00000 
383.47699 1.00000 
385.90201 1.00000 
386.87799 1.00000 
387.84399 1.00000 
389.92401 1.00000 
392.11499 1.00000 
393.76401 1.00000 
395.43399 1.00000 
398.96301 1.00000 
401.41901 1.00000 
400.53699 1.00000 
400.79501 1.00000 
400.99100 1.00000 
400.25000 1.00000 
399.71799 1.00000 
399.66800 1.00000 
399.54501 1.00000 
399.42200 1.00000 
399.30499 1.00000 
398.79901 1.00000 
398.29599 1.00000 
397.59799 1.00000 
396.91199 1.00000 
396.01300 1.00000 
395.00900 1.00000 
393.69901 1.00000 
392.37299 1.00000 
391.37399 1.00000 
390.09900 1.00000 
388.98099 1.00000 
388.39700 1.00000 
389.31299 1.00000 
388.82700 1.00000 
388.95999 1.00000 
389.77100 1.00000 
390.16199 1.00000 
390.90399 1.00000 
391.69800 1.00000 
392.80301 1.00000 
394.95001 1.00000 
397.66000 1.00000 
398.89600 1.00000 
398.61099 1.00000 
399.20099 1.00000 
400.19101 1.00000 
399.84000 1.00000 
399.46899 1.00000 
399.56201 1.00000 
399.48499 1.00000 
399.16199 1.00000 
398.90799 1.00000 
398.69299 1.00000 
398.36499 1.00000 
397.91501 1.00000 
397.51099 1.00000 
396.99200 1.00000 
396.28299 1.00000 
395.67899 1.00000 
394.89401 1.00000 
394.04800 1.00000 
393.14801 1.00000 
392.44800 1.00000 
391.85800 1.00000 
391.36499 1.00000 
390.95099 1.00000 
391.00500 1.00000 
390.97198 1.00000 
390.84299 1.00000 
390.78400 1.00000 
390.85199 1.00000 
391.10101 1.00000 
391.59100 1.00000 
392.20401 1.00000 
392.87299 1.00000 
393.97299 1.00000 
395.41000 1.00000 
396.80499 1.00000 
397.57101 1.00000 
398.27499 1.00000 
399.11099 1.00000 
399.39200 1.00000 
399.06201 1.00000 
398.67099 1.00000 
398.47000 1.00000 
398.75201 1.00000 
398.56500 1.00000 
398.40100 1.00000 
398.45200 1.00000 
398.40399 1.00000 
398.34100 1.00000 
398.14301 1.00000 
397.94699 1.00000 
397.92700 1.00000 
397.92801 1.00000 
397.89401 1.00000 
397.98001 1.00000 
398.00900 1.00000 
397.77701 1.00000 
397.73199 1.00000 
397.79501 1.00000 
397.64200 1.00000 
397.65601 1.00000 
397.46600 1.00000 
397.03500 1.00000 
396.70901 1.00000 
397.01901 1.00000 
397.05701 1.00000 
396.77499 1.00000 
395.72800 1.00000 
395.37601 1.00000 
397.27899 1.00000 
400.79501 1.00000 
400.60999 1.00000 
395.00800 1.00000 
395.83899 1.00000 
394.03799 1.00000 
393.55301 1.00000 
392.45901 1.00000 
393.25101 1.00000 
396.95901 1.00000 
392.45499 1.00000 
386.06299 1.00000 
427.66599 1.00000 
427.67200 1.00000 
427.82401 1.00000 
427.46201 1.00000 
426.63000 1.00000 
426.42499 1.00000 
433.21600 1.00000 
442.22299 1.00000 
443.36401 1.00000 
439.43799 1.00000 
438.81699 1.00000 
441.10699 1.00000 
440.31400 1.00000 
438.61801 1.00000 
436.36499 1.00000 
436.91699 1.00000 
438.55499 1.00000 
439.66599 1.00000 
437.88199 1.00000 
436.98901 1.00000 
438.93799 1.00000 
441.23499 1.00000 
442.22501 1.00000 
440.20999 1.00000 
441.11899 1.00000 
444.96899 1.00000 
445.32800 1.00000 
444.08701 1.00000 
444.45700 1.00000 
447.90701 1.00000 
448.50101 1.00000 
445.76099 1.00000 
446.53000 1.00000 
449.10101 1.00000 
448.64099 1.00000 
446.01599 1.00000 
447.42401 1.00000 
448.77200 1.00000 
445.75500 1.00000 
442.07700 1.00000 
440.60300 1.00000 
438.21899 1.00000 
435.62500 1.00000 
432.98099 1.00000 
427.23099 1.00000 
422.85001 1.00000 
415.63901 1.00000 
406.70700 1.00000 
414.11801 1.00000 
412.63599 1.00000 
419.32700 1.00000 
424.57199 1.00000 
429.34698 1.00000 
430.05701 1.00000 
431.57599 1.00000 
434.04800 1.00000 
436.09399 1.00000 
437.84799 1.00000 
438.98700 1.00000 
440.83099 1.00000 
442.67099 1.00000 
444.01099 1.00000 
443.58600 1.00000 
443.63000 1.00000 
443.74399 1.00000 
443.92599 1.00000 
444.52301 1.00000 
443.86301 1.00000 
443.70099 1.00000 
444.11801 1.00000 
444.02899 1.00000 
443.60199 1.00000 
443.97501 1.00000 
444.48300 1.00000 
444.68301 1.00000 
444.36499 1.00000 
444.49600 1.00000 
444.77701 1.00000 
444.39001 1.00000 
444.65799 1.00000 
444.80099 1.00000 
444.80899 1.00000 
444.56799 1.00000 
444.18900 1.00000 
443.97299 1.00000 
443.26999 1.00000 
442.11099 1.00000 
441.14001 1.00000 
437.70801 1.00000 
436.90500 1.00000 
434.10501 1.00000 
432.97900 1.00000 
428.02399 1.00000 
417.35999 1.00000 
425.83301 1.00000 
424.71201 1.00000 
426.85199 1.00000 
418.49799 1.00000 
424.48499 1.00000 
434.13199 1.00000 
437.03500 1.00000 
437.38599 1.00000 
437.88800 1.00000 
438.67300 1.00000 
439.97299 1.00000 
440.55801 1.00000 
441.60501 1.00000 
442.83600 1.00000 
443.51501 1.00000 
443.44601 1.00000 
443.58801 1.00000 
443.42999 1.00000 
443.78201 1.00000 
443.89600 1.00000 
443.55701 1.00000 
443.59799 1.00000 
443.39700 1.00000 
443.33701 1.00000 
442.59500 1.00000 
442.04199 1.00000 
442.32401 1.00000 
442.78400 1.00000 
443.19000 1.00000 
443.15799 1.00000 
443.10901 1.00000 
443.09601 1.00000 
443.20300 1.00000 
443.23801 1.00000 
443.57700 1.00000 
444.23300 1.00000 
444.11099 1.00000 
443.98700 1.00000 
443.95001 1.00000 
443.21600 1.00000 
443.45901 1.00000 
443.48300 1.00000 
444.79700 1.00000 
446.49301 1.00000 
446.43399 1.00000 
446.89801 1.00000 
446.78500 1.00000 
446.47198 1.00000 
445.68399 1.00000 
445.42401 1.00000 
443.71201 1.00000 
443.30600 1.00000 
434.35599 1.00000 
424.62000 1.00000 
428.90601 1.00000 
435.08301 1.00000 
439.41599 1.00000 
444.14600 1.00000 
445.28299 1.00000 
445.19501 1.00000 
443.83701 1.00000 
442.28101 1.00000 
442.46500 1.00000 
440.24701 1.00000 
438.34799 1.00000 
437.66901 1.00000 
436.67200 1.00000 
436.77100 1.00000 
436.85699 1.00000 
436.14099 1.00000 
436.74799 1.00000 
437.61499 1.00000 
438.07501 1.00000 
438.85599 1.00000 
440.01401 1.00000 
440.92700 1.00000 
442.18201 1.00000 
442.44299 1.00000 
442.25800 1.00000 
443.89099 1.00000 
444.84000 1.00000 
445.06500 1.00000 
445.22299 1.00000 
445.91599 1.00000 
446.41501 1.00000 
447.09900 1.00000 
447.77100 1.00000 
447.69901 1.00000 
447.94101 1.00000 
447.63800 1.00000 
446.91501 1.00000 
446.58499 1.00000 
444.88599 1.00000 
443.48199 1.00000 
442.16800 1.00000 
440.17300 1.00000 
439.59799 1.00000 
438.82001 1.00000 
437.96301 1.00000 
437.80200 1.00000 
437.41199 1.00000 
436.93900 1.00000 
437.30099 1.00000 
437.20200 1.00000 
437.00101 1.00000 
437.72198 1.00000 
438.61899 1.00000 
439.25299 1.00000 
439.81900 1.00000 
440.64700 1.00000 
440.58301 1.00000 
441.68301 1.00000 
442.41901 1.00000 
442.94601 1.00000 
443.84000 1.00000 
442.76199 1.00000 
443.87000 1.00000 
443.06601 1.00000 
442.82901 1.00000 
443.62000 1.00000 
443.57401 1.00000 
443.13199 1.00000 
443.57199 1.00000 
442.98599 1.00000 
442.88101 1.00000 
442.85599 1.00000 
442.56299 1.00000 
442.60001 1.00000 
442.61099 1.00000 
442.65100 1.00000 
442.06699 1.00000 
442.23001 1.00000 
441.64600 1.00000 
441.28400 1.00000 
441.71201 1.00000 
443.08301 1.00000 
443.59399 1.00000 
442.18900 1.00000 
441.56900 1.00000 
441.18100 1.00000 
434.95200 1.00000 
428.18301 1.00000 
388.02399 1.00000 
393.01901 1.00000 
394.64099 1.00000 
393.86700 1.00000 
393.36801 1.00000 
393.98199 1.00000 
397.38800 1.00000 
399.38800 1.00000 
397.89700 1.00000 
396.53500 1.00000 
397.59399 1.00000 
399.29199 1.00000 
398.30200 1.00000 
395.67300 1.00000 
395.76999 1.00000 
397.33301 1.00000 
398.21701 1.00000 
396.13199 1.00000 
394.51901 1.00000 
395.97501 1.00000 
397.57901 1.00000 
396.78699 1.00000 
394.81201 1.00000 
395.10001 1.00000 
396.56299 1.00000 
396.70099 1.00000 
395.28000 1.00000 
394.93900 1.00000 
396.51999 1.00000 
397.09399 1.00000 
395.80399 1.00000 
394.77399 1.00000 
396.08600 1.00000 
397.54599 1.00000 
396.57300 1.00000 
395.36899 1.00000 
395.78799 1.00000 
398.11301 1.00000 
399.58701 1.00000 
397.31299 1.00000 
393.20599 1.00000 
397.89999 1.00000 
401.29001 1.00000 
396.14700 1.00000 
392.45401 1.00000 
397.21301 1.00000 
396.22601 1.00000 
395.14499 1.00000 
395.20001 1.00000 
395.85501 1.00000 
392.17401 1.00000 
386.78400 1.00000 
398.03400 1.00000 
412.20700 1.00000 
426.78000 1.00000 
417.48199 1.00000 
428.80499 1.00000 
427.83701 1.00000 
437.09299 1.00000 
438.70999 1.00000 
440.13000 1.00000 
439.15601 1.00000 
438.79501 1.00000 
438.88800 1.00000 
442.33301 1.00000 
442.50500 1.00000 
439.34000 1.00000 
441.62000 1.00000 
442.45901 1.00000 
442.97699 1.00000 
442.52499 1.00000 
442.07901 1.00000 
442.35400 1.00000 
443.01901 1.00000 
442.65399 1.00000 
442.40500 1.00000 
442.34601 1.00000 
442.70001 1.00000 
442.89801 1.00000 
442.67999 1.00000 
442.49600 1.00000 
442.60400 1.00000 
442.88599 1.00000 
442.75900 1.00000 
442.68900 1.00000 
442.68201 1.00000 
442.63599 1.00000 
442.65302 1.00000 
442.64801 1.00000 
442.62201 1.00000 
442.56100 1.00000 
442.66599 1.00000 
442.64301 1.00000 
442.67999 1.00000 
442.62601 1.00000 
442.66599 1.00000 
442.69800 1.00000 
442.68600 1.00000 
442.84601 1.00000 
442.82901 1.00000 
442.71500 1.00000 
442.82501 1.00000 
442.81900 1.00000 
442.66101 1.00000 
442.90900 1.00000 
442.84698 1.00000 
442.88101 1.00000 
443.04501 1.00000 
442.94901 1.00000 
442.77100 1.00000 
442.81299 1.00000 
442.90601 1.00000 
442.93201 1.00000 
442.77802 1.00000 
442.80701 1.00000 
442.75699 1.00000 
442.71701 1.00000 
442.78299 1.00000 
442.66299 1.00000 
442.71600 1.00000 
442.62900 1.00000 
442.69199 1.00000 
442.72400 1.00000 
442.64001 1.00000 
442.69101 1.00000 
442.82199 1.00000 
442.86700 1.00000 
442.64801 1.00000 
442.61499 1.00000 
442.53201 1.00000 
442.51401 1.00000 
442.74100 1.00000 
442.46799 1.00000 
442.64499 1.00000 
442.74799 1.00000 
442.65399 1.00000 
442.33099 1.00000 
443.24100 1.00000 
443.45801 1.00000 
454.67700 1.00000 
453.81900 1.00000 
452.59500 1.00000 
438.38000 1.00000 
432.28201 1.00000 
487.36099 1.00000 
496.09299 1.00000 
499.62000 1.00000 
500.48499 1.00000 
500.72900 1.00000 
500.98999 1.00000 
500.76801 1.00000 
500.82199 1.00000 
500.76599 1.00000 
500.81000 1.00000 
500.16000 1.00000 
500.61200 1.00000 
500.08801 1.00000 
500.28101 1.00000 
499.81601 1.00000 
499.81601 1.00000 
499.57199 1.00000 
499.50800 1.00000 
499.40799 1.00000 
499.42099 1.00000 
499.27100 1.00000 
499.59100 1.00000 
499.24301 1.00000 
499.81299 1.00000 
499.20901 1.00000 
499.92999 1.00000 
499.34900 1.00000 
499.73499 1.00000 
499.48700 1.00000 
499.56799 1.00000 
499.45599 1.00000 
499.45099 1.00000 
499.32300 1.00000 
499.42599 1.00000 
499.06400 1.00000 
499.43100 1.00000 
498.80701 1.00000 
499.16501 1.00000 
498.72601 1.00000 
499.14200 1.00000 
498.80499 1.00000 
499.99899 1.00000 
506.25500 1.00000 
505.70700 1.00000 
504.79001 1.00000 
503.01901 1.00000 
0.00000 0.00000 
521.04999 1.00000 
527.18402 1.00000 
531.12500 1.00000 
532.47498 1.00000 
533.07599 1.00000 
533.54303 1.00000 
533.53198 1.00000 
533.31799 1.00000 
532.87903 1.00000 
532.25500 1.00000 
531.13202 1.00000 
529.36401 1.00000 
527.67902 1.00000 
525.80200 1.00000 
523.17200 1.00000 
522.08197 1.00000 
521.63397 1.00000 
521.12201 1.00000 
520.62097 1.00000 
519.90100 1.00000 
519.80798 1.00000 
521.36603 1.00000 
523.43597 1.00000 
525.28699 1.00000 
526.73199 1.00000 
528.13800 1.00000 
529.62500 1.00000 
531.17700 1.00000 
532.08600 1.00000 
532.67700 1.00000 
533.75000 1.00000 
534.05701 1.00000 
533.75201 1.00000 
532.89099 1.00000 
532.50598 1.00000 
532.50897 1.00000 
532.30902 1.00000 
532.28900 1.00000 
532.20502 1.00000 
531.80298 1.00000 
530.90997 1.00000 
529.24103 1.00000 
527.78601 1.00000 
526.80298 1.00000 
525.47699 1.00000 
524.42102 1.00000 
523.73102 1.00000 
523.43103 1.00000 
523.26898 1.00000 
523.29401 1.00000 
523.27600 1.00000 
523.42798 1.00000 
523.77301 1.00000 
524.29999 1.00000 
525.19202 1.00000 
525.98401 1.00000 
527.08099 1.00000 
528.46802 1.00000 
530.28802 1.00000 
531.86298 1.00000 
532.82898 1.00000 
533.14600 1.00000 
533.34802 1.00000 
533.46802 1.00000 
533.07397 1.00000 
532.83801 1.00000 
532.64398 1.00000 
532.72900 1.00000 
532.93701 1.00000 
533.36902 1.00000 
533.81598 1.00000 
533.75201 1.00000 
533.87299 1.00000 
533.59900 1.00000 
532.51801 1.00000 
531.35498 1.00000 
530.38300 1.00000 
529.38599 1.00000 
528.00201 1.00000 
526.87097 1.00000 
526.17200 1.00000 
525.24500 1.00000 
524.60901 1.00000 
524.28198 1.00000 
524.51703 1.00000 
524.72198 1.00000 
524.75403 1.00000 
524.74500 1.00000 
523.54700 1.00000 
524.11603 1.00000 
526.37500 1.00000 
512.94202 1.00000 
517.12903 1.00000 
520.89697 1.00000 
527.90399 1.00000 
530.89600 1.00000 
531.98798 1.00000 
533.23102 1.00000 
533.09198 1.00000 
533.25702 1.00000 
533.25403 1.00000 
533.80798 1.00000 
533.96503 1.00000 
534.02698 1.00000 
534.01801 1.00000 
533.98102 1.00000 
533.86902 1.00000 
533.74799 1.00000 
533.61401 1.00000 
533.37299 1.00000 
533.27600 1.00000 
533.05701 1.00000 
533.07800 1.00000 
533.10602 1.00000 
533.19598 1.00000 
533.20502 1.00000 
533.22699 1.00000 
533.12500 1.00000 
533.28900 1.00000 
533.28998 1.00000 
533.35999 1.00000 
533.61401 1.00000 
533.59998 1.00000 
533.56598 1.00000 
533.60498 1.00000 
533.71301 1.00000 
533.67603 1.00000 
533.64001 1.00000 
533.53302 1.00000 
533.49902 1.00000 
533.37299 1.00000 
533.09198 1.00000 
532.69897 1.00000 
532.00500 1.00000 
531.09698 1.00000 
527.89398 1.00000 
530.48499 1.00000 
532.25000 1.00000 
526.86102 1.00000 
503.03500 1.00000 
503.43201 1.00000 
505.13300 1.00000 
507.08600 1.00000 
507.77701 1.00000 
508.08600 1.00000 
507.82101 1.00000 
506.69601 1.00000 
505.54001 1.00000 
504.34299 1.00000 
503.06699 1.00000 
501.57501 1.00000 
500.94101 1.00000 
499.92401 1.00000 
499.27100 1.00000 
498.65900 1.00000 
498.32901 1.00000 
498.08701 1.00000 
498.08801 1.00000 
499.05499 1.00000 
499.60599 1.00000 
500.71701 1.00000 
501.67001 1.00000 
502.82501 1.00000 
504.09299 1.00000 
504.82501 1.00000 
505.50800 1.00000 
506.57901 1.00000 
507.70999 1.00000 
508.00800 1.00000 
508.19199 1.00000 
509.40701 1.00000 
509.93900 1.00000 
509.69901 1.00000 
509.28699 1.00000 
509.28299 1.00000 
508.72601 1.00000 
507.18301 1.00000 
506.05301 1.00000 
505.17401 1.00000 
504.30801 1.00000 
503.38300 1.00000 
502.44101 1.00000 
501.75201 1.00000 
500.54401 1.00000 
499.48999 1.00000 
498.10501 1.00000 
496.90399 1.00000 
495.70401 1.00000 
495.41699 1.00000 
495.76599 1.00000 
495.80499 1.00000 
495.75900 1.00000 
496.14001 1.00000 
496.89600 1.00000 
497.74899 1.00000 
498.91199 1.00000 
499.72000 1.00000 
500.70999 1.00000 
502.11700 1.00000 
502.70300 1.00000 
503.80499 1.00000 
504.75000 1.00000 
505.34698 1.00000 
506.85400 1.00000 
508.14401 1.00000 
506.89899 1.00000 
506.40399 1.00000 
507.11200 1.00000 
507.67499 1.00000 
507.21399 1.00000 
506.46301 1.00000 
505.87701 1.00000 
504.94800 1.00000 
502.43399 1.00000 
501.85199 1.00000 
501.66501 1.00000 
501.33600 1.00000 
500.55801 1.00000 
499.79300 1.00000 
498.46399 1.00000 
497.22900 1.00000 
496.40201 1.00000 
496.66699 1.00000 
496.64600 1.00000 
496.62799 1.00000 
496.38101 1.00000 
496.67700 1.00000 
496.90701 1.00000 
499.69601 1.00000 
490.75201 1.00000 
496.99100 1.00000 
499.88101 1.00000 
499.45999 1.00000 
500.83600 1.00000 
502.44101 1.00000 
504.37399 1.00000 
506.58200 1.00000 
507.20700 1.00000 
507.65799 1.00000 
508.41699 1.00000 
508.28400 1.00000 
508.60901 1.00000 
508.62900 1.00000 
508.38501 1.00000 
508.37601 1.00000 
508.29099 1.00000 
507.70700 1.00000 
507.65302 1.00000 
507.70200 1.00000 
507.56299 1.00000 
507.58899 1.00000 
507.67801 1.00000 
507.67999 1.00000 
507.46500 1.00000 
507.41901 1.00000 
507.38901 1.00000 
507.66501 1.00000 
507.85400 1.00000 
508.08600 1.00000 
507.83301 1.00000 
507.75000 1.00000 
507.80499 1.00000 
507.83701 1.00000 
507.87799 1.00000 
508.02899 1.00000 
507.92001 1.00000 
507.82800 1.00000 
507.96899 1.00000 
508.01700 1.00000 
507.56000 1.00000 
507.39899 1.00000 
507.00601 1.00000 
506.95401 1.00000 
508.61899 1.00000 
527.98700 1.00000 
554.22998 1.00000 
550.96802 1.00000 
588.96399 1.00000 
593.75598 1.00000 
598.58002 1.00000 
592.71399 1.00000 
584.09601 1.00000 
599.48199 1.00000 
601.73297 1.00000 
600.85797 1.00000 
602.56403 1.00000 
600.98602 1.00000 
600.42999 1.00000 
598.76801 1.00000 
596.52301 1.00000 
594.95099 1.00000 
593.39398 1.00000 
591.17102 1.00000 
588.71899 1.00000 
587.88098 1.00000 
587.14099 1.00000 
586.18402 1.00000 
585.12903 1.00000 
584.86401 1.00000 
585.12598 1.00000 
586.91901 1.00000 
587.72998 1.00000 
587.90503 1.00000 
589.93298 1.00000 
592.43500 1.00000 
595.53998 1.00000 
596.43597 1.00000 
597.08502 1.00000 
597.39600 1.00000 
597.37701 1.00000 
598.12903 1.00000 
598.76599 1.00000 
600.93402 1.00000 
602.66302 1.00000 
601.91803 1.00000 
600.95398 1.00000 
600.05701 1.00000 
599.61603 1.00000 
599.69000 1.00000 
598.47302 1.00000 
596.62500 1.00000 
595.31500 1.00000 
594.21002 1.00000 
592.66498 1.00000 
591.32898 1.00000 
584.78699 1.00000 
587.81201 1.00000 
585.40698 1.00000 
581.93701 1.00000 
580.93597 1.00000 
581.26703 1.00000 
582.12299 1.00000 
582.41901 1.00000 
583.00500 1.00000 
584.15503 1.00000 
584.49200 1.00000 
584.64099 1.00000 
586.23901 1.00000 
589.41101 1.00000 
591.62000 1.00000 
593.79901 1.00000 
595.57800 1.00000 
596.58698 1.00000 
596.64301 1.00000 
597.14301 1.00000 
597.67798 1.00000 
596.29102 1.00000 
596.63202 1.00000 
596.71899 1.00000 
595.76703 1.00000 
595.85498 1.00000 
595.06702 1.00000 
595.72198 1.00000 
597.24701 1.00000 
596.72699 1.00000 
594.74103 1.00000 
592.57397 1.00000 
584.54199 1.00000 
582.89502 1.00000 
575.26703 1.00000 
561.38800 1.00000 
0.00000 0.00000 
0.00000 0.00000 
0.00000 0.00000 
0.00000 0.00000 
0.00000 0.00000 
507.50900 1.00000 
503.25000 1.00000 
505.17300 1.00000 
505.12201 1.00000 
505.11099 1.00000 
505.12299 1.00000 
504.59299 1.00000 
504.78000 1.00000 
504.40799 1.00000 
504.17801 1.00000 
504.14700 1.00000 
504.04300 1.00000 
504.30899 1.00000 
504.22601 1.00000 
504.23199 1.00000 
504.25101 1.00000 
504.11401 1.00000 
503.98199 1.00000 
503.69901 1.00000 
503.66199 1.00000 
503.46301 1.00000 
503.32501 1.00000 
503.50601 1.00000 
503.26801 1.00000 
503.85001 1.00000 
503.45700 1.00000 
503.65302 1.00000 
503.71701 1.00000 
503.32199 1.00000 
503.96500 1.00000 
503.23700 1.00000 
503.94000 1.00000 
503.49100 1.00000 
503.59900 1.00000 
503.41699 1.00000 
502.78500 1.00000 
504.03299 1.00000 
502.41400 1.00000 
503.09100 1.00000 
502.22501 1.00000 
502.77399 1.00000 
503.39899 1.00000 
502.51501 1.00000 
503.22198 1.00000 
507.49100 1.00000 
517.01001 1.00000 
512.06097 1.00000 
516.68103 1.00000 
0.00000 0.00000 
0.00000 0.00000 
428.66000 1.00000 
439.50500 1.00000 
443.48999 1.00000 
445.74899 1.00000 
445.60800 1.00000 
445.27802 1.00000 
444.67801 1.00000 
444.52701 1.00000 
444.19699 1.00000 
443.64099 1.00000 
442.73801 1.00000 
441.51901 1.00000 
442.01199 1.00000 
441.58701 1.00000 
439.13300 1.00000 
436.88300 1.00000 
436.81500 1.00000 
434.06100 1.00000 
435.00900 1.00000 
437.45599 1.00000 
437.47101 1.00000 
438.16199 1.00000 
439.28900 1.00000 
439.18600 1.00000 
438.88501 1.00000 
436.08200 1.00000 
435.41800 1.00000 
436.07001 1.00000 
440.14099 1.00000 
439.64499 1.00000 
444.32700 1.00000 
449.12201 1.00000 
448.38599 1.00000 
449.92700 1.00000 
450.77301 1.00000 
451.15201 1.00000 
451.15302 1.00000 
449.68799 1.00000 
449.31799 1.00000 
448.69299 1.00000 
447.29599 1.00000 
446.84601 1.00000 
447.63901 1.00000 
448.44901 1.00000 
448.27600 1.00000 
447.75000 1.00000 
447.29901 1.00000 
446.57001 1.00000 
445.25101 1.00000 
444.11700 1.00000 
442.81500 1.00000 
442.50101 1.00000 
442.56699 1.00000 
442.27399 1.00000 
442.92599 1.00000 
443.61499 1.00000 
444.13000 1.00000 
443.84601 1.00000 
444.16699 1.00000 
444.34299 1.00000 
444.91000 1.00000 
444.92001 1.00000 
445.87701 1.00000 
446.48901 1.00000 
447.79300 1.00000 
448.93600 1.00000 
449.94000 1.00000 
450.64801 1.00000 
450.78101 1.00000 
450.13400 1.00000 
449.33200 1.00000 
448.24399 1.00000 
448.23999 1.00000 
448.56201 1.00000 
449.91699 1.00000 
450.71500 1.00000 
450.14600 1.00000 
449.65399 1.00000 
449.34299 1.00000 
448.45300 1.00000 
447.59799 1.00000 
446.45001 1.00000 
446.20599 1.00000 
445.93701 1.00000 
446.03101 1.00000 
445.32599 1.00000 
445.15500 1.00000 
444.43201 1.00000 
443.99100 1.00000 
443.84201 1.00000 
443.94199 1.00000 
444.27802 1.00000 
445.33301 1.00000 
444.71399 1.00000 
445.07101 1.00000 
445.61401 1.00000 
445.63000 1.00000 
445.62100 1.00000 
445.75900 1.00000 
446.55600 1.00000 
447.11401 1.00000 
447.34900 1.00000 
448.51401 1.00000 
448.79401 1.00000 
449.73801 1.00000 
449.59500 1.00000 
449.68100 1.00000 
449.44299 1.00000 
449.09399 1.00000 
449.13400 1.00000 
449.33899 1.00000 
449.48499 1.00000 
449.23499 1.00000 
448.54001 1.00000 
448.25000 1.00000 
447.96301 1.00000 
447.41400 1.00000 
447.67001 1.00000 
447.66101 1.00000 
448.05200 1.00000 
447.70700 1.00000 
447.48099 1.00000 
447.56699 1.00000 
447.51599 1.00000 
447.18600 1.00000 
447.46600 1.00000 
447.38800 1.00000 
447.34000 1.00000 
447.23999 1.00000 
447.03299 1.00000 
446.76199 1.00000 
446.70099 1.00000 
446.37701 1.00000 
445.88699 1.00000 
445.84399 1.00000 
445.22699 1.00000 
445.15799 1.00000 
445.03299 1.00000 
444.77499 1.00000 
444.54300 1.00000 
443.98300 1.00000 
443.84201 1.00000 
443.79901 1.00000 
443.20599 1.00000 
442.95099 1.00000 
428.49701 1.00000 
439.71500 1.00000 
438.26401 1.00000 
439.54199 1.00000 
440.59201 1.00000 
441.37900 1.00000 
294.83401 1.00000 
295.82001 1.00000 
296.07001 1.00000 
297.01901 1.00000 
297.86099 1.00000 
298.40799 1.00000 
298.80099 1.00000 
298.49100 1.00000 
0.00000 0.00000 
0.00000 0.00000 
298.54501 1.00000 
297.81601 1.00000 
296.84900 1.00000 
296.78299 1.00000 
296.98801 1.00000 
0.00000 0.00000 
443.74200 1.00000 
442.28500 1.00000 
441.24399 1.00000 
441.60699 1.00000 
440.91800 1.00000 
437.82501 1.00000 
435.65100 1.00000 
435.21201 1.00000 
434.88101 1.00000 
433.93201 1.00000 
434.18201 1.00000 
434.88300 1.00000 
435.16699 1.00000 
436.62201 1.00000 
437.62500 1.00000 
439.50000 1.00000 
440.91101 1.00000 
443.70001 1.00000 
445.01599 1.00000 
446.50299 1.00000 
443.35300 1.00000 
445.59201 1.00000 
446.89999 1.00000 
448.21100 1.00000 
447.26001 1.00000 
446.25601 1.00000 
446.59900 1.00000 
446.61600 1.00000 
445.96399 1.00000 
444.14700 1.00000 
443.23199 1.00000 
444.27600 1.00000 
442.94000 1.00000 
441.20200 1.00000 
440.64899 1.00000 
439.99600 1.00000 
440.18500 1.00000 
438.69400 1.00000 
437.60599 1.00000 
437.38101 1.00000 
437.70499 1.00000 
438.36801 1.00000 
438.93500 1.00000 
438.66901 1.00000 
439.18799 1.00000 
440.25500 1.00000 
441.41699 1.00000 
442.58899 1.00000 
443.37601 1.00000 
444.41299 1.00000 
445.10599 1.00000 
445.08499 1.00000 
445.72900 1.00000 
445.26599 1.00000 
445.85001 1.00000 
446.40100 1.00000 
445.69501 1.00000 
445.99600 1.00000 
445.78400 1.00000 
445.87299 1.00000 
445.62701 1.00000 
445.01999 1.00000 
444.34299 1.00000 
443.88400 1.00000 
443.22601 1.00000 
442.86600 1.00000 
442.55801 1.00000 
441.85501 1.00000 
441.12701 1.00000 
440.02802 1.00000 
439.03000 1.00000 
437.90900 1.00000 
436.61200 1.00000 
437.01001 1.00000 
438.17899 1.00000 
439.00299 1.00000 
439.58600 1.00000 
439.95099 1.00000 
439.80600 1.00000 
440.83499 1.00000 
441.78799 1.00000 
442.84000 1.00000 
444.16599 1.00000 
444.37201 1.00000 
444.73401 1.00000 
445.00601 1.00000 
445.21100 1.00000 
446.39801 1.00000 
445.99100 1.00000 
445.75699 1.00000 
445.96500 1.00000 
446.28900 1.00000 
446.62299 1.00000 
446.10901 1.00000 
445.35901 1.00000 
445.45200 1.00000 
445.85999 1.00000 
444.84601 1.00000 
444.35300 1.00000 
444.59399 1.00000 
444.85501 1.00000 
444.14099 1.00000 
443.81900 1.00000 
444.20001 1.00000 
444.73999 1.00000 
444.01901 1.00000 
444.16699 1.00000 
443.47101 1.00000 
443.99701 1.00000 
443.99399 1.00000 
444.11600 1.00000 
443.13199 1.00000 
443.81900 1.00000 
443.60400 1.00000 
443.37100 1.00000 
443.53000 1.00000 
443.44000 1.00000 
443.43399 1.00000 
444.31400 1.00000 
443.44400 1.00000 
444.13400 1.00000 
443.69101 1.00000 
444.19400 1.00000 
441.99301 1.00000 
444.50101 1.00000 
443.47601 1.00000 
444.60999 1.00000 
442.78900 1.00000 
443.89301 1.00000 
443.10800 1.00000 
441.82999 1.00000 
442.14600 1.00000 
441.84299 1.00000 
441.01599 1.00000 
442.81900 1.00000 
442.74100 1.00000 
441.27899 1.00000 
442.63901 1.00000 
440.81500 1.00000 
437.12500 1.00000 
438.14899 1.00000 
439.66400 1.00000 
435.29501 1.00000 
441.85999 1.00000 
438.89200 1.00000 
440.34100 1.00000 
438.14301 1.00000 
442.48599 1.00000 
442.88800 1.00000 
441.12900 1.00000 
444.32101 1.00000 
443.97699 1.00000 
440.79901 1.00000 
445.50299 1.00000 
446.19199 1.00000 
442.46399 1.00000 
444.69400 1.00000 
443.20200 1.00000 
449.04599 1.00000 
442.98599 1.00000 
444.25101 1.00000 
443.27499 1.00000 
442.92099 1.00000 
442.60699 1.00000 
444.20599 1.00000 
441.55099 1.00000 
447.36801 1.00000 
443.04300 1.00000 
444.61401 1.00000 
443.29599 1.00000 
441.10101 1.00000 
441.68799 1.00000 
445.89899 1.00000 
444.19199 1.00000 
446.36099 1.00000 
439.76501 1.00000 
444.83301 1.00000 
443.95700 1.00000 
444.15399 1.00000 
454.49301 1.00000 
436.28201 1.00000 
435.66199 1.00000 
440.18500 1.00000 
444.31400 1.00000 
445.56601 1.00000 
439.19299 1.00000 
439.22501 1.00000 
443.32599 1.00000 
450.86099 1.00000 
444.08600 1.00000 
437.54501 1.00000 
446.21399 1.00000 
441.22299 1.00000 
445.23199 1.00000 
440.82700 1.00000 
443.94400 1.00000 
451.93600 1.00000 
443.11401 1.00000 
442.55600 1.00000 
441.36499 1.00000 
443.35199 1.00000 
434.18301 1.00000 
441.31299 1.00000 
445.54300 1.00000 
444.48801 1.00000 
441.48099 1.00000 
443.03500 1.00000 
444.75601 1.00000 
449.76199 1.00000 
442.10501 1.00000 
435.59698 1.00000 
442.58801 1.00000 
443.43201 1.00000 
436.29199 1.00000 
438.76999 1.00000 
440.87900 1.00000 
455.87601 1.00000 
442.51001 1.00000 
431.23999 1.00000 
444.24399 1.00000 
441.56299 1.00000 
454.69000 1.00000 
435.82401 1.00000 
433.60501 1.00000 
422.08899 1.00000 
430.98599 1.00000 
444.39499 1.00000 
449.01300 1.00000 
443.74301 1.00000 
447.50400 1.00000 
449.27100 1.00000 
442.82901 1.00000 
443.72101 1.00000 
444.88501 1.00000 
0.00000 0.00000 
0.00000 0.00000 
0.00000 0.00000 
0.00000 0.00000 
0.00000 0.00000 
0.00000 0.00000 
0.00000 0.00000 
0.00000 0.00000 
0.00000 0.00000 
0.00000 0.00000 
0.00000 0.00000 
0.00000 0.00000 
0.00000 0.00000 
0.00000 0.00000 
0.00000 0.00000 
0.00000 0.00000 
0.00000 0.00000 
0.00000 0.00000 
0.00000 0.00000 
0.00000 0.00000 
0.00000 0.00000 
0.00000 0.00000 
0.00000 0.00000 
0.00000 0.00000 
0.00000 0.00000 
0.00000 0.00000 
0.00000 0.00000 
0.00000 0.00000 
0.00000 0.00000 
0.00000 0.00000 
0.00000 0.00000 
0.00000 0.00000 
0.00000 0.00000 
0.00000 0.00000 
0.00000 0.00000 
0.00000 0.00000 
0.00000 0.00000 
0.00000 0.00000 
0.00000 0.00000 
0.00000 0.00000 
0.00000 0.00000 
0.00000 0.00000 
0.00000 0.00000 
0.00000 0.00000 
0.00000 0.00000 
0.00000 0.00000 
0.00000 0.00000 
0.00000 0.00000 
0.00000 0.00000 
0.00000 0.00000 
0.00000 0.00000 
0.00000 0.00000 
0.00000 0.00000 
0.00000 0.00000 
0.00000 0.00000 
0.00000 0.00000 
0.00000 0.00000 
0.00000 0.00000 
0.00000 0.00000 
0.00000 0.00000 
0.00000 0.00000 
0.00000 0.00000 
0.00000 0.00000 
0.00000 0.00000 
0.00000 0.00000 
0.00000 0.00000 
0.00000 0.00000 
0.00000 0.00000 
0.00000 0.00000 
0.00000 0.00000 
0.00000 0.00000 
0.00000 0.00000 
0.00000 0.00000 
0.00000 0.00000 
