 0.00000 0.00000 
0.00000 0.00000 
0.00000 0.00000 
0.00000 0.00000 
0.00000 0.00000 
0.00000 0.00000 
0.00000 0.00000 
0.00000 0.00000 
0.00000 0.00000 
0.00000 0.00000 
0.00000 0.00000 
0.00000 0.00000 
0.00000 0.00000 
0.00000 0.00000 
0.00000 0.00000 
0.00000 0.00000 
0.00000 0.00000 
0.00000 0.00000 
0.00000 0.00000 
0.00000 0.00000 
0.00000 0.00000 
0.00000 0.00000 
0.00000 0.00000 
0.00000 0.00000 
0.00000 0.00000 
0.00000 0.00000 
0.00000 0.00000 
0.00000 0.00000 
0.00000 0.00000 
0.00000 0.00000 
0.00000 0.00000 
0.00000 0.00000 
0.00000 0.00000 
0.00000 0.00000 
0.00000 0.00000 
0.00000 0.00000 
0.00000 0.00000 
0.00000 0.00000 
0.00000 0.00000 
0.00000 0.00000 
0.00000 0.00000 
0.00000 0.00000 
0.00000 0.00000 
0.00000 0.00000 
0.00000 0.00000 
0.00000 0.00000 
0.00000 0.00000 
0.00000 0.00000 
0.00000 0.00000 
0.00000 0.00000 
0.00000 0.00000 
0.00000 0.00000 
0.00000 0.00000 
0.00000 0.00000 
0.00000 0.00000 
0.00000 0.00000 
0.00000 0.00000 
0.00000 0.00000 
0.00000 0.00000 
0.00000 0.00000 
0.00000 0.00000 
0.00000 0.00000 
0.00000 0.00000 
0.00000 0.00000 
0.00000 0.00000 
0.00000 0.00000 
0.00000 0.00000 
0.00000 0.00000 
0.00000 0.00000 
0.00000 0.00000 
0.00000 0.00000 
0.00000 0.00000 
0.00000 0.00000 
0.00000 0.00000 
0.00000 0.00000 
0.00000 0.00000 
0.00000 0.00000 
0.00000 0.00000 
0.00000 0.00000 
0.00000 0.00000 
0.00000 0.00000 
0.00000 0.00000 
0.00000 0.00000 
0.00000 0.00000 
0.00000 0.00000 
0.00000 0.00000 
0.00000 0.00000 
0.00000 0.00000 
0.00000 0.00000 
0.00000 0.00000 
0.00000 0.00000 
0.00000 0.00000 
0.00000 0.00000 
0.00000 0.00000 
0.00000 0.00000 
0.00000 0.00000 
0.00000 0.00000 
0.00000 0.00000 
0.00000 0.00000 
0.00000 0.00000 
0.00000 0.00000 
0.00000 0.00000 
0.00000 0.00000 
0.00000 0.00000 
0.00000 0.00000 
388.42599 1.00000 
388.14301 1.00000 
370.89801 1.00000 
369.52899 1.00000 
365.49399 1.00000 
367.14301 1.00000 
371.13599 1.00000 
377.32700 1.00000 
381.22900 1.00000 
373.33301 1.00000 
0.00000 0.00000 
0.00000 0.00000 
351.33801 1.00000 
363.43799 1.00000 
369.33899 1.00000 
367.23599 1.00000 
368.79501 1.00000 
368.61899 1.00000 
368.75800 1.00000 
369.18301 1.00000 
369.36700 1.00000 
369.04300 1.00000 
369.24399 1.00000 
369.09201 1.00000 
369.00500 1.00000 
369.12601 1.00000 
369.25800 1.00000 
369.26599 1.00000 
368.98401 1.00000 
368.90100 1.00000 
368.81699 1.00000 
368.52100 1.00000 
368.65799 1.00000 
368.47101 1.00000 
368.39700 1.00000 
368.45499 1.00000 
368.45499 1.00000 
368.14700 1.00000 
368.64099 1.00000 
369.08301 1.00000 
369.08701 1.00000 
371.02600 1.00000 
371.20700 1.00000 
370.72000 1.00000 
370.63101 1.00000 
369.91599 1.00000 
371.18799 1.00000 
370.32501 1.00000 
367.47000 1.00000 
369.73199 1.00000 
376.56601 1.00000 
372.82700 1.00000 
378.76901 1.00000 
379.19400 1.00000 
366.40201 1.00000 
367.92300 1.00000 
369.62299 1.00000 
380.75500 1.00000 
380.33801 1.00000 
375.99200 1.00000 
0.00000 0.00000 
0.00000 0.00000 
0.00000 0.00000 
0.00000 0.00000 
0.00000 0.00000 
0.00000 0.00000 
578.00403 1.00000 
583.66803 1.00000 
584.46997 1.00000 
584.90997 1.00000 
584.76001 1.00000 
584.71100 1.00000 
584.11102 1.00000 
583.53998 1.00000 
583.08698 1.00000 
581.10999 1.00000 
579.19397 1.00000 
577.69800 1.00000 
575.71802 1.00000 
574.06097 1.00000 
571.71301 1.00000 
569.34003 1.00000 
567.09198 1.00000 
566.53198 1.00000 
566.27197 1.00000 
565.90002 1.00000 
566.52502 1.00000 
568.08502 1.00000 
569.47198 1.00000 
571.56403 1.00000 
573.20697 1.00000 
575.09900 1.00000 
577.06201 1.00000 
579.56598 1.00000 
580.95801 1.00000 
581.51599 1.00000 
581.94202 1.00000 
583.36700 1.00000 
584.09100 1.00000 
584.30402 1.00000 
585.10699 1.00000 
585.77698 1.00000 
586.15802 1.00000 
586.56702 1.00000 
586.29199 1.00000 
586.04303 1.00000 
585.93500 1.00000 
585.64398 1.00000 
585.04797 1.00000 
583.98297 1.00000 
582.88599 1.00000 
581.22998 1.00000 
579.43701 1.00000 
577.80499 1.00000 
575.50897 1.00000 
573.04401 1.00000 
572.06598 1.00000 
570.40100 1.00000 
569.48999 1.00000 
569.64801 1.00000 
570.23297 1.00000 
571.09399 1.00000 
572.50000 1.00000 
573.88300 1.00000 
576.48401 1.00000 
579.12097 1.00000 
580.04498 1.00000 
582.27502 1.00000 
583.27600 1.00000 
584.03302 1.00000 
585.18701 1.00000 
585.60602 1.00000 
586.16699 1.00000 
587.42798 1.00000 
587.91302 1.00000 
588.44000 1.00000 
589.15503 1.00000 
589.54401 1.00000 
590.32098 1.00000 
590.53003 1.00000 
590.32599 1.00000 
589.42700 1.00000 
588.50098 1.00000 
587.77600 1.00000 
586.75000 1.00000 
586.21100 1.00000 
585.54303 1.00000 
584.54700 1.00000 
583.67102 1.00000 
582.00299 1.00000 
579.91803 1.00000 
577.60797 1.00000 
578.56201 1.00000 
587.11200 1.00000 
580.34497 1.00000 
541.26703 1.00000 
557.49402 1.00000 
573.35602 1.00000 
576.70502 1.00000 
582.89099 1.00000 
584.49902 1.00000 
585.50702 1.00000 
585.71899 1.00000 
586.56097 1.00000 
586.65997 1.00000 
586.87402 1.00000 
587.61499 1.00000 
588.00299 1.00000 
588.23798 1.00000 
588.48499 1.00000 
588.57703 1.00000 
588.77002 1.00000 
589.31000 1.00000 
589.23798 1.00000 
589.48901 1.00000 
589.35901 1.00000 
589.38300 1.00000 
589.14398 1.00000 
589.12201 1.00000 
589.25897 1.00000 
589.07898 1.00000 
588.99701 1.00000 
589.86200 1.00000 
590.27698 1.00000 
589.12799 1.00000 
589.32599 1.00000 
589.29401 1.00000 
587.93597 1.00000 
587.09003 1.00000 
586.99500 1.00000 
586.15399 1.00000 
584.34497 1.00000 
584.85498 1.00000 
589.20502 1.00000 
591.72998 1.00000 
588.33301 1.00000 
583.73499 1.00000 
567.87097 1.00000 
564.33502 1.00000 
564.63098 1.00000 
564.20898 1.00000 
563.04303 1.00000 
561.46600 1.00000 
561.39600 1.00000 
561.56403 1.00000 
561.01898 1.00000 
559.41498 1.00000 
557.57599 1.00000 
553.94501 1.00000 
550.28101 1.00000 
549.59998 1.00000 
550.10797 1.00000 
549.66199 1.00000 
549.62903 1.00000 
548.37598 1.00000 
550.27100 1.00000 
553.11902 1.00000 
557.18402 1.00000 
558.58197 1.00000 
558.78400 1.00000 
560.30200 1.00000 
561.66101 1.00000 
563.01599 1.00000 
564.39801 1.00000 
564.51501 1.00000 
564.27698 1.00000 
563.27100 1.00000 
561.93103 1.00000 
561.30603 1.00000 
561.67798 1.00000 
563.62201 1.00000 
565.29602 1.00000 
566.49402 1.00000 
566.29999 1.00000 
565.02802 1.00000 
563.34100 1.00000 
560.29999 1.00000 
557.97900 1.00000 
556.27600 1.00000 
555.59998 1.00000 
554.59900 1.00000 
553.12299 1.00000 
551.32898 1.00000 
550.56702 1.00000 
550.27802 1.00000 
550.96600 1.00000 
551.50299 1.00000 
550.62701 1.00000 
549.84601 1.00000 
550.99597 1.00000 
553.73602 1.00000 
555.43500 1.00000 
556.63599 1.00000 
558.36700 1.00000 
559.73499 1.00000 
561.21198 1.00000 
562.80798 1.00000 
563.79999 1.00000 
564.81201 1.00000 
565.84198 1.00000 
566.29303 1.00000 
566.31299 1.00000 
565.54102 1.00000 
566.28900 1.00000 
566.45398 1.00000 
566.26898 1.00000 
566.35199 1.00000 
566.30701 1.00000 
565.97803 1.00000 
565.68298 1.00000 
564.71503 1.00000 
563.05902 1.00000 
561.06403 1.00000 
559.93799 1.00000 
559.29797 1.00000 
559.30103 1.00000 
559.53302 1.00000 
560.54602 1.00000 
560.74597 1.00000 
560.70697 1.00000 
560.58801 1.00000 
561.94397 1.00000 
561.81799 1.00000 
0.00000 0.00000 
0.00000 0.00000 
578.30902 1.00000 
581.25098 1.00000 
582.23199 1.00000 
585.48297 1.00000 
586.98999 1.00000 
587.73700 1.00000 
587.61401 1.00000 
587.89398 1.00000 
588.30798 1.00000 
588.17603 1.00000 
587.85901 1.00000 
587.96503 1.00000 
587.63898 1.00000 
587.23602 1.00000 
587.39801 1.00000 
587.40802 1.00000 
587.33398 1.00000 
587.63702 1.00000 
587.35498 1.00000 
587.55902 1.00000 
587.45001 1.00000 
587.21899 1.00000 
587.50098 1.00000 
587.48499 1.00000 
587.67902 1.00000 
587.75403 1.00000 
587.91302 1.00000 
587.94299 1.00000 
587.79498 1.00000 
587.71503 1.00000 
588.14600 1.00000 
587.69202 1.00000 
587.43903 1.00000 
587.12299 1.00000 
586.32098 1.00000 
586.21002 1.00000 
585.35602 1.00000 
585.25897 1.00000 
584.65698 1.00000 
584.15503 1.00000 
585.75299 1.00000 
587.13300 1.00000 
588.22400 1.00000 
587.14600 1.00000 
586.83801 1.00000 
583.34198 1.00000 
588.48199 1.00000 
585.28003 1.00000 
507.46100 1.00000 
503.74301 1.00000 
503.00400 1.00000 
499.34000 1.00000 
499.67899 1.00000 
494.61099 1.00000 
495.81299 1.00000 
491.46701 1.00000 
493.17300 1.00000 
489.72900 1.00000 
491.78500 1.00000 
489.43799 1.00000 
491.07401 1.00000 
489.68301 1.00000 
492.24301 1.00000 
492.00699 1.00000 
493.54599 1.00000 
494.50500 1.00000 
496.21600 1.00000 
497.53500 1.00000 
498.47101 1.00000 
500.61899 1.00000 
499.56799 1.00000 
501.09201 1.00000 
500.17001 1.00000 
501.38199 1.00000 
500.31000 1.00000 
500.99500 1.00000 
500.61499 1.00000 
500.86801 1.00000 
501.73599 1.00000 
500.07401 1.00000 
501.43301 1.00000 
498.53900 1.00000 
499.54001 1.00000 
497.92999 1.00000 
497.73901 1.00000 
496.01199 1.00000 
494.00699 1.00000 
493.58401 1.00000 
491.02100 1.00000 
492.59601 1.00000 
490.10901 1.00000 
492.93600 1.00000 
490.78400 1.00000 
492.36700 1.00000 
491.65201 1.00000 
492.71799 1.00000 
490.22501 1.00000 
492.29999 1.00000 
490.45001 1.00000 
492.63901 1.00000 
491.45901 1.00000 
493.73199 1.00000 
493.24701 1.00000 
496.64999 1.00000 
496.75201 1.00000 
499.34601 1.00000 
499.19501 1.00000 
499.59500 1.00000 
499.77600 1.00000 
499.12399 1.00000 
500.01401 1.00000 
498.05499 1.00000 
500.40500 1.00000 
499.79300 1.00000 
501.09601 1.00000 
499.96399 1.00000 
500.14001 1.00000 
500.27499 1.00000 
500.00000 1.00000 
500.88901 1.00000 
499.34900 1.00000 
501.53799 1.00000 
499.79599 1.00000 
496.92099 1.00000 
493.28000 1.00000 
504.45401 1.00000 
446.72400 1.00000 
447.84799 1.00000 
439.27499 1.00000 
439.57999 1.00000 
450.63000 1.00000 
444.12701 1.00000 
437.16000 1.00000 
437.66800 1.00000 
437.96201 1.00000 
438.77600 1.00000 
439.68399 1.00000 
440.26801 1.00000 
440.95001 1.00000 
441.52600 1.00000 
442.06201 1.00000 
442.18900 1.00000 
442.40601 1.00000 
442.19101 1.00000 
442.20599 1.00000 
442.70300 1.00000 
442.76501 1.00000 
442.71799 1.00000 
442.77802 1.00000 
442.91800 1.00000 
442.64999 1.00000 
442.64801 1.00000 
442.54001 1.00000 
442.65799 1.00000 
442.58899 1.00000 
442.67200 1.00000 
442.41199 1.00000 
442.61200 1.00000 
442.47299 1.00000 
442.41599 1.00000 
442.33200 1.00000 
442.43399 1.00000 
442.35001 1.00000 
442.39700 1.00000 
442.32999 1.00000 
442.69000 1.00000 
442.22501 1.00000 
442.63501 1.00000 
442.64700 1.00000 
442.12500 1.00000 
441.82501 1.00000 
441.07300 1.00000 
438.96301 1.00000 
429.25201 1.00000 
428.33499 1.00000 
429.13199 1.00000 
405.73401 1.00000 
373.09900 1.00000 
374.76401 1.00000 
372.78799 1.00000 
374.25000 1.00000 
377.03500 1.00000 
378.80600 1.00000 
379.48199 1.00000 
379.42300 1.00000 
378.81601 1.00000 
378.52899 1.00000 
377.54700 1.00000 
376.58401 1.00000 
376.06201 1.00000 
375.33600 1.00000 
374.33301 1.00000 
373.00800 1.00000 
371.48499 1.00000 
369.76099 1.00000 
368.11499 1.00000 
367.65100 1.00000 
367.76001 1.00000 
368.04501 1.00000 
368.73999 1.00000 
369.17999 1.00000 
370.26599 1.00000 
372.01199 1.00000 
373.25299 1.00000 
374.68900 1.00000 
376.68100 1.00000 
378.54700 1.00000 
380.18301 1.00000 
381.18201 1.00000 
381.98401 1.00000 
381.55801 1.00000 
381.12601 1.00000 
380.65399 1.00000 
381.05200 1.00000 
380.94601 1.00000 
381.27600 1.00000 
381.69699 1.00000 
382.11499 1.00000 
382.08301 1.00000 
381.73199 1.00000 
381.52200 1.00000 
381.06000 1.00000 
380.41299 1.00000 
379.22198 1.00000 
378.36401 1.00000 
377.05899 1.00000 
376.31699 1.00000 
375.32599 1.00000 
374.32901 1.00000 
373.70801 1.00000 
371.82401 1.00000 
370.09900 1.00000 
367.76501 1.00000 
366.69000 1.00000 
366.18701 1.00000 
367.08200 1.00000 
367.75699 1.00000 
368.17599 1.00000 
368.34299 1.00000 
368.90302 1.00000 
370.05701 1.00000 
371.11600 1.00000 
371.78699 1.00000 
372.06500 1.00000 
371.86899 1.00000 
371.43701 1.00000 
370.95901 1.00000 
371.20401 1.00000 
371.99899 1.00000 
373.70999 1.00000 
374.73901 1.00000 
375.83499 1.00000 
377.80200 1.00000 
378.64499 1.00000 
379.17999 1.00000 
380.20901 1.00000 
380.01199 1.00000 
380.11200 1.00000 
382.97101 1.00000 
382.27301 1.00000 
384.68500 1.00000 
383.94601 1.00000 
380.88901 1.00000 
380.91199 1.00000 
384.94901 1.00000 
426.80899 1.00000 
426.95001 1.00000 
434.76999 1.00000 
441.26999 1.00000 
442.55801 1.00000 
441.53299 1.00000 
441.62701 1.00000 
441.78500 1.00000 
442.87701 1.00000 
443.37701 1.00000 
442.41501 1.00000 
442.07501 1.00000 
442.79700 1.00000 
443.15799 1.00000 
442.87701 1.00000 
442.59698 1.00000 
442.64801 1.00000 
442.99799 1.00000 
442.90701 1.00000 
442.70099 1.00000 
442.32101 1.00000 
442.69101 1.00000 
443.08499 1.00000 
442.65701 1.00000 
442.28299 1.00000 
442.47699 1.00000 
442.88101 1.00000 
442.54300 1.00000 
442.41599 1.00000 
442.45599 1.00000 
442.61301 1.00000 
442.68399 1.00000 
442.63901 1.00000 
442.45300 1.00000 
442.56699 1.00000 
442.75201 1.00000 
442.73401 1.00000 
442.58899 1.00000 
442.45099 1.00000 
442.79199 1.00000 
441.45001 1.00000 
428.85800 1.00000 
295.67899 1.00000 
293.90100 1.00000 
295.66101 1.00000 
295.60199 1.00000 
295.51700 1.00000 
296.22299 1.00000 
294.65900 1.00000 
295.57199 1.00000 
295.16599 1.00000 
294.92099 1.00000 
294.73801 1.00000 
294.69400 1.00000 
294.50500 1.00000 
294.30600 1.00000 
293.90900 1.00000 
293.33899 1.00000 
292.49100 1.00000 
291.81799 1.00000 
291.14600 1.00000 
290.41400 1.00000 
289.85400 1.00000 
289.20801 1.00000 
288.69800 1.00000 
288.46301 1.00000 
288.33801 1.00000 
288.06900 1.00000 
288.26599 1.00000 
288.11801 1.00000 
288.29800 1.00000 
288.41101 1.00000 
289.27899 1.00000 
290.09100 1.00000 
290.98901 1.00000 
291.81100 1.00000 
292.46399 1.00000 
292.74600 1.00000 
293.01300 1.00000 
293.16400 1.00000 
293.49799 1.00000 
293.80499 1.00000 
293.96799 1.00000 
294.09500 1.00000 
294.44601 1.00000 
294.45300 1.00000 
294.49301 1.00000 
294.20999 1.00000 
294.04901 1.00000 
293.69901 1.00000 
293.13199 1.00000 
292.66299 1.00000 
292.24899 1.00000 
291.91901 1.00000 
291.60599 1.00000 
290.96100 1.00000 
290.61099 1.00000 
290.26501 1.00000 
290.10300 1.00000 
289.93799 1.00000 
289.70099 1.00000 
289.43500 1.00000 
289.29700 1.00000 
289.20700 1.00000 
289.27301 1.00000 
289.30499 1.00000 
289.63300 1.00000 
289.63599 1.00000 
290.01801 1.00000 
290.12900 1.00000 
290.44501 1.00000 
290.72501 1.00000 
291.22000 1.00000 
291.89200 1.00000 
292.17801 1.00000 
292.50900 1.00000 
292.90900 1.00000 
293.09399 1.00000 
293.65302 1.00000 
293.98099 1.00000 
294.09900 1.00000 
583.54797 1.00000 
589.19098 1.00000 
588.22101 1.00000 
588.05298 1.00000 
587.90802 1.00000 
587.32599 1.00000 
587.24902 1.00000 
586.49298 1.00000 
585.91699 1.00000 
584.86200 1.00000 
585.20203 1.00000 
583.54901 1.00000 
582.71600 1.00000 
581.66602 1.00000 
583.65698 1.00000 
588.81403 1.00000 
585.31799 1.00000 
588.62598 1.00000 
586.64398 1.00000 
583.38202 1.00000 
581.82397 1.00000 
581.50500 1.00000 
581.48199 1.00000 
581.24597 1.00000 
581.91498 1.00000 
582.45203 1.00000 
583.13800 1.00000 
583.61102 1.00000 
584.15002 1.00000 
584.43402 1.00000 
584.69000 1.00000 
585.21002 1.00000 
585.30499 1.00000 
585.96399 1.00000 
586.23602 1.00000 
586.51501 1.00000 
586.53400 1.00000 
586.99902 1.00000 
587.17401 1.00000 
587.28400 1.00000 
587.36798 1.00000 
587.32202 1.00000 
587.25500 1.00000 
587.23602 1.00000 
587.55298 1.00000 
587.61401 1.00000 
587.94702 1.00000 
587.83301 1.00000 
587.75500 1.00000 
587.66602 1.00000 
587.65002 1.00000 
586.84302 1.00000 
586.47699 1.00000 
586.47400 1.00000 
586.35400 1.00000 
585.41602 1.00000 
583.39502 1.00000 
581.02100 1.00000 
584.19897 1.00000 
585.06799 1.00000 
587.59003 1.00000 
584.20099 1.00000 
587.42603 1.00000 
578.87402 1.00000 
574.62701 1.00000 
570.52100 1.00000 
568.75201 1.00000 
568.04199 1.00000 
565.97400 1.00000 
563.42200 1.00000 
561.19397 1.00000 
546.89697 1.00000 
560.25500 1.00000 
560.87701 1.00000 
563.71002 1.00000 
564.18597 1.00000 
562.34198 1.00000 
561.39697 1.00000 
560.97998 1.00000 
546.71100 1.00000 
559.14502 1.00000 
562.07098 1.00000 
562.97998 1.00000 
561.76898 1.00000 
561.30701 1.00000 
560.64600 1.00000 
558.64203 1.00000 
558.59900 1.00000 
560.57703 1.00000 
562.25500 1.00000 
562.36700 1.00000 
562.90997 1.00000 
562.72400 1.00000 
561.19299 1.00000 
547.20801 1.00000 
562.28302 1.00000 
563.64301 1.00000 
564.06000 1.00000 
563.81097 1.00000 
562.87701 1.00000 
560.92999 1.00000 
558.74902 1.00000 
559.31000 1.00000 
560.66302 1.00000 
562.27197 1.00000 
562.73700 1.00000 
561.68903 1.00000 
559.55499 1.00000 
557.54999 1.00000 
557.52399 1.00000 
559.14099 1.00000 
561.12402 1.00000 
562.64502 1.00000 
562.16400 1.00000 
560.72699 1.00000 
559.03699 1.00000 
558.97400 1.00000 
559.31201 1.00000 
560.65601 1.00000 
562.14398 1.00000 
561.99799 1.00000 
560.67499 1.00000 
560.06201 1.00000 
559.34698 1.00000 
560.02197 1.00000 
560.90198 1.00000 
562.01398 1.00000 
562.09601 1.00000 
561.12500 1.00000 
560.39697 1.00000 
559.76099 1.00000 
560.02802 1.00000 
561.05499 1.00000 
561.79797 1.00000 
561.58002 1.00000 
560.98999 1.00000 
560.05798 1.00000 
559.77399 1.00000 
559.92798 1.00000 
560.87500 1.00000 
565.79401 1.00000 
572.52802 1.00000 
577.84802 1.00000 
580.01501 1.00000 
578.97699 1.00000 
580.15698 1.00000 
580.38202 1.00000 
579.55402 1.00000 
590.51501 1.00000 
585.24402 1.00000 
584.53101 1.00000 
584.35699 1.00000 
585.19501 1.00000 
585.41498 1.00000 
585.97302 1.00000 
586.05603 1.00000 
586.41101 1.00000 
586.58801 1.00000 
586.58600 1.00000 
586.28003 1.00000 
586.09100 1.00000 
585.90198 1.00000 
585.63397 1.00000 
585.47803 1.00000 
585.84900 1.00000 
585.59698 1.00000 
585.40503 1.00000 
585.51501 1.00000 
585.34900 1.00000 
585.24200 1.00000 
585.17200 1.00000 
585.01001 1.00000 
584.73401 1.00000 
584.69598 1.00000 
584.64001 1.00000 
584.41602 1.00000 
584.25000 1.00000 
584.35199 1.00000 
584.07397 1.00000 
583.90198 1.00000 
583.77698 1.00000 
583.61499 1.00000 
583.26099 1.00000 
583.07703 1.00000 
582.82599 1.00000 
582.77002 1.00000 
582.84399 1.00000 
582.96002 1.00000 
582.73499 1.00000 
582.74500 1.00000 
582.30603 1.00000 
581.77002 1.00000 
581.22101 1.00000 
579.88702 1.00000 
577.90601 1.00000 
578.44299 1.00000 
580.10199 1.00000 
546.43402 1.00000 
0.00000 0.00000 
0.00000 0.00000 
454.13901 1.00000 
468.28900 1.00000 
472.69601 1.00000 
469.05200 1.00000 
470.56799 1.00000 
470.38599 1.00000 
469.92499 1.00000 
469.90100 1.00000 
470.10199 1.00000 
470.61099 1.00000 
471.76001 1.00000 
471.95700 1.00000 
471.74399 1.00000 
473.40601 1.00000 
473.27600 1.00000 
475.36801 1.00000 
476.60999 1.00000 
477.92999 1.00000 
481.29401 1.00000 
480.46100 1.00000 
481.91501 1.00000 
482.10400 1.00000 
484.47699 1.00000 
484.41901 1.00000 
485.16501 1.00000 
484.04099 1.00000 
484.91699 1.00000 
484.53799 1.00000 
485.11600 1.00000 
484.02701 1.00000 
485.16599 1.00000 
484.08801 1.00000 
484.60999 1.00000 
483.69699 1.00000 
484.00900 1.00000 
483.82401 1.00000 
483.28101 1.00000 
483.64801 1.00000 
482.68701 1.00000 
484.12201 1.00000 
483.10800 1.00000 
484.23801 1.00000 
482.99399 1.00000 
484.24100 1.00000 
483.09698 1.00000 
483.98300 1.00000 
483.30399 1.00000 
484.07599 1.00000 
484.01801 1.00000 
483.86401 1.00000 
483.74600 1.00000 
483.78799 1.00000 
483.90601 1.00000 
483.73001 1.00000 
484.22900 1.00000 
483.87601 1.00000 
484.38400 1.00000 
484.23999 1.00000 
484.85199 1.00000 
484.14301 1.00000 
485.11200 1.00000 
484.38599 1.00000 
485.33200 1.00000 
484.28500 1.00000 
485.70300 1.00000 
484.57001 1.00000 
485.35999 1.00000 
484.75601 1.00000 
486.14600 1.00000 
484.96899 1.00000 
486.24399 1.00000 
485.48401 1.00000 
486.38400 1.00000 
485.61899 1.00000 
486.22900 1.00000 
485.38699 1.00000 
486.25699 1.00000 
485.74301 1.00000 
486.98099 1.00000 
486.93799 1.00000 
487.91400 1.00000 
488.03799 1.00000 
489.09900 1.00000 
488.79700 1.00000 
489.84799 1.00000 
489.82300 1.00000 
490.92801 1.00000 
491.38800 1.00000 
492.43799 1.00000 
492.46500 1.00000 
493.20999 1.00000 
493.13901 1.00000 
493.75900 1.00000 
493.45599 1.00000 
494.01999 1.00000 
493.79300 1.00000 
493.80301 1.00000 
493.20700 1.00000 
493.14700 1.00000 
492.85599 1.00000 
492.94901 1.00000 
492.53400 1.00000 
492.49600 1.00000 
492.54501 1.00000 
491.90900 1.00000 
491.96301 1.00000 
491.44800 1.00000 
491.38800 1.00000 
491.13800 1.00000 
491.21799 1.00000 
490.72900 1.00000 
490.72198 1.00000 
490.09500 1.00000 
490.42401 1.00000 
489.32199 1.00000 
489.02200 1.00000 
488.48999 1.00000 
487.83301 1.00000 
486.97000 1.00000 
486.81201 1.00000 
486.17401 1.00000 
486.62100 1.00000 
486.06201 1.00000 
486.64999 1.00000 
486.82999 1.00000 
487.24701 1.00000 
487.11200 1.00000 
488.13800 1.00000 
487.64001 1.00000 
489.18900 1.00000 
489.52399 1.00000 
490.41299 1.00000 
491.06000 1.00000 
491.49301 1.00000 
492.66000 1.00000 
494.10800 1.00000 
495.62201 1.00000 
497.03000 1.00000 
498.44101 1.00000 
498.54001 1.00000 
498.47400 1.00000 
497.58401 1.00000 
497.27499 1.00000 
496.79199 1.00000 
496.28299 1.00000 
495.69400 1.00000 
494.71301 1.00000 
492.72800 1.00000 
490.69901 1.00000 
489.28000 1.00000 
487.90900 1.00000 
486.07800 1.00000 
485.79700 1.00000 
484.82300 1.00000 
485.00500 1.00000 
484.60001 1.00000 
485.44501 1.00000 
485.01199 1.00000 
485.85400 1.00000 
486.26801 1.00000 
487.32599 1.00000 
488.17599 1.00000 
489.59601 1.00000 
491.18500 1.00000 
493.16400 1.00000 
494.40799 1.00000 
495.47699 1.00000 
496.35999 1.00000 
497.11899 1.00000 
497.63501 1.00000 
497.92401 1.00000 
498.14600 1.00000 
498.33301 1.00000 
498.31500 1.00000 
497.90799 1.00000 
497.37100 1.00000 
496.69601 1.00000 
495.39801 1.00000 
493.91800 1.00000 
492.56100 1.00000 
491.65799 1.00000 
490.18900 1.00000 
488.48901 1.00000 
487.56699 1.00000 
486.29300 1.00000 
484.87799 1.00000 
485.15701 1.00000 
484.98401 1.00000 
484.98300 1.00000 
485.60101 1.00000 
485.79199 1.00000 
486.77600 1.00000 
487.39899 1.00000 
488.48801 1.00000 
489.32101 1.00000 
490.34698 1.00000 
491.11700 1.00000 
492.51199 1.00000 
493.80701 1.00000 
495.01801 1.00000 
495.76401 1.00000 
496.72000 1.00000 
497.71701 1.00000 
498.14099 1.00000 
498.62601 1.00000 
498.69299 1.00000 
498.71201 1.00000 
498.61600 1.00000 
498.39999 1.00000 
498.23901 1.00000 
498.12799 1.00000 
497.52399 1.00000 
497.16901 1.00000 
496.36700 1.00000 
495.90302 1.00000 
495.54901 1.00000 
495.46100 1.00000 
496.03699 1.00000 
495.85699 1.00000 
496.61301 1.00000 
496.98300 1.00000 
496.54001 1.00000 
446.75500 1.00000 
440.52301 1.00000 
442.39700 1.00000 
440.67499 1.00000 
0.00000 0.00000 
0.00000 0.00000 
443.44101 1.00000 
443.39899 1.00000 
442.27301 1.00000 
442.80499 1.00000 
440.45599 1.00000 
440.55701 1.00000 
432.33899 1.00000 
440.01199 1.00000 
431.76599 1.00000 
431.55600 1.00000 
440.03699 1.00000 
440.40799 1.00000 
442.60101 1.00000 
440.32001 1.00000 
294.99100 1.00000 
294.88000 1.00000 
294.42300 1.00000 
294.44199 1.00000 
294.93900 1.00000 
295.19000 1.00000 
294.96899 1.00000 
294.77301 1.00000 
294.44400 1.00000 
295.16699 1.00000 
295.21600 1.00000 
294.67801 1.00000 
293.66299 1.00000 
0.00000 0.00000 
0.00000 0.00000 
0.00000 0.00000 
0.00000 0.00000 
0.00000 0.00000 
439.72299 1.00000 
439.78201 1.00000 
442.59799 1.00000 
0.00000 0.00000 
0.00000 0.00000 
0.00000 0.00000 
442.26001 1.00000 
442.19800 1.00000 
439.73300 1.00000 
442.07999 1.00000 
441.97501 1.00000 
438.83701 1.00000 
0.00000 0.00000 
294.69501 1.00000 
295.59299 1.00000 
294.08701 1.00000 
295.35699 1.00000 
295.32501 1.00000 
294.65399 1.00000 
294.01999 1.00000 
294.39499 1.00000 
294.57101 1.00000 
294.78699 1.00000 
294.73199 1.00000 
294.53900 1.00000 
294.29001 1.00000 
293.85101 1.00000 
293.21701 1.00000 
292.67700 1.00000 
292.13199 1.00000 
291.53900 1.00000 
290.79999 1.00000 
290.07001 1.00000 
289.71600 1.00000 
288.99799 1.00000 
288.45599 1.00000 
287.82599 1.00000 
287.69299 1.00000 
287.45200 1.00000 
287.91000 1.00000 
288.27499 1.00000 
288.90900 1.00000 
289.65601 1.00000 
290.37201 1.00000 
291.13400 1.00000 
291.92401 1.00000 
292.38501 1.00000 
292.85901 1.00000 
293.14001 1.00000 
293.39700 1.00000 
293.89001 1.00000 
294.12100 1.00000 
294.24600 1.00000 
294.52499 1.00000 
294.80899 1.00000 
294.88800 1.00000 
295.03000 1.00000 
294.77701 1.00000 
294.41000 1.00000 
293.80701 1.00000 
293.33701 1.00000 
292.86801 1.00000 
292.32800 1.00000 
291.96500 1.00000 
291.62399 1.00000 
291.46500 1.00000 
291.26401 1.00000 
290.79099 1.00000 
579.57001 1.00000 
579.74103 1.00000 
578.83698 1.00000 
578.99597 1.00000 
577.03900 1.00000 
577.87402 1.00000 
577.01801 1.00000 
579.25403 1.00000 
578.67102 1.00000 
580.57300 1.00000 
581.03003 1.00000 
581.65802 1.00000 
583.57397 1.00000 
584.47101 1.00000 
584.58398 1.00000 
585.03802 1.00000 
587.34399 1.00000 
587.90002 1.00000 
587.99799 1.00000 
588.12701 1.00000 
587.01300 1.00000 
588.20203 1.00000 
587.37402 1.00000 
588.52899 1.00000 
589.77698 1.00000 
584.57898 1.00000 
587.65698 1.00000 
586.01300 1.00000 
587.08398 1.00000 
586.15302 1.00000 
586.02399 1.00000 
585.01300 1.00000 
584.30603 1.00000 
583.17603 1.00000 
581.58600 1.00000 
580.28302 1.00000 
579.20502 1.00000 
579.94000 1.00000 
578.89203 1.00000 
584.89001 1.00000 
577.13000 1.00000 
573.13397 1.00000 
574.50897 1.00000 
577.22699 1.00000 
579.14398 1.00000 
579.53699 1.00000 
579.68103 1.00000 
581.01599 1.00000 
582.52197 1.00000 
582.94397 1.00000 
584.43597 1.00000 
585.85498 1.00000 
586.61102 1.00000 
587.07703 1.00000 
587.23798 1.00000 
587.33698 1.00000 
587.39697 1.00000 
587.34100 1.00000 
587.22900 1.00000 
587.40002 1.00000 
587.68903 1.00000 
587.67401 1.00000 
587.84802 1.00000 
587.60101 1.00000 
587.89899 1.00000 
588.06000 1.00000 
588.31403 1.00000 
588.59900 1.00000 
588.91498 1.00000 
589.00800 1.00000 
589.51001 1.00000 
589.59003 1.00000 
589.62500 1.00000 
589.81299 1.00000 
589.33197 1.00000 
589.39697 1.00000 
589.48700 1.00000 
589.35400 1.00000 
589.40601 1.00000 
588.75598 1.00000 
588.11401 1.00000 
586.63397 1.00000 
585.67401 1.00000 
586.45300 1.00000 
580.22498 1.00000 
574.72302 1.00000 
570.32599 1.00000 
568.37903 1.00000 
567.22699 1.00000 
564.48700 1.00000 
561.71802 1.00000 
560.74103 1.00000 
559.81000 1.00000 
557.94501 1.00000 
558.14398 1.00000 
558.33899 1.00000 
557.13501 1.00000 
555.78802 1.00000 
555.69202 1.00000 
554.48901 1.00000 
554.50000 1.00000 
555.04401 1.00000 
555.13702 1.00000 
554.53101 1.00000 
554.83002 1.00000 
554.44202 1.00000 
555.37500 1.00000 
557.11401 1.00000 
557.54999 1.00000 
558.56201 1.00000 
559.64203 1.00000 
559.36603 1.00000 
559.76099 1.00000 
562.49500 1.00000 
565.53302 1.00000 
567.27399 1.00000 
568.23999 1.00000 
567.94000 1.00000 
566.47803 1.00000 
565.25598 1.00000 
562.65802 1.00000 
561.83801 1.00000 
563.76703 1.00000 
564.60303 1.00000 
564.99902 1.00000 
564.12000 1.00000 
562.05701 1.00000 
558.94800 1.00000 
557.32599 1.00000 
557.61499 1.00000 
557.87201 1.00000 
557.85999 1.00000 
557.40503 1.00000 
555.81799 1.00000 
554.69702 1.00000 
553.97803 1.00000 
555.11700 1.00000 
556.30103 1.00000 
556.82300 1.00000 
555.84399 1.00000 
555.20801 1.00000 
555.61102 1.00000 
556.70001 1.00000 
557.91699 1.00000 
558.66498 1.00000 
559.12598 1.00000 
559.17102 1.00000 
560.03003 1.00000 
560.63898 1.00000 
562.01202 1.00000 
563.55798 1.00000 
564.88501 1.00000 
564.66199 1.00000 
563.81201 1.00000 
562.47400 1.00000 
561.53302 1.00000 
561.77600 1.00000 
565.15601 1.00000 
568.66803 1.00000 
573.67798 1.00000 
578.30603 1.00000 
580.65100 1.00000 
582.08600 1.00000 
581.24103 1.00000 
581.42999 1.00000 
581.91400 1.00000 
577.63000 1.00000 
584.21399 1.00000 
585.00403 1.00000 
586.00403 1.00000 
586.85498 1.00000 
586.72498 1.00000 
586.87402 1.00000 
587.07599 1.00000 
587.06702 1.00000 
586.90601 1.00000 
587.14203 1.00000 
586.95502 1.00000 
587.01801 1.00000 
586.53802 1.00000 
586.34497 1.00000 
586.53601 1.00000 
586.68298 1.00000 
586.39600 1.00000 
586.53802 1.00000 
586.29199 1.00000 
586.52899 1.00000 
586.66498 1.00000 
586.90503 1.00000 
587.04602 1.00000 
587.19098 1.00000 
587.49799 1.00000 
587.57098 1.00000 
587.39502 1.00000 
587.36200 1.00000 
587.70300 1.00000 
587.56097 1.00000 
587.63599 1.00000 
587.67200 1.00000 
587.63300 1.00000 
587.72998 1.00000 
587.56500 1.00000 
587.76501 1.00000 
587.71802 1.00000 
587.49298 1.00000 
587.18799 1.00000 
587.12701 1.00000 
586.86700 1.00000 
586.45001 1.00000 
585.90302 1.00000 
585.24298 1.00000 
584.44397 1.00000 
585.07098 1.00000 
586.87701 1.00000 
586.97900 1.00000 
590.66498 1.00000 
586.91901 1.00000 
595.43500 1.00000 
596.28802 1.00000 
600.58502 1.00000 
518.33002 1.00000 
512.93701 1.00000 
502.34799 1.00000 
505.09000 1.00000 
499.13599 1.00000 
504.95401 1.00000 
500.71600 1.00000 
521.87097 1.00000 
507.18600 1.00000 
513.97498 1.00000 
499.32300 1.00000 
507.47299 1.00000 
507.53000 1.00000 
506.50299 1.00000 
497.53400 1.00000 
499.90201 1.00000 
496.46899 1.00000 
500.48199 1.00000 
497.32199 1.00000 
501.09900 1.00000 
498.08899 1.00000 
501.94199 1.00000 
499.66199 1.00000 
501.68600 1.00000 
499.76901 1.00000 
500.74200 1.00000 
500.98801 1.00000 
499.44101 1.00000 
502.01901 1.00000 
499.32199 1.00000 
502.03699 1.00000 
498.54700 1.00000 
499.41901 1.00000 
497.29401 1.00000 
495.46201 1.00000 
494.87299 1.00000 
493.06900 1.00000 
493.14899 1.00000 
494.04901 1.00000 
494.14999 1.00000 
492.77301 1.00000 
490.16299 1.00000 
492.19601 1.00000 
492.66699 1.00000 
493.09299 1.00000 
490.15900 1.00000 
490.55399 1.00000 
489.81699 1.00000 
491.16901 1.00000 
490.08600 1.00000 
490.95999 1.00000 
491.23499 1.00000 
492.46899 1.00000 
493.45801 1.00000 
494.95300 1.00000 
496.07501 1.00000 
496.05399 1.00000 
497.22198 1.00000 
496.26501 1.00000 
497.76801 1.00000 
496.45901 1.00000 
499.15201 1.00000 
497.63300 1.00000 
499.23901 1.00000 
498.20401 1.00000 
498.13501 1.00000 
498.34399 1.00000 
497.31699 1.00000 
498.00201 1.00000 
496.46701 1.00000 
497.45901 1.00000 
495.94400 1.00000 
497.47699 1.00000 
496.95499 1.00000 
497.66599 1.00000 
495.78201 1.00000 
492.89401 1.00000 
496.80399 1.00000 
496.81799 1.00000 
0.00000 0.00000 
0.00000 0.00000 
435.65399 1.00000 
438.29599 1.00000 
437.73099 1.00000 
439.44800 1.00000 
440.53101 1.00000 
440.27600 1.00000 
441.11600 1.00000 
441.18900 1.00000 
441.97000 1.00000 
442.21201 1.00000 
442.38699 1.00000 
442.20801 1.00000 
442.55301 1.00000 
442.37601 1.00000 
442.57800 1.00000 
442.24600 1.00000 
442.59299 1.00000 
442.44800 1.00000 
442.31100 1.00000 
442.10800 1.00000 
442.14801 1.00000 
442.30600 1.00000 
442.12900 1.00000 
442.38300 1.00000 
442.21301 1.00000 
442.12500 1.00000 
442.27399 1.00000 
442.42499 1.00000 
441.96600 1.00000 
442.34201 1.00000 
442.17099 1.00000 
442.46500 1.00000 
441.70901 1.00000 
442.33801 1.00000 
442.46799 1.00000 
442.78000 1.00000 
442.37500 1.00000 
442.37601 1.00000 
442.37201 1.00000 
442.08099 1.00000 
441.98901 1.00000 
442.28601 1.00000 
442.43100 1.00000 
440.52802 1.00000 
438.79700 1.00000 
428.03799 1.00000 
428.67801 1.00000 
428.49399 1.00000 
385.62100 1.00000 
361.16199 1.00000 
363.39301 1.00000 
364.55301 1.00000 
366.93201 1.00000 
370.55899 1.00000 
370.50400 1.00000 
370.32101 1.00000 
370.56400 1.00000 
371.06201 1.00000 
371.41699 1.00000 
372.01501 1.00000 
371.65701 1.00000 
371.15100 1.00000 
370.76599 1.00000 
369.92700 1.00000 
369.22000 1.00000 
368.22699 1.00000 
367.40601 1.00000 
366.71799 1.00000 
366.36301 1.00000 
366.48801 1.00000 
366.87201 1.00000 
367.24600 1.00000 
367.72800 1.00000 
368.56500 1.00000 
369.41800 1.00000 
369.90701 1.00000 
370.57300 1.00000 
371.45001 1.00000 
372.02802 1.00000 
372.37500 1.00000 
373.32800 1.00000 
374.23099 1.00000 
374.56500 1.00000 
375.26801 1.00000 
375.76401 1.00000 
375.70099 1.00000 
375.43201 1.00000 
375.06900 1.00000 
374.91501 1.00000 
374.75800 1.00000 
374.32199 1.00000 
374.51199 1.00000 
377.64001 1.00000 
381.88199 1.00000 
386.23099 1.00000 
389.17499 1.00000 
389.55099 1.00000 
390.37601 1.00000 
390.67999 1.00000 
390.61200 1.00000 
390.93399 1.00000 
391.63300 1.00000 
391.94400 1.00000 
392.41199 1.00000 
392.22800 1.00000 
392.01300 1.00000 
391.66800 1.00000 
391.46399 1.00000 
391.73499 1.00000 
391.64401 1.00000 
391.69601 1.00000 
391.97699 1.00000 
391.97299 1.00000 
391.83701 1.00000 
391.68301 1.00000 
391.78500 1.00000 
391.90100 1.00000 
391.86401 1.00000 
391.91901 1.00000 
392.07599 1.00000 
391.82901 1.00000 
391.97501 1.00000 
392.02701 1.00000 
391.85001 1.00000 
391.83600 1.00000 
391.73099 1.00000 
391.65900 1.00000 
391.52899 1.00000 
392.16101 1.00000 
391.58499 1.00000 
395.43100 1.00000 
399.10199 1.00000 
393.68100 1.00000 
388.13000 1.00000 
399.18701 1.00000 
395.17700 1.00000 
397.98700 1.00000 
402.36499 1.00000 
392.54099 1.00000 
392.99100 1.00000 
422.91000 1.00000 
438.38599 1.00000 
448.52399 1.00000 
446.05099 1.00000 
439.67801 1.00000 
441.78900 1.00000 
448.51999 1.00000 
446.99500 1.00000 
442.75601 1.00000 
444.37500 1.00000 
447.81000 1.00000 
447.36200 1.00000 
444.20499 1.00000 
445.28799 1.00000 
447.37601 1.00000 
446.70200 1.00000 
444.85800 1.00000 
445.35800 1.00000 
446.51300 1.00000 
446.49899 1.00000 
445.48901 1.00000 
445.60101 1.00000 
446.25400 1.00000 
446.13400 1.00000 
445.30301 1.00000 
445.54901 1.00000 
445.77899 1.00000 
445.45999 1.00000 
445.45700 1.00000 
445.35699 1.00000 
447.07501 1.00000 
444.41501 1.00000 
448.25101 1.00000 
439.20901 1.00000 
465.36401 1.00000 
466.28900 1.00000 
485.20999 1.00000 
489.41400 1.00000 
485.98499 1.00000 
0.00000 0.00000 
0.00000 0.00000 
0.00000 0.00000 
0.00000 0.00000 
493.20499 1.00000 
495.06500 1.00000 
495.59201 1.00000 
495.35501 1.00000 
494.58701 1.00000 
493.37701 1.00000 
492.66299 1.00000 
491.15799 1.00000 
490.11499 1.00000 
489.01401 1.00000 
488.45001 1.00000 
487.70901 1.00000 
488.12500 1.00000 
488.32800 1.00000 
489.35699 1.00000 
490.16800 1.00000 
491.32999 1.00000 
492.94199 1.00000 
494.53799 1.00000 
496.42599 1.00000 
497.95001 1.00000 
499.27200 1.00000 
499.92999 1.00000 
500.44699 1.00000 
500.97601 1.00000 
501.57001 1.00000 
501.66699 1.00000 
501.55399 1.00000 
501.29501 1.00000 
501.05701 1.00000 
501.02499 1.00000 
500.91101 1.00000 
500.69501 1.00000 
500.28201 1.00000 
499.77701 1.00000 
499.06699 1.00000 
497.99899 1.00000 
496.91501 1.00000 
496.20401 1.00000 
495.31201 1.00000 
494.67599 1.00000 
493.96201 1.00000 
493.36200 1.00000 
492.26001 1.00000 
492.18500 1.00000 
491.82101 1.00000 
491.72000 1.00000 
492.52200 1.00000 
493.22400 1.00000 
493.75000 1.00000 
494.01401 1.00000 
494.88699 1.00000 
495.86600 1.00000 
496.95999 1.00000 
497.76700 1.00000 
498.26999 1.00000 
498.82800 1.00000 
499.26501 1.00000 
499.58499 1.00000 
500.11600 1.00000 
500.48700 1.00000 
500.85999 1.00000 
500.90201 1.00000 
500.95999 1.00000 
501.11801 1.00000 
500.87399 1.00000 
500.91299 1.00000 
501.07999 1.00000 
501.07199 1.00000 
500.93701 1.00000 
500.16199 1.00000 
499.92801 1.00000 
499.59500 1.00000 
499.20499 1.00000 
498.49500 1.00000 
498.20200 1.00000 
497.51300 1.00000 
497.18100 1.00000 
496.25900 1.00000 
495.65500 1.00000 
494.82999 1.00000 
493.39099 1.00000 
491.37900 1.00000 
493.72000 1.00000 
0.00000 0.00000 
0.00000 0.00000 
0.00000 0.00000 
496.47101 1.00000 
498.49701 1.00000 
497.96600 1.00000 
498.69699 1.00000 
499.30499 1.00000 
499.87201 1.00000 
500.47101 1.00000 
501.27802 1.00000 
501.84799 1.00000 
502.15601 1.00000 
502.50299 1.00000 
502.55701 1.00000 
502.51300 1.00000 
502.50000 1.00000 
502.45300 1.00000 
502.49701 1.00000 
502.05499 1.00000 
501.83801 1.00000 
501.37500 1.00000 
500.76300 1.00000 
500.33401 1.00000 
499.47299 1.00000 
498.68600 1.00000 
497.82401 1.00000 
497.11401 1.00000 
496.48199 1.00000 
495.86801 1.00000 
495.35101 1.00000 
494.75299 1.00000 
494.14999 1.00000 
493.95001 1.00000 
493.77399 1.00000 
493.77499 1.00000 
494.15900 1.00000 
494.62500 1.00000 
495.57901 1.00000 
496.58200 1.00000 
497.21500 1.00000 
497.57401 1.00000 
497.48700 1.00000 
496.08899 1.00000 
497.19299 1.00000 
0.00000 0.00000 
0.00000 0.00000 
503.95700 1.00000 
505.49301 1.00000 
502.04199 1.00000 
501.88300 1.00000 
497.21701 1.00000 
503.07501 1.00000 
502.23599 1.00000 
501.89499 1.00000 
502.14301 1.00000 
501.60599 1.00000 
500.71301 1.00000 
500.41199 1.00000 
499.79901 1.00000 
499.39899 1.00000 
498.48001 1.00000 
498.14301 1.00000 
497.49600 1.00000 
496.84201 1.00000 
496.43100 1.00000 
495.77399 1.00000 
495.14001 1.00000 
494.37500 1.00000 
493.79501 1.00000 
493.55899 1.00000 
493.25800 1.00000 
493.56201 1.00000 
494.01401 1.00000 
494.37500 1.00000 
494.81201 1.00000 
495.54501 1.00000 
495.96301 1.00000 
496.43701 1.00000 
496.37299 1.00000 
497.02399 1.00000 
497.07999 1.00000 
497.75101 1.00000 
497.89301 1.00000 
498.72198 1.00000 
498.92801 1.00000 
499.57501 1.00000 
499.61099 1.00000 
499.43600 1.00000 
499.14200 1.00000 
499.34399 1.00000 
499.73901 1.00000 
500.06201 1.00000 
500.34299 1.00000 
500.54999 1.00000 
500.35999 1.00000 
500.40201 1.00000 
500.12500 1.00000 
500.10400 1.00000 
500.06900 1.00000 
500.30600 1.00000 
500.41299 1.00000 
500.81000 1.00000 
500.55399 1.00000 
501.00699 1.00000 
500.43500 1.00000 
500.43100 1.00000 
500.11499 1.00000 
500.34000 1.00000 
500.27701 1.00000 
500.70499 1.00000 
500.44101 1.00000 
500.31900 1.00000 
499.59601 1.00000 
499.90701 1.00000 
499.84201 1.00000 
499.61700 1.00000 
499.81100 1.00000 
499.83701 1.00000 
499.26401 1.00000 
498.89200 1.00000 
499.82501 1.00000 
499.78400 1.00000 
500.25101 1.00000 
500.35199 1.00000 
500.47800 1.00000 
500.82001 1.00000 
500.92700 1.00000 
500.34601 1.00000 
499.84698 1.00000 
479.16599 1.00000 
450.64999 1.00000 
450.28699 1.00000 
450.02499 1.00000 
470.99500 1.00000 
449.44000 1.00000 
448.34000 1.00000 
443.38901 1.00000 
443.31100 1.00000 
444.84500 1.00000 
445.31601 1.00000 
445.57199 1.00000 
445.66101 1.00000 
446.07300 1.00000 
445.80301 1.00000 
445.43100 1.00000 
445.68701 1.00000 
445.11401 1.00000 
445.10400 1.00000 
445.17999 1.00000 
445.00400 1.00000 
445.18900 1.00000 
445.10199 1.00000 
445.00000 1.00000 
445.10901 1.00000 
445.40900 1.00000 
445.78201 1.00000 
445.20300 1.00000 
445.19199 1.00000 
445.75299 1.00000 
445.71399 1.00000 
445.53299 1.00000 
445.48700 1.00000 
445.78000 1.00000 
445.73901 1.00000 
445.25800 1.00000 
445.25500 1.00000 
445.39700 1.00000 
445.25201 1.00000 
445.00500 1.00000 
444.94199 1.00000 
445.05600 1.00000 
445.11499 1.00000 
444.97198 1.00000 
444.79300 1.00000 
444.76401 1.00000 
444.62100 1.00000 
444.22699 1.00000 
443.83801 1.00000 
443.64899 1.00000 
443.45099 1.00000 
443.14499 1.00000 
442.72198 1.00000 
442.34399 1.00000 
441.98300 1.00000 
441.98599 1.00000 
441.24600 1.00000 
441.35901 1.00000 
438.77899 1.00000 
438.23099 1.00000 
427.94299 1.00000 
440.11899 1.00000 
427.87799 1.00000 
372.81900 1.00000 
374.19501 1.00000 
376.04599 1.00000 
376.50101 1.00000 
375.15601 1.00000 
373.98401 1.00000 
372.20599 1.00000 
371.00699 1.00000 
371.91501 1.00000 
372.06100 1.00000 
371.52200 1.00000 
369.83401 1.00000 
367.70700 1.00000 
366.62799 1.00000 
366.03400 1.00000 
366.65399 1.00000 
367.07101 1.00000 
367.58701 1.00000 
368.71799 1.00000 
370.17599 1.00000 
371.40399 1.00000 
372.36401 1.00000 
374.07199 1.00000 
375.64401 1.00000 
377.39600 1.00000 
378.37399 1.00000 
378.19199 1.00000 
378.27399 1.00000 
378.34900 1.00000 
378.45801 1.00000 
378.12500 1.00000 
378.17899 1.00000 
378.57901 1.00000 
378.33899 1.00000 
378.10501 1.00000 
377.90701 1.00000 
377.52802 1.00000 
377.25800 1.00000 
376.44400 1.00000 
375.65900 1.00000 
374.92001 1.00000 
374.03699 1.00000 
373.08701 1.00000 
372.36600 1.00000 
372.01300 1.00000 
371.31000 1.00000 
370.43500 1.00000 
369.50201 1.00000 
368.59500 1.00000 
368.32599 1.00000 
368.06900 1.00000 
367.97198 1.00000 
368.24399 1.00000 
368.57401 1.00000 
368.86899 1.00000 
369.69299 1.00000 
370.53900 1.00000 
371.66199 1.00000 
372.09500 1.00000 
373.20300 1.00000 
374.34299 1.00000 
375.56299 1.00000 
376.72299 1.00000 
377.45999 1.00000 
378.17801 1.00000 
378.34601 1.00000 
378.52301 1.00000 
378.60501 1.00000 
378.27802 1.00000 
378.04099 1.00000 
377.99701 1.00000 
377.89499 1.00000 
377.71701 1.00000 
377.25601 1.00000 
377.04901 1.00000 
376.53799 1.00000 
375.57901 1.00000 
374.77701 1.00000 
374.03000 1.00000 
373.37299 1.00000 
372.94400 1.00000 
372.35901 1.00000 
371.99100 1.00000 
371.44000 1.00000 
370.95901 1.00000 
370.60101 1.00000 
370.01199 1.00000 
369.84500 1.00000 
370.29501 1.00000 
370.26300 1.00000 
370.63000 1.00000 
370.99701 1.00000 
371.66800 1.00000 
371.92300 1.00000 
372.50800 1.00000 
372.89200 1.00000 
373.63901 1.00000 
374.67899 1.00000 
375.78699 1.00000 
376.26199 1.00000 
377.14301 1.00000 
377.44699 1.00000 
377.37201 1.00000 
377.19101 1.00000 
377.07501 1.00000 
376.91699 1.00000 
377.07401 1.00000 
377.37799 1.00000 
377.44299 1.00000 
377.16400 1.00000 
377.02701 1.00000 
376.91599 1.00000 
376.56699 1.00000 
375.92899 1.00000 
375.10999 1.00000 
374.60300 1.00000 
373.97198 1.00000 
373.22299 1.00000 
373.04599 1.00000 
372.50000 1.00000 
371.61700 1.00000 
371.17499 1.00000 
371.12799 1.00000 
370.45999 1.00000 
370.69299 1.00000 
370.27100 1.00000 
370.36801 1.00000 
370.19000 1.00000 
370.60999 1.00000 
370.67599 1.00000 
370.79999 1.00000 
371.23999 1.00000 
371.89099 1.00000 
372.30600 1.00000 
372.56100 1.00000 
373.59000 1.00000 
374.01599 1.00000 
374.73401 1.00000 
375.54999 1.00000 
376.47601 1.00000 
377.46899 1.00000 
377.32401 1.00000 
377.22400 1.00000 
377.47699 1.00000 
377.25101 1.00000 
377.48001 1.00000 
377.67599 1.00000 
377.66800 1.00000 
377.43100 1.00000 
376.92099 1.00000 
376.81900 1.00000 
376.47501 1.00000 
375.95300 1.00000 
375.54099 1.00000 
374.84399 1.00000 
374.11600 1.00000 
373.54099 1.00000 
373.29700 1.00000 
372.90900 1.00000 
372.54001 1.00000 
372.03799 1.00000 
371.77701 1.00000 
371.55099 1.00000 
372.18799 1.00000 
371.74600 1.00000 
372.40500 1.00000 
371.79800 1.00000 
372.07700 1.00000 
372.21399 1.00000 
372.42401 1.00000 
373.13000 1.00000 
373.26001 1.00000 
373.23801 1.00000 
373.75500 1.00000 
374.12000 1.00000 
375.24899 1.00000 
375.56601 1.00000 
376.61200 1.00000 
376.84201 1.00000 
376.78299 1.00000 
376.87000 1.00000 
377.55801 1.00000 
377.91000 1.00000 
377.94299 1.00000 
378.00800 1.00000 
377.95801 1.00000 
377.43600 1.00000 
376.81201 1.00000 
376.40701 1.00000 
375.75601 1.00000 
375.94400 1.00000 
375.18900 1.00000 
375.23099 1.00000 
374.03799 1.00000 
373.56601 1.00000 
372.47501 1.00000 
372.57501 1.00000 
372.87399 1.00000 
372.47699 1.00000 
372.30600 1.00000 
371.92599 1.00000 
372.05200 1.00000 
371.18301 1.00000 
371.02499 1.00000 
370.61401 1.00000 
370.88199 1.00000 
371.05801 1.00000 
370.95300 1.00000 
370.91199 1.00000 
370.83899 1.00000 
370.99100 1.00000 
370.79001 1.00000 
370.56201 1.00000 
371.34799 1.00000 
371.58401 1.00000 
371.38000 1.00000 
371.63300 1.00000 
371.93799 1.00000 
372.57300 1.00000 
372.09698 1.00000 
372.67001 1.00000 
371.80301 1.00000 
372.23401 1.00000 
373.46301 1.00000 
373.82599 1.00000 
373.99799 1.00000 
374.82401 1.00000 
375.59100 1.00000 
375.18701 1.00000 
375.60400 1.00000 
375.53500 1.00000 
376.06400 1.00000 
375.41599 1.00000 
375.96301 1.00000 
376.20499 1.00000 
370.80301 1.00000 
370.77899 1.00000 
369.56201 1.00000 
385.52701 1.00000 
374.14301 1.00000 
376.07199 1.00000 
371.99799 1.00000 
371.42599 1.00000 
371.69299 1.00000 
371.01700 1.00000 
370.31799 1.00000 
370.65799 1.00000 
370.28900 1.00000 
368.99200 1.00000 
367.52802 1.00000 
365.50000 1.00000 
364.30301 1.00000 
363.89499 1.00000 
363.82001 1.00000 
363.92499 1.00000 
364.13800 1.00000 
364.08301 1.00000 
364.66501 1.00000 
365.46201 1.00000 
365.90201 1.00000 
366.57199 1.00000 
367.26300 1.00000 
368.33701 1.00000 
369.32001 1.00000 
370.51099 1.00000 
371.72101 1.00000 
372.96100 1.00000 
374.30099 1.00000 
375.51099 1.00000 
376.17899 1.00000 
376.81699 1.00000 
377.16400 1.00000 
377.19699 1.00000 
376.99799 1.00000 
376.65701 1.00000 
376.16501 1.00000 
375.70599 1.00000 
374.88501 1.00000 
373.80600 1.00000 
372.59698 1.00000 
371.48700 1.00000 
370.66699 1.00000 
369.82199 1.00000 
368.92599 1.00000 
368.26300 1.00000 
367.10501 1.00000 
366.19800 1.00000 
365.73199 1.00000 
364.66199 1.00000 
364.91000 1.00000 
365.19901 1.00000 
365.01901 1.00000 
365.07501 1.00000 
365.13599 1.00000 
365.19699 1.00000 
365.74301 1.00000 
366.20599 1.00000 
366.51401 1.00000 
367.16501 1.00000 
367.93900 1.00000 
368.75500 1.00000 
369.44299 1.00000 
370.47699 1.00000 
371.43399 1.00000 
372.45300 1.00000 
373.54099 1.00000 
374.38901 1.00000 
375.28601 1.00000 
376.00800 1.00000 
376.25400 1.00000 
376.29199 1.00000 
376.40900 1.00000 
376.23901 1.00000 
376.13000 1.00000 
375.80301 1.00000 
375.49600 1.00000 
374.69199 1.00000 
374.46201 1.00000 
374.14200 1.00000 
373.82401 1.00000 
373.43399 1.00000 
373.10001 1.00000 
372.33600 1.00000 
370.13800 1.00000 
368.55200 1.00000 
367.24500 1.00000 
356.13699 1.00000 
352.33701 1.00000 
364.07901 1.00000 
363.69400 1.00000 
365.61301 1.00000 
371.96701 1.00000 
341.57800 1.00000 
326.44199 1.00000 
294.54099 1.00000 
292.09799 1.00000 
292.28500 1.00000 
294.02899 1.00000 
293.24600 1.00000 
294.01700 1.00000 
294.26199 1.00000 
294.04099 1.00000 
294.34500 1.00000 
294.12201 1.00000 
294.23499 1.00000 
294.34201 1.00000 
294.39099 1.00000 
294.37201 1.00000 
294.28201 1.00000 
294.40799 1.00000 
294.41901 1.00000 
294.37601 1.00000 
294.51700 1.00000 
294.49799 1.00000 
294.48199 1.00000 
294.41199 1.00000 
294.51099 1.00000 
294.49701 1.00000 
294.56699 1.00000 
294.75699 1.00000 
294.69800 1.00000 
294.59799 1.00000 
294.53799 1.00000 
294.53900 1.00000 
294.52802 1.00000 
294.58401 1.00000 
294.37500 1.00000 
294.44000 1.00000 
294.51599 1.00000 
294.53201 1.00000 
294.59100 1.00000 
294.52802 1.00000 
294.44601 1.00000 
295.44601 1.00000 
298.34900 1.00000 
0.00000 0.00000 
0.00000 0.00000 
0.00000 0.00000 
0.00000 0.00000 
0.00000 0.00000 
0.00000 0.00000 
0.00000 0.00000 
0.00000 0.00000 
441.29599 1.00000 
445.88501 1.00000 
443.83899 1.00000 
442.56201 1.00000 
444.20401 1.00000 
444.12900 1.00000 
443.83801 1.00000 
443.12100 1.00000 
444.18201 1.00000 
442.72900 1.00000 
442.69901 1.00000 
442.10400 1.00000 
441.83600 1.00000 
440.22299 1.00000 
438.95401 1.00000 
437.81299 1.00000 
437.27200 1.00000 
435.70700 1.00000 
434.06201 1.00000 
432.90302 1.00000 
433.38501 1.00000 
434.18500 1.00000 
433.81799 1.00000 
434.22000 1.00000 
435.43100 1.00000 
436.90100 1.00000 
437.58200 1.00000 
439.29599 1.00000 
439.91699 1.00000 
441.30099 1.00000 
441.21899 1.00000 
442.62399 1.00000 
443.20901 1.00000 
443.99100 1.00000 
443.45401 1.00000 
444.66199 1.00000 
444.78699 1.00000 
444.73700 1.00000 
443.25400 1.00000 
444.02200 1.00000 
443.84601 1.00000 
443.47101 1.00000 
443.13800 1.00000 
442.39499 1.00000 
441.89899 1.00000 
441.22299 1.00000 
440.46500 1.00000 
440.16199 1.00000 
438.90100 1.00000 
437.70099 1.00000 
436.93399 1.00000 
436.63400 1.00000 
436.14600 1.00000 
435.51099 1.00000 
435.59201 1.00000 
435.93100 1.00000 
436.53799 1.00000 
436.74500 1.00000 
437.26700 1.00000 
438.68100 1.00000 
438.87601 1.00000 
439.11899 1.00000 
439.60400 1.00000 
440.24500 1.00000 
440.76700 1.00000 
441.22501 1.00000 
441.92001 1.00000 
441.54800 1.00000 
442.24701 1.00000 
442.23801 1.00000 
442.37601 1.00000 
442.27802 1.00000 
442.22000 1.00000 
442.00000 1.00000 
442.58099 1.00000 
442.27200 1.00000 
442.19299 1.00000 
441.82101 1.00000 
442.13599 1.00000 
441.86899 1.00000 
441.79800 1.00000 
441.61099 1.00000 
441.42599 1.00000 
441.61700 1.00000 
441.55200 1.00000 
441.24301 1.00000 
441.36801 1.00000 
441.48999 1.00000 
441.36301 1.00000 
441.59900 1.00000 
441.16800 1.00000 
441.20099 1.00000 
440.96500 1.00000 
441.53601 1.00000 
441.03900 1.00000 
441.38501 1.00000 
441.35699 1.00000 
441.17499 1.00000 
440.75900 1.00000 
440.92700 1.00000 
440.75299 1.00000 
440.33701 1.00000 
440.21600 1.00000 
439.40302 1.00000 
439.23300 1.00000 
437.49399 1.00000 
435.01300 1.00000 
0.00000 0.00000 
0.00000 0.00000 
0.00000 0.00000 
0.00000 0.00000 
0.00000 0.00000 
0.00000 0.00000 
0.00000 0.00000 
0.00000 0.00000 
0.00000 0.00000 
493.53699 1.00000 
494.73001 1.00000 
497.60300 1.00000 
497.47501 1.00000 
498.13699 1.00000 
498.57800 1.00000 
498.73001 1.00000 
498.80099 1.00000 
498.56000 1.00000 
498.15302 1.00000 
497.65900 1.00000 
496.94299 1.00000 
496.12201 1.00000 
495.21301 1.00000 
494.43900 1.00000 
493.58301 1.00000 
493.43701 1.00000 
492.89001 1.00000 
492.44901 1.00000 
492.70901 1.00000 
494.09299 1.00000 
496.00500 1.00000 
497.34399 1.00000 
499.28601 1.00000 
500.16101 1.00000 
501.30399 1.00000 
501.67499 1.00000 
502.45499 1.00000 
502.98801 1.00000 
503.82101 1.00000 
505.00101 1.00000 
505.68399 1.00000 
505.55801 1.00000 
505.48401 1.00000 
505.20599 1.00000 
504.31100 1.00000 
503.43600 1.00000 
502.48801 1.00000 
501.61801 1.00000 
501.07501 1.00000 
500.26401 1.00000 
499.25000 1.00000 
498.16501 1.00000 
497.28299 1.00000 
496.60300 1.00000 
495.57800 1.00000 
494.84299 1.00000 
493.72000 1.00000 
492.92401 1.00000 
492.56799 1.00000 
492.70099 1.00000 
492.86700 1.00000 
493.40900 1.00000 
494.63400 1.00000 
495.25400 1.00000 
495.46399 1.00000 
496.15900 1.00000 
497.14001 1.00000 
498.65100 1.00000 
499.51599 1.00000 
499.72101 1.00000 
500.48700 1.00000 
500.91299 1.00000 
501.52301 1.00000 
502.08200 1.00000 
502.67300 1.00000 
502.48700 1.00000 
502.86801 1.00000 
502.61801 1.00000 
502.99301 1.00000 
503.15799 1.00000 
502.77499 1.00000 
502.65601 1.00000 
502.62701 1.00000 
502.66299 1.00000 
502.89801 1.00000 
503.05899 1.00000 
503.17099 1.00000 
502.89600 1.00000 
502.76300 1.00000 
502.43399 1.00000 
502.40201 1.00000 
502.01401 1.00000 
501.69101 1.00000 
500.91699 1.00000 
500.95200 1.00000 
500.43201 1.00000 
500.26599 1.00000 
499.51001 1.00000 
503.53000 1.00000 
502.70599 1.00000 
500.04001 1.00000 
496.58200 1.00000 
0.00000 0.00000 
0.00000 0.00000 
395.19800 1.00000 
395.51199 1.00000 
395.79099 1.00000 
395.84900 1.00000 
395.68900 1.00000 
394.58499 1.00000 
394.35199 1.00000 
394.26801 1.00000 
394.61700 1.00000 
394.57700 1.00000 
394.70700 1.00000 
394.85199 1.00000 
394.91699 1.00000 
394.59698 1.00000 
394.40799 1.00000 
394.32700 1.00000 
394.20700 1.00000 
394.12000 1.00000 
394.21399 1.00000 
393.81799 1.00000 
393.64200 1.00000 
393.18701 1.00000 
393.04501 1.00000 
393.03000 1.00000 
393.04901 1.00000 
392.73599 1.00000 
392.43301 1.00000 
392.08499 1.00000 
391.54901 1.00000 
390.88501 1.00000 
389.90799 1.00000 
389.04001 1.00000 
388.95999 1.00000 
389.72501 1.00000 
390.46899 1.00000 
389.63300 1.00000 
388.84299 1.00000 
388.08899 1.00000 
387.51700 1.00000 
386.79001 1.00000 
385.79800 1.00000 
384.37900 1.00000 
385.18100 1.00000 
382.11200 1.00000 
383.70499 1.00000 
389.19400 1.00000 
392.81400 1.00000 
0.00000 0.00000 
0.00000 0.00000 
0.00000 0.00000 
565.31299 1.00000 
587.02600 1.00000 
589.27600 1.00000 
590.72601 1.00000 
590.95203 1.00000 
591.78198 1.00000 
592.46100 1.00000 
593.34698 1.00000 
593.75897 1.00000 
594.28302 1.00000 
595.27600 1.00000 
596.02301 1.00000 
596.39697 1.00000 
596.81000 1.00000 
597.21802 1.00000 
597.37903 1.00000 
597.49902 1.00000 
597.75500 1.00000 
597.77100 1.00000 
597.51898 1.00000 
597.17798 1.00000 
596.38397 1.00000 
595.64301 1.00000 
595.38098 1.00000 
595.15997 1.00000 
594.32098 1.00000 
593.61902 1.00000 
592.69598 1.00000 
591.61902 1.00000 
591.36798 1.00000 
590.29303 1.00000 
588.89398 1.00000 
588.17603 1.00000 
587.63300 1.00000 
587.09100 1.00000 
587.23999 1.00000 
587.06702 1.00000 
587.46600 1.00000 
587.32703 1.00000 
588.20599 1.00000 
589.26202 1.00000 
590.13501 1.00000 
591.62097 1.00000 
593.20001 1.00000 
594.35901 1.00000 
595.54401 1.00000 
597.26300 1.00000 
598.13702 1.00000 
597.79602 1.00000 
597.66101 1.00000 
597.73901 1.00000 
597.64899 1.00000 
597.83502 1.00000 
597.82501 1.00000 
597.70203 1.00000 
597.34198 1.00000 
597.49298 1.00000 
597.04901 1.00000 
596.53802 1.00000 
595.96698 1.00000 
595.44000 1.00000 
595.04901 1.00000 
594.20599 1.00000 
593.01202 1.00000 
591.81702 1.00000 
590.95099 1.00000 
590.15900 1.00000 
589.52698 1.00000 
589.23999 1.00000 
589.01300 1.00000 
589.02802 1.00000 
588.96399 1.00000 
588.94702 1.00000 
589.75098 1.00000 
590.01703 1.00000 
590.47601 1.00000 
590.57397 1.00000 
591.41998 1.00000 
591.94000 1.00000 
592.83899 1.00000 
593.43500 1.00000 
594.11700 1.00000 
595.53601 1.00000 
596.47803 1.00000 
596.55103 1.00000 
596.04602 1.00000 
596.53900 1.00000 
596.79602 1.00000 
597.02301 1.00000 
597.30499 1.00000 
597.75800 1.00000 
597.88000 1.00000 
597.65503 1.00000 
597.63098 1.00000 
597.59998 1.00000 
597.21899 1.00000 
596.82397 1.00000 
596.04901 1.00000 
595.16400 1.00000 
594.86298 1.00000 
594.56799 1.00000 
594.11102 1.00000 
593.65302 1.00000 
593.15399 1.00000 
592.48102 1.00000 
591.94098 1.00000 
591.64203 1.00000 
591.66901 1.00000 
591.19299 1.00000 
590.77002 1.00000 
590.71100 1.00000 
590.89099 1.00000 
590.89697 1.00000 
590.70398 1.00000 
590.69897 1.00000 
590.48901 1.00000 
590.66699 1.00000 
590.86700 1.00000 
591.26202 1.00000 
591.81897 1.00000 
591.96399 1.00000 
591.93103 1.00000 
592.35101 1.00000 
592.06000 1.00000 
593.31097 1.00000 
594.45898 1.00000 
596.10303 1.00000 
595.34998 1.00000 
596.49298 1.00000 
597.10999 1.00000 
593.75000 1.00000 
582.43500 1.00000 
585.47198 1.00000 
596.06403 1.00000 
595.60901 1.00000 
595.11401 1.00000 
595.77301 1.00000 
595.19702 1.00000 
594.18500 1.00000 
593.50500 1.00000 
592.89801 1.00000 
592.09302 1.00000 
591.44299 1.00000 
589.64099 1.00000 
588.39203 1.00000 
587.15997 1.00000 
586.76202 1.00000 
586.94501 1.00000 
586.88800 1.00000 
584.92200 1.00000 
584.29401 1.00000 
582.75800 1.00000 
582.63501 1.00000 
582.57501 1.00000 
582.84698 1.00000 
583.10602 1.00000 
583.39502 1.00000 
585.77399 1.00000 
586.82898 1.00000 
588.16901 1.00000 
590.97400 1.00000 
593.78497 1.00000 
595.41998 1.00000 
597.46198 1.00000 
598.83197 1.00000 
599.82800 1.00000 
601.08197 1.00000 
601.97803 1.00000 
603.10101 1.00000 
603.16400 1.00000 
602.66602 1.00000 
602.16400 1.00000 
602.00403 1.00000 
601.45300 1.00000 
601.21399 1.00000 
600.42603 1.00000 
599.46100 1.00000 
598.53900 1.00000 
598.05402 1.00000 
597.14600 1.00000 
595.68402 1.00000 
594.03699 1.00000 
593.09198 1.00000 
591.98199 1.00000 
590.79102 1.00000 
590.43799 1.00000 
590.37701 1.00000 
590.37299 1.00000 
590.25702 1.00000 
590.03302 1.00000 
590.58899 1.00000 
591.46600 1.00000 
592.34100 1.00000 
593.38098 1.00000 
594.34302 1.00000 
595.06097 1.00000 
595.61902 1.00000 
596.04700 1.00000 
596.16400 1.00000 
596.20801 1.00000 
596.32001 1.00000 
596.75403 1.00000 
596.73297 1.00000 
596.89697 1.00000 
597.08197 1.00000 
596.96002 1.00000 
596.75800 1.00000 
596.06201 1.00000 
596.07898 1.00000 
596.19702 1.00000 
596.40100 1.00000 
596.40698 1.00000 
596.20599 1.00000 
596.11798 1.00000 
595.90198 1.00000 
595.88501 1.00000 
596.77502 1.00000 
596.77600 1.00000 
596.27802 1.00000 
595.50800 1.00000 
594.50598 1.00000 
593.15997 1.00000 
583.92902 1.00000 
496.90799 1.00000 
497.82599 1.00000 
499.51099 1.00000 
499.26801 1.00000 
500.03299 1.00000 
500.57501 1.00000 
500.36301 1.00000 
500.91101 1.00000 
500.45099 1.00000 
500.39600 1.00000 
500.33099 1.00000 
500.38501 1.00000 
500.24899 1.00000 
500.35400 1.00000 
500.15799 1.00000 
500.05399 1.00000 
500.21899 1.00000 
500.21100 1.00000 
500.23700 1.00000 
500.14001 1.00000 
499.92999 1.00000 
500.29501 1.00000 
499.94601 1.00000 
500.30801 1.00000 
500.05899 1.00000 
500.32700 1.00000 
500.09500 1.00000 
500.10101 1.00000 
500.18900 1.00000 
500.29901 1.00000 
500.51001 1.00000 
500.33899 1.00000 
500.38000 1.00000 
500.46899 1.00000 
500.42401 1.00000 
500.46301 1.00000 
500.32300 1.00000 
500.54401 1.00000 
500.36099 1.00000 
500.34799 1.00000 
499.79001 1.00000 
499.44501 1.00000 
498.54001 1.00000 
497.29700 1.00000 
495.48099 1.00000 
493.42599 1.00000 
0.00000 0.00000 
0.00000 0.00000 
0.00000 0.00000 
0.00000 0.00000 
432.97101 1.00000 
433.85001 1.00000 
436.26199 1.00000 
438.62601 1.00000 
440.63400 1.00000 
442.28299 1.00000 
442.01001 1.00000 
442.06100 1.00000 
442.78400 1.00000 
443.16000 1.00000 
442.79001 1.00000 
442.55600 1.00000 
442.41501 1.00000 
442.79501 1.00000 
442.82599 1.00000 
442.88199 1.00000 
442.76501 1.00000 
442.79501 1.00000 
442.80399 1.00000 
442.61801 1.00000 
442.50400 1.00000 
442.39200 1.00000 
442.30801 1.00000 
442.55899 1.00000 
442.49200 1.00000 
442.62299 1.00000 
442.57901 1.00000 
442.54501 1.00000 
442.64700 1.00000 
442.63199 1.00000 
442.62799 1.00000 
442.52802 1.00000 
442.43100 1.00000 
442.45999 1.00000 
442.29700 1.00000 
442.47800 1.00000 
442.33600 1.00000 
442.40701 1.00000 
442.41400 1.00000 
442.49899 1.00000 
442.47900 1.00000 
442.38599 1.00000 
442.62399 1.00000 
442.54700 1.00000 
442.60501 1.00000 
442.67801 1.00000 
442.49600 1.00000 
442.49100 1.00000 
442.53101 1.00000 
442.41400 1.00000 
442.26001 1.00000 
442.39200 1.00000 
442.42200 1.00000 
442.32199 1.00000 
442.49301 1.00000 
442.47198 1.00000 
442.61600 1.00000 
442.62500 1.00000 
442.56400 1.00000 
442.35599 1.00000 
442.39001 1.00000 
442.49701 1.00000 
442.59500 1.00000 
442.39001 1.00000 
442.45001 1.00000 
442.32700 1.00000 
442.33301 1.00000 
442.57800 1.00000 
442.50601 1.00000 
442.40601 1.00000 
442.54700 1.00000 
442.44800 1.00000 
442.54800 1.00000 
442.48401 1.00000 
442.58499 1.00000 
442.78500 1.00000 
442.38101 1.00000 
442.39999 1.00000 
441.87799 1.00000 
437.73401 1.00000 
428.12100 1.00000 
426.92899 1.00000 
417.48401 1.00000 
415.92499 1.00000 
371.80399 1.00000 
367.79099 1.00000 
370.03000 1.00000 
367.96100 1.00000 
368.17300 1.00000 
366.54300 1.00000 
373.45901 1.00000 
373.22299 1.00000 
374.27399 1.00000 
377.35300 1.00000 
378.14899 1.00000 
378.08301 1.00000 
377.86200 1.00000 
378.23999 1.00000 
378.67300 1.00000 
379.05899 1.00000 
378.99899 1.00000 
378.70401 1.00000 
378.38000 1.00000 
378.43701 1.00000 
378.13501 1.00000 
377.76999 1.00000 
377.76999 1.00000 
377.67801 1.00000 
377.63400 1.00000 
377.66101 1.00000 
377.62399 1.00000 
377.53400 1.00000 
377.44000 1.00000 
377.26001 1.00000 
377.07901 1.00000 
376.82700 1.00000 
376.88300 1.00000 
376.97299 1.00000 
377.07599 1.00000 
377.12500 1.00000 
377.22299 1.00000 
377.06900 1.00000 
377.08801 1.00000 
376.83499 1.00000 
376.61801 1.00000 
376.41901 1.00000 
375.79599 1.00000 
375.20999 1.00000 
374.53201 1.00000 
373.99100 1.00000 
373.41699 1.00000 
371.37201 1.00000 
368.54001 1.00000 
364.23300 1.00000 
362.39999 1.00000 
361.46701 1.00000 
355.17099 1.00000 
348.95300 1.00000 
359.15799 1.00000 
339.08301 1.00000 
340.40100 1.00000 
334.49301 1.00000 
332.57901 1.00000 
331.98401 1.00000 
331.90302 1.00000 
334.24200 1.00000 
333.75900 1.00000 
333.92401 1.00000 
332.45901 1.00000 
332.27802 1.00000 
333.11401 1.00000 
332.97400 1.00000 
332.85999 1.00000 
333.75201 1.00000 
332.63901 1.00000 
331.63501 1.00000 
331.59601 1.00000 
330.47699 1.00000 
329.13300 1.00000 
327.47900 1.00000 
327.54999 1.00000 
327.36099 1.00000 
327.38300 1.00000 
327.38699 1.00000 
327.31100 1.00000 
327.68600 1.00000 
328.04700 1.00000 
328.31799 1.00000 
328.24301 1.00000 
328.45099 1.00000 
329.60199 1.00000 
330.17899 1.00000 
330.73700 1.00000 
331.50299 1.00000 
331.88199 1.00000 
332.69501 1.00000 
333.28101 1.00000 
333.86801 1.00000 
334.02899 1.00000 
333.74100 1.00000 
333.96799 1.00000 
334.14600 1.00000 
333.95099 1.00000 
334.12799 1.00000 
334.26999 1.00000 
334.20700 1.00000 
334.31799 1.00000 
334.31900 1.00000 
333.60001 1.00000 
333.40900 1.00000 
332.85901 1.00000 
332.13400 1.00000 
331.60599 1.00000 
330.77499 1.00000 
330.05099 1.00000 
329.32901 1.00000 
328.58600 1.00000 
328.06699 1.00000 
327.93799 1.00000 
327.81601 1.00000 
327.88300 1.00000 
328.03799 1.00000 
328.12900 1.00000 
328.19000 1.00000 
328.23700 1.00000 
328.67401 1.00000 
328.99399 1.00000 
329.82700 1.00000 
330.45499 1.00000 
330.52399 1.00000 
330.75800 1.00000 
330.45999 1.00000 
330.17801 1.00000 
329.41000 1.00000 
329.24799 1.00000 
329.65399 1.00000 
330.37500 1.00000 
331.05600 1.00000 
331.43900 1.00000 
331.15399 1.00000 
330.48499 1.00000 
330.32300 1.00000 
329.73001 1.00000 
328.19901 1.00000 
328.23599 1.00000 
329.95901 1.00000 
334.38901 1.00000 
332.93201 1.00000 
0.00000 0.00000 
0.00000 0.00000 
0.00000 0.00000 
287.40100 1.00000 
287.64700 1.00000 
290.82401 1.00000 
291.43100 1.00000 
290.77701 1.00000 
291.76901 1.00000 
292.14200 1.00000 
292.54300 1.00000 
292.80399 1.00000 
292.90601 1.00000 
292.88800 1.00000 
293.08401 1.00000 
293.40701 1.00000 
293.73999 1.00000 
293.91901 1.00000 
294.11899 1.00000 
294.27802 1.00000 
294.12000 1.00000 
294.08401 1.00000 
294.11899 1.00000 
294.27802 1.00000 
294.15100 1.00000 
294.22198 1.00000 
294.25500 1.00000 
294.32999 1.00000 
294.27600 1.00000 
294.27499 1.00000 
294.20001 1.00000 
294.36801 1.00000 
294.08801 1.00000 
294.12201 1.00000 
294.00601 1.00000 
293.98599 1.00000 
294.01999 1.00000 
293.98599 1.00000 
293.80600 1.00000 
293.70001 1.00000 
293.60001 1.00000 
293.43500 1.00000 
293.12201 1.00000 
292.91000 1.00000 
292.44501 1.00000 
292.45300 1.00000 
292.56100 1.00000 
293.00900 1.00000 
292.36600 1.00000 
290.37299 1.00000 
291.44501 1.00000 
292.10599 1.00000 
292.87500 1.00000 
294.21100 1.00000 
296.71799 1.00000 
299.04800 1.00000 
301.59799 1.00000 
303.63501 1.00000 
304.84900 1.00000 
305.28601 1.00000 
305.38501 1.00000 
305.29300 1.00000 
309.77701 1.00000 
310.82700 1.00000 
311.31601 1.00000 
315.84201 1.00000 
316.00101 1.00000 
320.41299 1.00000 
326.87701 1.00000 
321.94299 1.00000 
324.56299 1.00000 
331.77301 1.00000 
327.95901 1.00000 
329.93701 1.00000 
331.88400 1.00000 
333.10101 1.00000 
331.66599 1.00000 
330.16501 1.00000 
336.79700 1.00000 
331.44400 1.00000 
332.06601 1.00000 
335.73999 1.00000 
330.30801 1.00000 
333.34399 1.00000 
331.28799 1.00000 
334.70901 1.00000 
326.31699 1.00000 
330.00500 1.00000 
333.24100 1.00000 
327.21399 1.00000 
333.82501 1.00000 
332.69601 1.00000 
333.91199 1.00000 
335.67300 1.00000 
333.53299 1.00000 
337.13599 1.00000 
333.34399 1.00000 
336.42499 1.00000 
334.01401 1.00000 
332.45599 1.00000 
335.67899 1.00000 
330.57700 1.00000 
336.01901 1.00000 
331.19299 1.00000 
336.40100 1.00000 
334.31500 1.00000 
333.89001 1.00000 
335.54599 1.00000 
332.70901 1.00000 
337.39099 1.00000 
333.22400 1.00000 
337.17001 1.00000 
334.99701 1.00000 
334.89600 1.00000 
335.82501 1.00000 
333.88800 1.00000 
337.30801 1.00000 
334.33200 1.00000 
336.44299 1.00000 
334.40701 1.00000 
335.67899 1.00000 
335.95300 1.00000 
334.23599 1.00000 
337.16199 1.00000 
334.91299 1.00000 
337.69699 1.00000 
335.07501 1.00000 
336.28299 1.00000 
336.12601 1.00000 
335.14200 1.00000 
336.13101 1.00000 
333.28201 1.00000 
335.51901 1.00000 
334.03299 1.00000 
334.85300 1.00000 
335.74799 1.00000 
334.35199 1.00000 
336.20599 1.00000 
333.89801 1.00000 
335.02100 1.00000 
334.81400 1.00000 
334.12701 1.00000 
334.84201 1.00000 
333.20700 1.00000 
333.92999 1.00000 
332.77499 1.00000 
332.56500 1.00000 
333.86801 1.00000 
332.44101 1.00000 
333.46399 1.00000 
333.13599 1.00000 
332.75900 1.00000 
333.70099 1.00000 
332.38599 1.00000 
333.48700 1.00000 
333.27899 1.00000 
332.75699 1.00000 
334.10800 1.00000 
333.17099 1.00000 
334.08701 1.00000 
334.13699 1.00000 
333.59201 1.00000 
335.08301 1.00000 
333.78699 1.00000 
334.70499 1.00000 
334.43900 1.00000 
334.11301 1.00000 
335.04599 1.00000 
334.43201 1.00000 
335.47699 1.00000 
335.12100 1.00000 
334.81100 1.00000 
335.72000 1.00000 
334.69501 1.00000 
335.56201 1.00000 
334.34299 1.00000 
334.28101 1.00000 
334.39999 1.00000 
333.32401 1.00000 
333.83801 1.00000 
332.86099 1.00000 
332.76700 1.00000 
333.07300 1.00000 
331.82901 1.00000 
332.40701 1.00000 
331.65601 1.00000 
331.18301 1.00000 
331.70700 1.00000 
330.95700 1.00000 
330.82599 1.00000 
331.21201 1.00000 
330.94000 1.00000 
331.59601 1.00000 
331.56299 1.00000 
331.83600 1.00000 
332.41901 1.00000 
332.23001 1.00000 
332.83600 1.00000 
333.15201 1.00000 
333.13199 1.00000 
333.81900 1.00000 
333.85901 1.00000 
334.45700 1.00000 
334.71600 1.00000 
334.76099 1.00000 
335.40900 1.00000 
335.18201 1.00000 
335.14499 1.00000 
335.12799 1.00000 
334.77399 1.00000 
334.96600 1.00000 
334.31799 1.00000 
334.51700 1.00000 
334.01199 1.00000 
333.34698 1.00000 
333.20200 1.00000 
332.07001 1.00000 
331.64999 1.00000 
331.28101 1.00000 
330.37201 1.00000 
330.48599 1.00000 
330.09299 1.00000 
330.00500 1.00000 
330.13400 1.00000 
330.41901 1.00000 
330.62701 1.00000 
331.05600 1.00000 
331.48801 1.00000 
331.79599 1.00000 
332.38501 1.00000 
332.53699 1.00000 
332.87701 1.00000 
333.31699 1.00000 
333.41800 1.00000 
333.67001 1.00000 
334.19199 1.00000 
333.83200 1.00000 
334.23499 1.00000 
334.55399 1.00000 
334.75699 1.00000 
334.73199 1.00000 
334.76901 1.00000 
334.65701 1.00000 
334.45200 1.00000 
333.87201 1.00000 
333.46899 1.00000 
332.87701 1.00000 
332.39700 1.00000 
331.87201 1.00000 
331.25601 1.00000 
330.74200 1.00000 
330.45099 1.00000 
330.08499 1.00000 
329.46100 1.00000 
329.11099 1.00000 
329.01300 1.00000 
328.96600 1.00000 
329.36401 1.00000 
329.58301 1.00000 
329.82501 1.00000 
330.42599 1.00000 
330.94800 1.00000 
331.32501 1.00000 
331.59399 1.00000 
332.27100 1.00000 
332.56400 1.00000 
332.83600 1.00000 
333.26501 1.00000 
333.45099 1.00000 
333.59100 1.00000 
333.90100 1.00000 
334.26099 1.00000 
334.30701 1.00000 
334.71600 1.00000 
335.26401 1.00000 
335.05701 1.00000 
334.65900 1.00000 
334.20300 1.00000 
333.52100 1.00000 
332.73801 1.00000 
332.63000 1.00000 
332.34799 1.00000 
331.97601 1.00000 
331.46701 1.00000 
331.05301 1.00000 
330.47601 1.00000 
330.16199 1.00000 
329.93100 1.00000 
329.56100 1.00000 
329.52399 1.00000 
329.77200 1.00000 
330.01999 1.00000 
330.27200 1.00000 
330.54999 1.00000 
331.12399 1.00000 
331.41101 1.00000 
332.00800 1.00000 
332.46500 1.00000 
332.50000 1.00000 
332.89600 1.00000 
333.41299 1.00000 
333.59000 1.00000 
334.06500 1.00000 
334.38599 1.00000 
334.44199 1.00000 
335.12500 1.00000 
335.52701 1.00000 
336.23801 1.00000 
336.29901 1.00000 
336.35699 1.00000 
336.10599 1.00000 
335.58801 1.00000 
335.18701 1.00000 
334.78299 1.00000 
334.39801 1.00000 
334.12299 1.00000 
333.71600 1.00000 
333.16101 1.00000 
332.41101 1.00000 
331.85400 1.00000 
331.54199 1.00000 
330.98901 1.00000 
330.96399 1.00000 
330.75900 1.00000 
330.69299 1.00000 
331.11200 1.00000 
331.20599 1.00000 
331.65900 1.00000 
331.71701 1.00000 
332.32700 1.00000 
332.63699 1.00000 
332.72900 1.00000 
333.06201 1.00000 
333.67001 1.00000 
333.50699 1.00000 
334.02701 1.00000 
334.42401 1.00000 
334.57101 1.00000 
335.33600 1.00000 
335.91699 1.00000 
336.34698 1.00000 
336.58401 1.00000 
336.24200 1.00000 
335.50800 1.00000 
335.04700 1.00000 
334.23499 1.00000 
333.51001 1.00000 
333.86499 1.00000 
333.59299 1.00000 
333.34000 1.00000 
333.25201 1.00000 
333.37500 1.00000 
332.33899 1.00000 
332.04999 1.00000 
331.34201 1.00000 
331.56000 1.00000 
331.21100 1.00000 
331.02802 1.00000 
330.94299 1.00000 
330.33200 1.00000 
331.39200 1.00000 
330.80200 1.00000 
331.24600 1.00000 
332.19400 1.00000 
331.63101 1.00000 
331.43900 1.00000 
332.37601 1.00000 
333.02301 1.00000 
329.26199 1.00000 
331.95901 1.00000 
333.54199 1.00000 
334.78000 1.00000 
337.60199 1.00000 
340.01901 1.00000 
0.00000 0.00000 
0.00000 0.00000 
0.00000 0.00000 
0.00000 0.00000 
0.00000 0.00000 
0.00000 0.00000 
0.00000 0.00000 
0.00000 0.00000 
0.00000 0.00000 
0.00000 0.00000 
0.00000 0.00000 
0.00000 0.00000 
0.00000 0.00000 
0.00000 0.00000 
0.00000 0.00000 
0.00000 0.00000 
0.00000 0.00000 
0.00000 0.00000 
0.00000 0.00000 
0.00000 0.00000 
0.00000 0.00000 
0.00000 0.00000 
0.00000 0.00000 
0.00000 0.00000 
0.00000 0.00000 
0.00000 0.00000 
0.00000 0.00000 
0.00000 0.00000 
0.00000 0.00000 
0.00000 0.00000 
0.00000 0.00000 
0.00000 0.00000 
0.00000 0.00000 
0.00000 0.00000 
0.00000 0.00000 
0.00000 0.00000 
0.00000 0.00000 
0.00000 0.00000 
0.00000 0.00000 
0.00000 0.00000 
0.00000 0.00000 
0.00000 0.00000 
0.00000 0.00000 
0.00000 0.00000 
0.00000 0.00000 
0.00000 0.00000 
0.00000 0.00000 
0.00000 0.00000 
0.00000 0.00000 
0.00000 0.00000 
0.00000 0.00000 
0.00000 0.00000 
0.00000 0.00000 
0.00000 0.00000 
0.00000 0.00000 
0.00000 0.00000 
0.00000 0.00000 
0.00000 0.00000 
0.00000 0.00000 
0.00000 0.00000 
0.00000 0.00000 
0.00000 0.00000 
0.00000 0.00000 
0.00000 0.00000 
0.00000 0.00000 
0.00000 0.00000 
0.00000 0.00000 
0.00000 0.00000 
0.00000 0.00000 
0.00000 0.00000 
0.00000 0.00000 
0.00000 0.00000 
0.00000 0.00000 
0.00000 0.00000 
0.00000 0.00000 
0.00000 0.00000 
0.00000 0.00000 
0.00000 0.00000 
0.00000 0.00000 
0.00000 0.00000 
0.00000 0.00000 
0.00000 0.00000 
0.00000 0.00000 
0.00000 0.00000 
0.00000 0.00000 
0.00000 0.00000 
0.00000 0.00000 
0.00000 0.00000 
0.00000 0.00000 
0.00000 0.00000 
0.00000 0.00000 
0.00000 0.00000 
0.00000 0.00000 
0.00000 0.00000 
0.00000 0.00000 
0.00000 0.00000 
0.00000 0.00000 
0.00000 0.00000 
0.00000 0.00000 
0.00000 0.00000 
0.00000 0.00000 
0.00000 0.00000 
0.00000 0.00000 
0.00000 0.00000 
0.00000 0.00000 
0.00000 0.00000 
0.00000 0.00000 
0.00000 0.00000 
0.00000 0.00000 
0.00000 0.00000 
0.00000 0.00000 
0.00000 0.00000 
0.00000 0.00000 
0.00000 0.00000 
0.00000 0.00000 
0.00000 0.00000 
0.00000 0.00000 
0.00000 0.00000 
0.00000 0.00000 
0.00000 0.00000 
0.00000 0.00000 
0.00000 0.00000 
0.00000 0.00000 
0.00000 0.00000 
0.00000 0.00000 
0.00000 0.00000 
0.00000 0.00000 
0.00000 0.00000 
0.00000 0.00000 
0.00000 0.00000 
0.00000 0.00000 
0.00000 0.00000 
0.00000 0.00000 
0.00000 0.00000 
0.00000 0.00000 
0.00000 0.00000 
0.00000 0.00000 
0.00000 0.00000 
0.00000 0.00000 
0.00000 0.00000 
0.00000 0.00000 
0.00000 0.00000 
0.00000 0.00000 
0.00000 0.00000 
0.00000 0.00000 
0.00000 0.00000 
0.00000 0.00000 
0.00000 0.00000 
0.00000 0.00000 
0.00000 0.00000 
0.00000 0.00000 
0.00000 0.00000 
0.00000 0.00000 
0.00000 0.00000 
0.00000 0.00000 
0.00000 0.00000 
0.00000 0.00000 
0.00000 0.00000 
0.00000 0.00000 
0.00000 0.00000 
0.00000 0.00000 
0.00000 0.00000 
0.00000 0.00000 
0.00000 0.00000 
0.00000 0.00000 
0.00000 0.00000 
0.00000 0.00000 
0.00000 0.00000 
0.00000 0.00000 
0.00000 0.00000 
0.00000 0.00000 
0.00000 0.00000 
0.00000 0.00000 
0.00000 0.00000 
0.00000 0.00000 
0.00000 0.00000 
0.00000 0.00000 
0.00000 0.00000 
0.00000 0.00000 
0.00000 0.00000 
0.00000 0.00000 
0.00000 0.00000 
0.00000 0.00000 
0.00000 0.00000 
0.00000 0.00000 
0.00000 0.00000 
0.00000 0.00000 
0.00000 0.00000 
0.00000 0.00000 
0.00000 0.00000 
0.00000 0.00000 
0.00000 0.00000 
0.00000 0.00000 
0.00000 0.00000 
0.00000 0.00000 
0.00000 0.00000 
0.00000 0.00000 
0.00000 0.00000 
0.00000 0.00000 
0.00000 0.00000 
0.00000 0.00000 
0.00000 0.00000 
0.00000 0.00000 
0.00000 0.00000 
0.00000 0.00000 
0.00000 0.00000 
0.00000 0.00000 
0.00000 0.00000 
0.00000 0.00000 
0.00000 0.00000 
0.00000 0.00000 
0.00000 0.00000 
0.00000 0.00000 
0.00000 0.00000 
0.00000 0.00000 
0.00000 0.00000 
0.00000 0.00000 
0.00000 0.00000 
0.00000 0.00000 
0.00000 0.00000 
0.00000 0.00000 
0.00000 0.00000 
0.00000 0.00000 
0.00000 0.00000 
0.00000 0.00000 
0.00000 0.00000 
0.00000 0.00000 
0.00000 0.00000 
0.00000 0.00000 
0.00000 0.00000 
0.00000 0.00000 
0.00000 0.00000 
0.00000 0.00000 
0.00000 0.00000 
0.00000 0.00000 
0.00000 0.00000 
0.00000 0.00000 
0.00000 0.00000 
0.00000 0.00000 
0.00000 0.00000 
0.00000 0.00000 
0.00000 0.00000 
0.00000 0.00000 
0.00000 0.00000 
0.00000 0.00000 
0.00000 0.00000 
0.00000 0.00000 
0.00000 0.00000 
0.00000 0.00000 
0.00000 0.00000 
0.00000 0.00000 
0.00000 0.00000 
0.00000 0.00000 
0.00000 0.00000 
0.00000 0.00000 
0.00000 0.00000 
0.00000 0.00000 
