 0.00000 0.00000 
0.00000 0.00000 
0.00000 0.00000 
0.00000 0.00000 
0.00000 0.00000 
0.00000 0.00000 
0.00000 0.00000 
0.00000 0.00000 
0.00000 0.00000 
0.00000 0.00000 
0.00000 0.00000 
0.00000 0.00000 
0.00000 0.00000 
0.00000 0.00000 
0.00000 0.00000 
0.00000 0.00000 
0.00000 0.00000 
0.00000 0.00000 
0.00000 0.00000 
0.00000 0.00000 
0.00000 0.00000 
0.00000 0.00000 
0.00000 0.00000 
0.00000 0.00000 
0.00000 0.00000 
0.00000 0.00000 
0.00000 0.00000 
0.00000 0.00000 
0.00000 0.00000 
0.00000 0.00000 
0.00000 0.00000 
0.00000 0.00000 
0.00000 0.00000 
0.00000 0.00000 
0.00000 0.00000 
0.00000 0.00000 
0.00000 0.00000 
0.00000 0.00000 
0.00000 0.00000 
0.00000 0.00000 
0.00000 0.00000 
0.00000 0.00000 
0.00000 0.00000 
0.00000 0.00000 
0.00000 0.00000 
0.00000 0.00000 
0.00000 0.00000 
0.00000 0.00000 
0.00000 0.00000 
0.00000 0.00000 
0.00000 0.00000 
0.00000 0.00000 
0.00000 0.00000 
0.00000 0.00000 
0.00000 0.00000 
0.00000 0.00000 
0.00000 0.00000 
0.00000 0.00000 
0.00000 0.00000 
0.00000 0.00000 
0.00000 0.00000 
0.00000 0.00000 
0.00000 0.00000 
0.00000 0.00000 
0.00000 0.00000 
0.00000 0.00000 
0.00000 0.00000 
0.00000 0.00000 
0.00000 0.00000 
0.00000 0.00000 
0.00000 0.00000 
0.00000 0.00000 
0.00000 0.00000 
0.00000 0.00000 
0.00000 0.00000 
0.00000 0.00000 
0.00000 0.00000 
0.00000 0.00000 
0.00000 0.00000 
0.00000 0.00000 
0.00000 0.00000 
0.00000 0.00000 
0.00000 0.00000 
0.00000 0.00000 
0.00000 0.00000 
0.00000 0.00000 
0.00000 0.00000 
0.00000 0.00000 
0.00000 0.00000 
0.00000 0.00000 
0.00000 0.00000 
0.00000 0.00000 
0.00000 0.00000 
0.00000 0.00000 
0.00000 0.00000 
0.00000 0.00000 
0.00000 0.00000 
0.00000 0.00000 
0.00000 0.00000 
0.00000 0.00000 
0.00000 0.00000 
0.00000 0.00000 
0.00000 0.00000 
0.00000 0.00000 
0.00000 0.00000 
263.89999 1.00000 
260.88400 1.00000 
262.18900 1.00000 
263.09201 1.00000 
262.59900 1.00000 
262.97400 1.00000 
262.87100 1.00000 
263.33301 1.00000 
263.41501 1.00000 
263.27600 1.00000 
263.30301 1.00000 
263.08099 1.00000 
263.51001 1.00000 
263.56900 1.00000 
263.73801 1.00000 
264.27802 1.00000 
264.53000 1.00000 
264.46500 1.00000 
265.67300 1.00000 
264.58200 1.00000 
264.56601 1.00000 
264.50400 1.00000 
264.27701 1.00000 
264.44101 1.00000 
264.11600 1.00000 
264.50500 1.00000 
263.28500 1.00000 
263.04901 1.00000 
265.50000 1.00000 
265.67700 1.00000 
266.53000 1.00000 
263.35901 1.00000 
262.76801 1.00000 
265.77701 1.00000 
262.87701 1.00000 
260.25900 1.00000 
259.04300 1.00000 
257.64600 1.00000 
259.70300 1.00000 
261.81900 1.00000 
261.46799 1.00000 
0.00000 0.00000 
0.00000 0.00000 
0.00000 0.00000 
328.61899 1.00000 
332.71799 1.00000 
333.37201 1.00000 
333.35199 1.00000 
333.15100 1.00000 
332.35300 1.00000 
331.84601 1.00000 
331.63101 1.00000 
330.89600 1.00000 
330.61600 1.00000 
330.05499 1.00000 
328.74899 1.00000 
329.07999 1.00000 
330.12299 1.00000 
330.15201 1.00000 
331.43301 1.00000 
332.07999 1.00000 
332.73099 1.00000 
333.73001 1.00000 
333.88300 1.00000 
333.71500 1.00000 
333.74399 1.00000 
333.67499 1.00000 
333.86600 1.00000 
334.58099 1.00000 
335.01099 1.00000 
335.47299 1.00000 
336.08801 1.00000 
335.81500 1.00000 
336.57300 1.00000 
335.73700 1.00000 
335.07199 1.00000 
335.47900 1.00000 
333.09399 1.00000 
333.26300 1.00000 
332.47800 1.00000 
330.52200 1.00000 
330.54199 1.00000 
329.34000 1.00000 
327.89099 1.00000 
327.55701 1.00000 
325.88699 1.00000 
324.63599 1.00000 
325.43701 1.00000 
326.44199 1.00000 
326.04800 1.00000 
327.74399 1.00000 
328.01700 1.00000 
327.48801 1.00000 
326.52899 1.00000 
326.38199 1.00000 
325.79300 1.00000 
325.23001 1.00000 
327.05301 1.00000 
324.69400 1.00000 
323.03500 1.00000 
325.10901 1.00000 
326.18799 1.00000 
327.97800 1.00000 
328.88699 1.00000 
330.47601 1.00000 
332.54700 1.00000 
333.85599 1.00000 
334.78299 1.00000 
335.97101 1.00000 
335.20901 1.00000 
335.53101 1.00000 
334.99200 1.00000 
334.12900 1.00000 
334.25000 1.00000 
333.72900 1.00000 
333.64401 1.00000 
333.67499 1.00000 
333.25299 1.00000 
333.60501 1.00000 
333.17599 1.00000 
332.64899 1.00000 
332.55899 1.00000 
331.90900 1.00000 
331.38699 1.00000 
331.38699 1.00000 
330.81000 1.00000 
330.01801 1.00000 
329.31601 1.00000 
328.34100 1.00000 
327.46100 1.00000 
327.37701 1.00000 
325.88501 1.00000 
326.01401 1.00000 
327.17499 1.00000 
329.39301 1.00000 
326.84000 1.00000 
326.70300 1.00000 
331.99899 1.00000 
327.94699 1.00000 
325.65399 1.00000 
324.86301 1.00000 
325.55200 1.00000 
326.72198 1.00000 
327.42801 1.00000 
328.80099 1.00000 
330.24899 1.00000 
331.46799 1.00000 
332.98199 1.00000 
333.93600 1.00000 
333.94400 1.00000 
334.28101 1.00000 
334.01801 1.00000 
333.65701 1.00000 
333.75601 1.00000 
333.82999 1.00000 
333.88400 1.00000 
333.90500 1.00000 
333.97601 1.00000 
334.11899 1.00000 
333.95099 1.00000 
334.06400 1.00000 
334.74100 1.00000 
334.73300 1.00000 
335.20099 1.00000 
335.07999 1.00000 
334.93500 1.00000 
334.92200 1.00000 
334.78500 1.00000 
335.11401 1.00000 
335.47101 1.00000 
334.27701 1.00000 
335.32700 1.00000 
333.21799 1.00000 
331.62900 1.00000 
341.08099 1.00000 
336.13901 1.00000 
0.00000 0.00000 
0.00000 0.00000 
0.00000 0.00000 
0.00000 0.00000 
0.00000 0.00000 
0.00000 0.00000 
262.79901 1.00000 
265.29099 1.00000 
264.48099 1.00000 
265.74500 1.00000 
265.34399 1.00000 
265.96701 1.00000 
265.74899 1.00000 
265.61301 1.00000 
265.39801 1.00000 
265.23901 1.00000 
265.09601 1.00000 
264.90701 1.00000 
264.25800 1.00000 
263.79800 1.00000 
263.19901 1.00000 
262.73599 1.00000 
260.36200 1.00000 
260.31699 1.00000 
260.26001 1.00000 
260.18600 1.00000 
259.86899 1.00000 
259.78900 1.00000 
259.95401 1.00000 
260.13800 1.00000 
260.19699 1.00000 
260.93600 1.00000 
260.30301 1.00000 
261.87299 1.00000 
260.39200 1.00000 
260.43500 1.00000 
260.46899 1.00000 
260.46701 1.00000 
260.43900 1.00000 
264.29999 1.00000 
264.47198 1.00000 
264.85101 1.00000 
264.65100 1.00000 
265.58099 1.00000 
263.90500 1.00000 
262.54099 1.00000 
259.82199 1.00000 
257.71701 1.00000 
257.70200 1.00000 
259.40900 1.00000 
261.28900 1.00000 
262.35101 1.00000 
263.42499 1.00000 
264.17700 1.00000 
264.31500 1.00000 
264.28101 1.00000 
263.80399 1.00000 
263.82300 1.00000 
263.65399 1.00000 
263.23401 1.00000 
262.87100 1.00000 
262.69199 1.00000 
262.49301 1.00000 
262.20901 1.00000 
261.89499 1.00000 
261.73901 1.00000 
261.51801 1.00000 
261.57501 1.00000 
261.83200 1.00000 
261.64499 1.00000 
261.51700 1.00000 
261.72601 1.00000 
261.79401 1.00000 
260.34000 1.00000 
262.37000 1.00000 
262.71799 1.00000 
260.47400 1.00000 
260.51401 1.00000 
260.46600 1.00000 
260.43701 1.00000 
262.97198 1.00000 
262.00900 1.00000 
261.35101 1.00000 
261.14200 1.00000 
261.34698 1.00000 
261.12399 1.00000 
262.05801 1.00000 
257.71500 1.00000 
256.47501 1.00000 
0.00000 0.00000 
0.00000 0.00000 
0.00000 0.00000 
260.90799 1.00000 
262.13501 1.00000 
262.64899 1.00000 
263.09201 1.00000 
263.20001 1.00000 
263.15399 1.00000 
263.06201 1.00000 
263.29001 1.00000 
263.32901 1.00000 
263.31201 1.00000 
263.08401 1.00000 
263.07700 1.00000 
263.14600 1.00000 
263.09299 1.00000 
262.98700 1.00000 
263.07001 1.00000 
263.23801 1.00000 
263.17499 1.00000 
263.31100 1.00000 
263.19800 1.00000 
263.26901 1.00000 
263.20700 1.00000 
263.38800 1.00000 
263.30301 1.00000 
263.54099 1.00000 
263.61801 1.00000 
263.82901 1.00000 
264.04001 1.00000 
264.00201 1.00000 
263.97800 1.00000 
263.89600 1.00000 
263.32501 1.00000 
262.93399 1.00000 
263.19101 1.00000 
262.27399 1.00000 
261.92599 1.00000 
261.62299 1.00000 
261.37900 1.00000 
261.29599 1.00000 
260.40201 1.00000 
0.00000 0.00000 
0.00000 0.00000 
0.00000 0.00000 
0.00000 0.00000 
332.35400 1.00000 
338.05399 1.00000 
337.75900 1.00000 
337.22299 1.00000 
340.11899 1.00000 
341.10800 1.00000 
346.52499 1.00000 
346.93301 1.00000 
347.93201 1.00000 
347.81299 1.00000 
347.05099 1.00000 
348.25101 1.00000 
347.03201 1.00000 
347.49500 1.00000 
346.53601 1.00000 
347.88599 1.00000 
347.57001 1.00000 
347.54300 1.00000 
348.23999 1.00000 
348.68701 1.00000 
349.39401 1.00000 
348.66699 1.00000 
349.39801 1.00000 
349.38501 1.00000 
350.51801 1.00000 
350.48199 1.00000 
351.36899 1.00000 
352.03601 1.00000 
352.68900 1.00000 
352.97000 1.00000 
352.27499 1.00000 
353.38101 1.00000 
352.11301 1.00000 
353.28400 1.00000 
351.03101 1.00000 
351.83801 1.00000 
350.30499 1.00000 
350.48599 1.00000 
349.17099 1.00000 
348.57199 1.00000 
348.48599 1.00000 
347.43799 1.00000 
348.24399 1.00000 
347.63000 1.00000 
348.50101 1.00000 
347.58301 1.00000 
347.67700 1.00000 
347.81201 1.00000 
347.79300 1.00000 
348.48401 1.00000 
346.50201 1.00000 
348.70499 1.00000 
346.93701 1.00000 
348.50900 1.00000 
347.61099 1.00000 
348.09399 1.00000 
348.35199 1.00000 
349.18301 1.00000 
350.65500 1.00000 
350.38000 1.00000 
352.35400 1.00000 
352.90601 1.00000 
353.38901 1.00000 
352.38901 1.00000 
353.73499 1.00000 
353.13000 1.00000 
353.81100 1.00000 
355.21301 1.00000 
352.82800 1.00000 
353.81601 1.00000 
347.82199 1.00000 
353.51501 1.00000 
349.40500 1.00000 
348.89401 1.00000 
342.07401 1.00000 
0.00000 0.00000 
0.00000 0.00000 
0.00000 0.00000 
0.00000 0.00000 
0.00000 0.00000 
0.00000 0.00000 
0.00000 0.00000 
0.00000 0.00000 
0.00000 0.00000 
334.24701 1.00000 
331.66699 1.00000 
340.07101 1.00000 
341.06699 1.00000 
341.10501 1.00000 
344.59601 1.00000 
345.27399 1.00000 
345.93701 1.00000 
346.86499 1.00000 
347.54501 1.00000 
347.85501 1.00000 
348.31100 1.00000 
348.69501 1.00000 
348.72299 1.00000 
349.15399 1.00000 
349.95801 1.00000 
350.56900 1.00000 
350.29999 1.00000 
350.28201 1.00000 
350.73999 1.00000 
351.16501 1.00000 
351.19901 1.00000 
351.23199 1.00000 
351.86099 1.00000 
352.10199 1.00000 
352.31000 1.00000 
351.88599 1.00000 
352.03699 1.00000 
352.07501 1.00000 
351.90500 1.00000 
352.11401 1.00000 
352.11899 1.00000 
354.50000 1.00000 
355.79300 1.00000 
353.67001 1.00000 
351.57901 1.00000 
349.20599 1.00000 
348.85901 1.00000 
351.61499 1.00000 
351.15500 1.00000 
350.50601 1.00000 
349.45999 1.00000 
350.74399 1.00000 
350.90302 1.00000 
0.00000 0.00000 
0.00000 0.00000 
294.98001 1.00000 
296.93701 1.00000 
293.39200 1.00000 
293.16599 1.00000 
294.02301 1.00000 
293.32401 1.00000 
293.78299 1.00000 
294.07501 1.00000 
294.03799 1.00000 
294.26501 1.00000 
293.82300 1.00000 
294.32300 1.00000 
293.90100 1.00000 
294.02701 1.00000 
293.99100 1.00000 
294.06601 1.00000 
294.37701 1.00000 
294.48599 1.00000 
294.56201 1.00000 
294.66901 1.00000 
294.94299 1.00000 
295.02802 1.00000 
295.11499 1.00000 
295.32300 1.00000 
294.88501 1.00000 
294.84601 1.00000 
294.75500 1.00000 
294.62900 1.00000 
294.72900 1.00000 
294.55301 1.00000 
294.50900 1.00000 
294.47299 1.00000 
294.57700 1.00000 
294.91501 1.00000 
294.79599 1.00000 
294.97601 1.00000 
294.95401 1.00000 
295.12701 1.00000 
295.17200 1.00000 
295.10599 1.00000 
295.03201 1.00000 
294.67401 1.00000 
294.69800 1.00000 
294.63400 1.00000 
294.55399 1.00000 
294.46301 1.00000 
294.63901 1.00000 
294.50400 1.00000 
294.50800 1.00000 
294.20801 1.00000 
294.57401 1.00000 
294.36499 1.00000 
294.64301 1.00000 
294.62900 1.00000 
294.21701 1.00000 
294.50601 1.00000 
294.54901 1.00000 
294.38699 1.00000 
294.59399 1.00000 
294.41901 1.00000 
294.54700 1.00000 
294.39801 1.00000 
294.20001 1.00000 
294.03400 1.00000 
294.09399 1.00000 
294.52899 1.00000 
294.22900 1.00000 
294.12601 1.00000 
293.53201 1.00000 
294.21100 1.00000 
293.91000 1.00000 
294.54700 1.00000 
294.43301 1.00000 
294.56201 1.00000 
294.75299 1.00000 
295.55600 1.00000 
293.78799 1.00000 
294.79501 1.00000 
294.51801 1.00000 
293.82901 1.00000 
295.69901 1.00000 
293.98700 1.00000 
294.54401 1.00000 
293.67300 1.00000 
296.21301 1.00000 
288.90399 1.00000 
288.30899 1.00000 
291.35901 1.00000 
293.05200 1.00000 
294.40799 1.00000 
294.40302 1.00000 
294.78299 1.00000 
294.77701 1.00000 
294.52301 1.00000 
294.27701 1.00000 
294.14200 1.00000 
293.99399 1.00000 
293.78699 1.00000 
293.65201 1.00000 
293.99600 1.00000 
294.14200 1.00000 
294.46600 1.00000 
294.32700 1.00000 
293.80600 1.00000 
292.64600 1.00000 
294.86600 1.00000 
295.91400 1.00000 
297.19199 1.00000 
296.60101 1.00000 
296.13101 1.00000 
295.81500 1.00000 
294.91000 1.00000 
294.80200 1.00000 
294.40500 1.00000 
294.19400 1.00000 
294.31900 1.00000 
294.17899 1.00000 
294.07001 1.00000 
294.60699 1.00000 
298.02802 1.00000 
345.15701 1.00000 
347.63400 1.00000 
349.78101 1.00000 
353.08600 1.00000 
350.68799 1.00000 
351.04999 1.00000 
351.81900 1.00000 
351.17801 1.00000 
353.35599 1.00000 
354.84100 1.00000 
357.57800 1.00000 
333.36700 1.00000 
326.14499 1.00000 
333.71100 1.00000 
342.00500 1.00000 
347.59000 1.00000 
351.22101 1.00000 
352.08899 1.00000 
352.58899 1.00000 
353.48001 1.00000 
353.86301 1.00000 
352.96600 1.00000 
352.11099 1.00000 
352.08099 1.00000 
352.44699 1.00000 
352.18900 1.00000 
351.75000 1.00000 
351.67401 1.00000 
352.96701 1.00000 
352.99701 1.00000 
353.00900 1.00000 
352.89200 1.00000 
352.76199 1.00000 
352.61801 1.00000 
353.76001 1.00000 
352.89099 1.00000 
351.58801 1.00000 
350.17499 1.00000 
351.87000 1.00000 
351.35699 1.00000 
349.42599 1.00000 
349.41699 1.00000 
350.69101 1.00000 
351.61301 1.00000 
351.03101 1.00000 
351.50699 1.00000 
351.90900 1.00000 
353.12000 1.00000 
353.69501 1.00000 
353.68100 1.00000 
353.52100 1.00000 
355.45401 1.00000 
356.95401 1.00000 
381.62701 1.00000 
350.11401 1.00000 
342.55099 1.00000 
343.38901 1.00000 
345.24301 1.00000 
348.86401 1.00000 
351.58401 1.00000 
352.25699 1.00000 
352.46799 1.00000 
352.85999 1.00000 
352.91299 1.00000 
352.50400 1.00000 
352.23901 1.00000 
352.47400 1.00000 
352.57300 1.00000 
352.30499 1.00000 
352.18201 1.00000 
352.18500 1.00000 
352.27899 1.00000 
352.28000 1.00000 
352.16699 1.00000 
352.23599 1.00000 
352.33600 1.00000 
352.32700 1.00000 
352.30399 1.00000 
352.19400 1.00000 
352.23300 1.00000 
352.47400 1.00000 
352.39001 1.00000 
352.39801 1.00000 
352.37399 1.00000 
352.56400 1.00000 
352.64301 1.00000 
352.60001 1.00000 
352.53299 1.00000 
351.95300 1.00000 
351.72000 1.00000 
350.81400 1.00000 
350.24200 1.00000 
351.04001 1.00000 
345.26501 1.00000 
346.50201 1.00000 
349.62399 1.00000 
345.60300 1.00000 
345.67099 1.00000 
343.31799 1.00000 
343.07999 1.00000 
344.50500 1.00000 
346.68701 1.00000 
347.52399 1.00000 
348.29001 1.00000 
349.55399 1.00000 
350.37601 1.00000 
351.26599 1.00000 
351.61200 1.00000 
351.93600 1.00000 
351.91800 1.00000 
351.85699 1.00000 
352.05499 1.00000 
352.37601 1.00000 
351.93399 1.00000 
352.06799 1.00000 
352.13901 1.00000 
351.99600 1.00000 
351.77301 1.00000 
351.48099 1.00000 
351.76401 1.00000 
352.00101 1.00000 
351.94400 1.00000 
351.90302 1.00000 
352.09201 1.00000 
352.03500 1.00000 
352.41101 1.00000 
352.18600 1.00000 
352.18201 1.00000 
351.58600 1.00000 
351.59601 1.00000 
351.41501 1.00000 
351.21100 1.00000 
350.35001 1.00000 
349.41101 1.00000 
348.60901 1.00000 
348.35199 1.00000 
354.32999 1.00000 
355.65399 1.00000 
342.00400 1.00000 
367.87799 1.00000 
354.97601 1.00000 
327.08200 1.00000 
293.98499 1.00000 
291.14899 1.00000 
292.94699 1.00000 
293.03400 1.00000 
292.41299 1.00000 
294.05099 1.00000 
294.03400 1.00000 
293.71100 1.00000 
294.38300 1.00000 
294.11499 1.00000 
294.15399 1.00000 
294.54800 1.00000 
294.13199 1.00000 
294.40201 1.00000 
294.35001 1.00000 
294.42700 1.00000 
294.43900 1.00000 
294.37799 1.00000 
294.22900 1.00000 
294.32901 1.00000 
294.32700 1.00000 
294.56000 1.00000 
294.22501 1.00000 
294.45499 1.00000 
294.17700 1.00000 
294.44000 1.00000 
294.56201 1.00000 
294.28201 1.00000 
294.21100 1.00000 
294.35901 1.00000 
294.23499 1.00000 
294.19601 1.00000 
294.21600 1.00000 
294.02701 1.00000 
294.08401 1.00000 
293.87701 1.00000 
293.67700 1.00000 
294.02100 1.00000 
293.80701 1.00000 
292.61899 1.00000 
291.89999 1.00000 
293.67899 1.00000 
294.39499 1.00000 
296.10901 1.00000 
295.32800 1.00000 
292.13800 1.00000 
292.61099 1.00000 
292.77802 1.00000 
292.39301 1.00000 
292.21899 1.00000 
293.08600 1.00000 
293.52802 1.00000 
293.59100 1.00000 
293.45200 1.00000 
293.64999 1.00000 
294.18799 1.00000 
294.10300 1.00000 
294.27200 1.00000 
294.13000 1.00000 
294.14600 1.00000 
294.04700 1.00000 
294.21301 1.00000 
294.33801 1.00000 
294.10501 1.00000 
294.20401 1.00000 
294.17300 1.00000 
294.01001 1.00000 
293.99399 1.00000 
294.15399 1.00000 
294.26599 1.00000 
294.16501 1.00000 
294.22601 1.00000 
294.24100 1.00000 
294.24701 1.00000 
294.14700 1.00000 
293.95200 1.00000 
293.97800 1.00000 
294.17801 1.00000 
293.75800 1.00000 
293.13501 1.00000 
292.12900 1.00000 
291.14301 1.00000 
291.55200 1.00000 
293.67999 1.00000 
295.66101 1.00000 
292.82401 1.00000 
292.62000 1.00000 
291.65100 1.00000 
293.40500 1.00000 
292.77600 1.00000 
293.32999 1.00000 
293.73099 1.00000 
294.01501 1.00000 
294.36499 1.00000 
294.33801 1.00000 
294.22601 1.00000 
294.36899 1.00000 
294.17300 1.00000 
294.59201 1.00000 
294.36899 1.00000 
294.44299 1.00000 
294.39499 1.00000 
294.34900 1.00000 
294.23401 1.00000 
294.41199 1.00000 
294.37900 1.00000 
294.43301 1.00000 
294.37201 1.00000 
294.22601 1.00000 
294.39401 1.00000 
294.24899 1.00000 
294.43100 1.00000 
294.52100 1.00000 
294.26999 1.00000 
294.51700 1.00000 
294.19800 1.00000 
294.10699 1.00000 
294.15799 1.00000 
294.13300 1.00000 
292.85101 1.00000 
0.00000 0.00000 
0.00000 0.00000 
0.00000 0.00000 
0.00000 0.00000 
0.00000 0.00000 
0.00000 0.00000 
0.00000 0.00000 
0.00000 0.00000 
0.00000 0.00000 
0.00000 0.00000 
389.29099 1.00000 
393.41699 1.00000 
397.34299 1.00000 
395.83899 1.00000 
396.66699 1.00000 
397.85901 1.00000 
397.73401 1.00000 
396.72800 1.00000 
396.11401 1.00000 
395.13901 1.00000 
393.92001 1.00000 
392.79800 1.00000 
392.19601 1.00000 
391.34399 1.00000 
391.76099 1.00000 
390.78201 1.00000 
389.87000 1.00000 
389.68500 1.00000 
390.02399 1.00000 
390.48099 1.00000 
391.05399 1.00000 
391.48300 1.00000 
392.31100 1.00000 
393.00900 1.00000 
393.24600 1.00000 
393.86401 1.00000 
394.30701 1.00000 
394.45401 1.00000 
394.64899 1.00000 
394.99301 1.00000 
394.90302 1.00000 
395.19000 1.00000 
395.34100 1.00000 
395.33801 1.00000 
395.37701 1.00000 
397.61499 1.00000 
401.86801 1.00000 
399.61301 1.00000 
397.19601 1.00000 
395.90399 1.00000 
395.36600 1.00000 
396.13000 1.00000 
397.85300 1.00000 
394.79999 1.00000 
391.08899 1.00000 
394.39600 1.00000 
404.99701 1.00000 
409.64999 1.00000 
399.59201 1.00000 
380.73401 1.00000 
423.82700 1.00000 
426.73199 1.00000 
427.02701 1.00000 
428.71301 1.00000 
427.31699 1.00000 
427.02899 1.00000 
436.34201 1.00000 
439.29401 1.00000 
442.00500 1.00000 
437.10101 1.00000 
437.48499 1.00000 
440.32800 1.00000 
441.94901 1.00000 
438.47198 1.00000 
438.38501 1.00000 
438.57901 1.00000 
441.42899 1.00000 
440.84900 1.00000 
438.40399 1.00000 
438.50400 1.00000 
440.90900 1.00000 
441.71600 1.00000 
438.49799 1.00000 
427.89401 1.00000 
437.99500 1.00000 
437.28101 1.00000 
435.44299 1.00000 
427.85599 1.00000 
416.72400 1.00000 
426.60901 1.00000 
426.85999 1.00000 
421.23801 1.00000 
419.48001 1.00000 
413.99799 1.00000 
414.36700 1.00000 
379.73599 1.00000 
385.57800 1.00000 
355.38501 1.00000 
351.98999 1.00000 
347.80399 1.00000 
348.28101 1.00000 
350.98300 1.00000 
350.73999 1.00000 
349.42001 1.00000 
348.72101 1.00000 
349.68900 1.00000 
350.35300 1.00000 
350.48999 1.00000 
350.70099 1.00000 
351.87601 1.00000 
352.12500 1.00000 
352.71799 1.00000 
352.79099 1.00000 
352.57599 1.00000 
352.82800 1.00000 
353.55600 1.00000 
353.47000 1.00000 
352.79099 1.00000 
352.75601 1.00000 
353.15302 1.00000 
353.09399 1.00000 
352.44501 1.00000 
352.41000 1.00000 
352.41699 1.00000 
353.19299 1.00000 
352.54099 1.00000 
351.96500 1.00000 
351.29901 1.00000 
350.54999 1.00000 
352.35999 1.00000 
351.37000 1.00000 
350.19199 1.00000 
348.82501 1.00000 
349.30099 1.00000 
346.17401 1.00000 
344.32999 1.00000 
342.61600 1.00000 
347.13699 1.00000 
362.77100 1.00000 
331.38400 1.00000 
318.50299 1.00000 
303.20099 1.00000 
329.90201 1.00000 
332.32800 1.00000 
329.37601 1.00000 
333.29099 1.00000 
333.09201 1.00000 
333.92801 1.00000 
333.30099 1.00000 
331.96301 1.00000 
331.31400 1.00000 
330.98599 1.00000 
330.40799 1.00000 
329.37000 1.00000 
328.67899 1.00000 
328.12299 1.00000 
327.68301 1.00000 
327.93600 1.00000 
328.18301 1.00000 
328.34100 1.00000 
329.08600 1.00000 
329.70300 1.00000 
330.13901 1.00000 
330.30801 1.00000 
330.72601 1.00000 
331.85999 1.00000 
332.37299 1.00000 
332.55200 1.00000 
332.77100 1.00000 
332.86200 1.00000 
333.42200 1.00000 
333.65500 1.00000 
333.99301 1.00000 
334.32501 1.00000 
334.76401 1.00000 
335.26099 1.00000 
335.53000 1.00000 
335.65900 1.00000 
335.02499 1.00000 
334.49301 1.00000 
333.89001 1.00000 
332.65100 1.00000 
332.25900 1.00000 
331.71500 1.00000 
330.97101 1.00000 
330.74701 1.00000 
330.02600 1.00000 
329.49500 1.00000 
329.37100 1.00000 
328.71701 1.00000 
328.43900 1.00000 
328.77100 1.00000 
329.13699 1.00000 
329.58899 1.00000 
330.21301 1.00000 
330.16000 1.00000 
330.69901 1.00000 
331.51700 1.00000 
331.45401 1.00000 
331.67099 1.00000 
331.94901 1.00000 
331.88199 1.00000 
332.49200 1.00000 
332.54700 1.00000 
333.08600 1.00000 
333.16400 1.00000 
333.09299 1.00000 
333.34299 1.00000 
333.77301 1.00000 
334.09299 1.00000 
334.93301 1.00000 
335.34201 1.00000 
335.45499 1.00000 
335.47400 1.00000 
337.90601 1.00000 
338.61899 1.00000 
338.52200 1.00000 
333.89700 1.00000 
334.14700 1.00000 
326.91400 1.00000 
0.00000 0.00000 
0.00000 0.00000 
0.00000 0.00000 
0.00000 0.00000 
0.00000 0.00000 
254.19000 1.00000 
254.70200 1.00000 
256.99100 1.00000 
257.82401 1.00000 
257.84399 1.00000 
258.07901 1.00000 
258.82300 1.00000 
259.70200 1.00000 
259.95700 1.00000 
260.04800 1.00000 
260.15701 1.00000 
260.36301 1.00000 
260.43100 1.00000 
260.40201 1.00000 
260.46301 1.00000 
260.16501 1.00000 
260.27301 1.00000 
260.14301 1.00000 
260.14001 1.00000 
256.73901 1.00000 
256.59698 1.00000 
258.90100 1.00000 
258.12000 1.00000 
267.61301 1.00000 
259.41800 1.00000 
260.56500 1.00000 
260.02200 1.00000 
260.10501 1.00000 
260.58801 1.00000 
260.76300 1.00000 
260.07700 1.00000 
260.60199 1.00000 
260.87000 1.00000 
260.82901 1.00000 
260.50601 1.00000 
260.17700 1.00000 
260.19000 1.00000 
260.21799 1.00000 
259.85699 1.00000 
257.45901 1.00000 
257.20999 1.00000 
260.07599 1.00000 
258.55301 1.00000 
260.14200 1.00000 
260.06900 1.00000 
260.98700 1.00000 
261.27399 1.00000 
261.61099 1.00000 
261.58899 1.00000 
261.58899 1.00000 
261.47601 1.00000 
261.29199 1.00000 
261.29501 1.00000 
261.16400 1.00000 
261.05301 1.00000 
261.09299 1.00000 
261.12000 1.00000 
261.04700 1.00000 
261.11801 1.00000 
261.21301 1.00000 
261.31699 1.00000 
261.41101 1.00000 
261.46600 1.00000 
261.43500 1.00000 
260.27600 1.00000 
261.47601 1.00000 
261.46701 1.00000 
261.50601 1.00000 
261.42099 1.00000 
260.26999 1.00000 
261.50000 1.00000 
261.43799 1.00000 
261.15601 1.00000 
261.18399 1.00000 
261.21899 1.00000 
261.15201 1.00000 
261.12201 1.00000 
260.26099 1.00000 
261.48599 1.00000 
261.52802 1.00000 
260.33200 1.00000 
260.33301 1.00000 
260.24899 1.00000 
260.17300 1.00000 
259.60300 1.00000 
259.55899 1.00000 
260.25900 1.00000 
263.80801 1.00000 
262.23499 1.00000 
264.56000 1.00000 
263.72400 1.00000 
262.28799 1.00000 
262.37100 1.00000 
261.56299 1.00000 
261.43600 1.00000 
261.43799 1.00000 
261.52399 1.00000 
261.24500 1.00000 
261.24799 1.00000 
261.38699 1.00000 
261.22198 1.00000 
261.22299 1.00000 
261.36301 1.00000 
261.31500 1.00000 
260.25699 1.00000 
261.32300 1.00000 
260.26501 1.00000 
261.48901 1.00000 
260.29501 1.00000 
261.48401 1.00000 
260.30301 1.00000 
260.30499 1.00000 
260.32999 1.00000 
260.32599 1.00000 
260.31201 1.00000 
260.30701 1.00000 
260.27802 1.00000 
260.77100 1.00000 
260.74500 1.00000 
260.33899 1.00000 
259.74799 1.00000 
260.55399 1.00000 
260.35400 1.00000 
261.20401 1.00000 
258.99399 1.00000 
260.59799 1.00000 
260.44000 1.00000 
261.11600 1.00000 
260.19101 1.00000 
260.37601 1.00000 
260.17999 1.00000 
260.17801 1.00000 
260.63101 1.00000 
260.66101 1.00000 
260.64099 1.00000 
261.01199 1.00000 
261.16699 1.00000 
261.44501 1.00000 
261.56400 1.00000 
261.74399 1.00000 
260.31400 1.00000 
261.82001 1.00000 
261.58801 1.00000 
260.27899 1.00000 
260.26700 1.00000 
261.41901 1.00000 
261.42401 1.00000 
261.48401 1.00000 
261.37701 1.00000 
261.53299 1.00000 
261.25299 1.00000 
261.21799 1.00000 
261.17401 1.00000 
261.28101 1.00000 
261.25299 1.00000 
261.25800 1.00000 
261.06799 1.00000 
261.38101 1.00000 
260.23901 1.00000 
261.39301 1.00000 
261.32700 1.00000 
261.28299 1.00000 
261.51700 1.00000 
261.46100 1.00000 
260.24301 1.00000 
260.26999 1.00000 
260.26001 1.00000 
260.19101 1.00000 
259.49701 1.00000 
259.87299 1.00000 
265.92599 1.00000 
265.80099 1.00000 
266.05701 1.00000 
263.94901 1.00000 
262.77399 1.00000 
262.69800 1.00000 
262.42401 1.00000 
262.57800 1.00000 
262.61200 1.00000 
262.22699 1.00000 
261.96899 1.00000 
260.30399 1.00000 
260.24701 1.00000 
260.16599 1.00000 
259.49899 1.00000 
258.59500 1.00000 
258.07501 1.00000 
257.41800 1.00000 
256.92099 1.00000 
256.87100 1.00000 
256.74899 1.00000 
257.00299 1.00000 
257.15100 1.00000 
257.48700 1.00000 
257.95700 1.00000 
258.75699 1.00000 
259.55499 1.00000 
260.16101 1.00000 
260.60400 1.00000 
260.90701 1.00000 
261.50101 1.00000 
261.73199 1.00000 
261.95001 1.00000 
262.24100 1.00000 
262.44901 1.00000 
262.57101 1.00000 
262.65201 1.00000 
262.73599 1.00000 
262.65201 1.00000 
260.39401 1.00000 
262.37100 1.00000 
262.25000 1.00000 
261.72601 1.00000 
261.27802 1.00000 
260.96701 1.00000 
260.18900 1.00000 
260.02200 1.00000 
259.84799 1.00000 
259.34698 1.00000 
259.12000 1.00000 
258.92999 1.00000 
258.52802 1.00000 
258.23999 1.00000 
257.69601 1.00000 
257.19299 1.00000 
256.62900 1.00000 
256.81500 1.00000 
257.21899 1.00000 
257.65302 1.00000 
258.04099 1.00000 
258.48700 1.00000 
258.39999 1.00000 
258.84900 1.00000 
259.16901 1.00000 
259.30099 1.00000 
259.67599 1.00000 
259.96600 1.00000 
260.20700 1.00000 
260.46799 1.00000 
260.92499 1.00000 
260.87799 1.00000 
261.19699 1.00000 
261.51501 1.00000 
261.43301 1.00000 
261.46100 1.00000 
261.57501 1.00000 
261.48700 1.00000 
261.64600 1.00000 
261.62299 1.00000 
261.57599 1.00000 
261.04800 1.00000 
261.25400 1.00000 
260.84000 1.00000 
260.94601 1.00000 
260.72601 1.00000 
260.07501 1.00000 
260.18399 1.00000 
260.17700 1.00000 
260.14700 1.00000 
260.52100 1.00000 
260.25400 1.00000 
260.51599 1.00000 
259.77100 1.00000 
260.54099 1.00000 
260.94101 1.00000 
259.89301 1.00000 
260.25900 1.00000 
260.06601 1.00000 
259.88901 1.00000 
261.41000 1.00000 
260.82300 1.00000 
261.68701 1.00000 
262.43500 1.00000 
262.85400 1.00000 
262.19501 1.00000 
261.95801 1.00000 
261.81699 1.00000 
260.17401 1.00000 
260.48199 1.00000 
259.04300 1.00000 
261.03601 1.00000 
260.80899 1.00000 
261.90399 1.00000 
261.19901 1.00000 
260.51199 1.00000 
260.07001 1.00000 
261.79501 1.00000 
260.98999 1.00000 
258.68500 1.00000 
259.56400 1.00000 
261.95401 1.00000 
260.97501 1.00000 
0.00000 0.00000 
0.00000 0.00000 
0.00000 0.00000 
337.23099 1.00000 
348.04199 1.00000 
347.16101 1.00000 
349.62299 1.00000 
349.29300 1.00000 
350.60101 1.00000 
351.62000 1.00000 
350.89801 1.00000 
351.67999 1.00000 
350.34201 1.00000 
350.68900 1.00000 
349.46301 1.00000 
350.83801 1.00000 
348.53101 1.00000 
348.46201 1.00000 
348.29599 1.00000 
348.17899 1.00000 
348.11899 1.00000 
347.75500 1.00000 
347.86700 1.00000 
339.31201 1.00000 
347.43201 1.00000 
347.27701 1.00000 
347.60901 1.00000 
348.47000 1.00000 
348.79501 1.00000 
350.57999 1.00000 
350.62000 1.00000 
352.70200 1.00000 
351.69800 1.00000 
354.04999 1.00000 
351.77100 1.00000 
355.27701 1.00000 
351.22299 1.00000 
353.42401 1.00000 
348.28601 1.00000 
354.27899 1.00000 
351.13000 1.00000 
0.00000 0.00000 
0.00000 0.00000 
0.00000 0.00000 
330.75299 1.00000 
340.54999 1.00000 
343.10400 1.00000 
347.07501 1.00000 
349.64401 1.00000 
349.17200 1.00000 
352.01801 1.00000 
349.30899 1.00000 
352.80499 1.00000 
350.62100 1.00000 
350.75699 1.00000 
349.26801 1.00000 
349.87100 1.00000 
349.89899 1.00000 
349.03500 1.00000 
349.51599 1.00000 
349.10699 1.00000 
350.53201 1.00000 
349.53699 1.00000 
351.28101 1.00000 
350.90701 1.00000 
352.70801 1.00000 
352.44101 1.00000 
353.24200 1.00000 
353.49301 1.00000 
354.32300 1.00000 
355.12500 1.00000 
354.47000 1.00000 
355.29800 1.00000 
353.43301 1.00000 
354.63101 1.00000 
352.74701 1.00000 
354.42700 1.00000 
350.59100 1.00000 
352.35901 1.00000 
349.26501 1.00000 
349.71799 1.00000 
348.00101 1.00000 
350.47601 1.00000 
336.92001 1.00000 
341.61099 1.00000 
343.28400 1.00000 
343.33600 1.00000 
347.59601 1.00000 
345.13901 1.00000 
346.39899 1.00000 
346.88901 1.00000 
348.20401 1.00000 
348.77301 1.00000 
348.30301 1.00000 
350.16501 1.00000 
349.71600 1.00000 
350.61801 1.00000 
349.45200 1.00000 
350.32101 1.00000 
350.23001 1.00000 
350.36301 1.00000 
350.39499 1.00000 
350.18500 1.00000 
350.82001 1.00000 
350.79700 1.00000 
351.44501 1.00000 
351.41699 1.00000 
352.66501 1.00000 
352.83701 1.00000 
353.60001 1.00000 
353.74799 1.00000 
354.21399 1.00000 
354.13501 1.00000 
354.76901 1.00000 
354.58600 1.00000 
354.55499 1.00000 
354.84500 1.00000 
354.96799 1.00000 
354.74399 1.00000 
354.29800 1.00000 
354.65701 1.00000 
353.14700 1.00000 
353.09900 1.00000 
356.16199 1.00000 
367.62799 1.00000 
348.65201 1.00000 
356.23999 1.00000 
353.70901 1.00000 
290.78201 1.00000 
290.19901 1.00000 
288.64801 1.00000 
291.00101 1.00000 
291.84900 1.00000 
292.19000 1.00000 
293.42999 1.00000 
293.75500 1.00000 
293.87799 1.00000 
293.89999 1.00000 
293.51001 1.00000 
293.40799 1.00000 
293.82999 1.00000 
293.59201 1.00000 
293.42300 1.00000 
293.53699 1.00000 
293.46100 1.00000 
293.15799 1.00000 
293.13699 1.00000 
292.86801 1.00000 
292.89899 1.00000 
292.86301 1.00000 
292.91501 1.00000 
292.67099 1.00000 
292.82300 1.00000 
292.87201 1.00000 
293.01801 1.00000 
293.04300 1.00000 
293.08801 1.00000 
292.91199 1.00000 
292.99200 1.00000 
293.09799 1.00000 
293.13501 1.00000 
293.01300 1.00000 
293.29501 1.00000 
293.08499 1.00000 
293.12000 1.00000 
293.13400 1.00000 
293.12399 1.00000 
293.25900 1.00000 
293.24701 1.00000 
293.27802 1.00000 
293.15201 1.00000 
293.20001 1.00000 
293.33600 1.00000 
293.35300 1.00000 
293.15302 1.00000 
293.31100 1.00000 
293.14700 1.00000 
293.29199 1.00000 
293.52802 1.00000 
293.47501 1.00000 
293.30801 1.00000 
293.54599 1.00000 
293.60800 1.00000 
293.55200 1.00000 
293.45099 1.00000 
293.50400 1.00000 
293.53000 1.00000 
293.60101 1.00000 
293.65302 1.00000 
294.00800 1.00000 
293.94199 1.00000 
293.90601 1.00000 
293.95401 1.00000 
293.90900 1.00000 
293.95300 1.00000 
294.05301 1.00000 
294.03201 1.00000 
293.99200 1.00000 
294.03799 1.00000 
294.14999 1.00000 
293.90302 1.00000 
294.00500 1.00000 
293.95200 1.00000 
294.09500 1.00000 
294.01300 1.00000 
293.95300 1.00000 
293.92801 1.00000 
293.87799 1.00000 
293.98001 1.00000 
294.07300 1.00000 
294.06799 1.00000 
294.06799 1.00000 
293.56400 1.00000 
293.87900 1.00000 
293.81000 1.00000 
293.95599 1.00000 
293.88400 1.00000 
293.49399 1.00000 
293.39401 1.00000 
293.76599 1.00000 
293.41199 1.00000 
293.37399 1.00000 
293.66800 1.00000 
293.29099 1.00000 
293.86301 1.00000 
294.03900 1.00000 
294.06601 1.00000 
293.41101 1.00000 
293.34698 1.00000 
294.27100 1.00000 
293.90399 1.00000 
293.51401 1.00000 
295.04300 1.00000 
292.83701 1.00000 
292.87701 1.00000 
293.62201 1.00000 
294.64700 1.00000 
295.55399 1.00000 
294.04700 1.00000 
294.14999 1.00000 
294.74200 1.00000 
294.37601 1.00000 
291.75101 1.00000 
0.00000 0.00000 
0.00000 0.00000 
0.00000 0.00000 
425.85699 1.00000 
426.41599 1.00000 
430.27600 1.00000 
433.27600 1.00000 
491.51001 1.00000 
490.76700 1.00000 
491.34299 1.00000 
490.61700 1.00000 
490.06299 1.00000 
489.48901 1.00000 
489.26099 1.00000 
489.70401 1.00000 
488.64700 1.00000 
489.91101 1.00000 
488.93900 1.00000 
491.06601 1.00000 
490.44000 1.00000 
493.01001 1.00000 
493.52301 1.00000 
494.70999 1.00000 
495.40701 1.00000 
496.84201 1.00000 
497.57001 1.00000 
498.38400 1.00000 
499.30399 1.00000 
499.66501 1.00000 
500.29901 1.00000 
500.19299 1.00000 
500.54199 1.00000 
500.30099 1.00000 
500.33301 1.00000 
500.19800 1.00000 
500.10400 1.00000 
500.01501 1.00000 
499.48099 1.00000 
499.24200 1.00000 
497.82999 1.00000 
496.87399 1.00000 
495.55899 1.00000 
492.98401 1.00000 
492.04001 1.00000 
492.56699 1.00000 
490.05499 1.00000 
492.80200 1.00000 
493.54501 1.00000 
492.02899 1.00000 
492.67001 1.00000 
492.92300 1.00000 
493.39099 1.00000 
494.47101 1.00000 
494.75900 1.00000 
494.92300 1.00000 
495.64200 1.00000 
495.98901 1.00000 
496.49899 1.00000 
497.12299 1.00000 
498.00500 1.00000 
498.06699 1.00000 
498.97900 1.00000 
499.27802 1.00000 
499.96201 1.00000 
500.09100 1.00000 
500.35501 1.00000 
500.07501 1.00000 
500.18799 1.00000 
500.18600 1.00000 
500.20901 1.00000 
499.75900 1.00000 
499.71799 1.00000 
499.38199 1.00000 
498.82800 1.00000 
498.26401 1.00000 
497.64499 1.00000 
496.47501 1.00000 
496.28201 1.00000 
494.50800 1.00000 
493.31000 1.00000 
495.40100 1.00000 
496.16199 1.00000 
495.85501 1.00000 
490.58701 1.00000 
488.54199 1.00000 
488.38699 1.00000 
488.15201 1.00000 
489.75699 1.00000 
490.44601 1.00000 
491.32800 1.00000 
492.74200 1.00000 
493.33701 1.00000 
493.65100 1.00000 
493.83801 1.00000 
494.12201 1.00000 
494.36401 1.00000 
494.65701 1.00000 
495.17499 1.00000 
495.38199 1.00000 
495.79501 1.00000 
496.34900 1.00000 
496.68301 1.00000 
497.36899 1.00000 
498.25900 1.00000 
499.10901 1.00000 
499.61301 1.00000 
499.64700 1.00000 
499.31601 1.00000 
498.35400 1.00000 
497.49500 1.00000 
496.39401 1.00000 
495.98099 1.00000 
495.42300 1.00000 
495.14700 1.00000 
494.66901 1.00000 
494.16599 1.00000 
493.40100 1.00000 
492.85199 1.00000 
492.04599 1.00000 
491.68799 1.00000 
491.35501 1.00000 
490.67801 1.00000 
489.59000 1.00000 
487.77600 1.00000 
491.30801 1.00000 
0.00000 0.00000 
0.00000 0.00000 
0.00000 0.00000 
0.00000 0.00000 
491.60501 1.00000 
496.34698 1.00000 
497.40302 1.00000 
500.23700 1.00000 
501.22699 1.00000 
501.77600 1.00000 
502.10800 1.00000 
502.60901 1.00000 
502.80099 1.00000 
503.31100 1.00000 
503.24200 1.00000 
503.36899 1.00000 
503.36700 1.00000 
503.24399 1.00000 
503.07999 1.00000 
502.45999 1.00000 
501.84698 1.00000 
501.03500 1.00000 
500.75900 1.00000 
500.19800 1.00000 
499.80701 1.00000 
499.67099 1.00000 
499.74701 1.00000 
499.84799 1.00000 
499.67801 1.00000 
499.57300 1.00000 
499.32501 1.00000 
499.63800 1.00000 
499.64899 1.00000 
498.98099 1.00000 
498.45300 1.00000 
498.50900 1.00000 
497.83401 1.00000 
496.70200 1.00000 
495.03601 1.00000 
493.78299 1.00000 
492.64001 1.00000 
428.13501 1.00000 
427.45200 1.00000 
426.68399 1.00000 
422.34399 1.00000 
427.24301 1.00000 
427.10699 1.00000 
431.10101 1.00000 
433.90500 1.00000 
436.33401 1.00000 
437.87399 1.00000 
439.72299 1.00000 
440.11600 1.00000 
440.33801 1.00000 
441.33600 1.00000 
442.09799 1.00000 
442.28000 1.00000 
442.11099 1.00000 
442.14099 1.00000 
442.43799 1.00000 
442.34500 1.00000 
442.23700 1.00000 
442.17499 1.00000 
442.08899 1.00000 
442.28799 1.00000 
442.01199 1.00000 
441.77499 1.00000 
441.64499 1.00000 
441.56100 1.00000 
441.71399 1.00000 
442.06400 1.00000 
442.04401 1.00000 
442.06201 1.00000 
442.07101 1.00000 
442.21100 1.00000 
442.24701 1.00000 
442.18500 1.00000 
442.09698 1.00000 
441.94800 1.00000 
442.28799 1.00000 
442.54999 1.00000 
443.17001 1.00000 
429.68201 1.00000 
428.22501 1.00000 
427.77802 1.00000 
428.94400 1.00000 
428.85800 1.00000 
443.29099 1.00000 
429.56201 1.00000 
390.53601 1.00000 
391.60999 1.00000 
392.15900 1.00000 
393.10501 1.00000 
393.80899 1.00000 
394.37701 1.00000 
395.07501 1.00000 
395.55499 1.00000 
395.66101 1.00000 
395.32101 1.00000 
394.55701 1.00000 
393.85901 1.00000 
393.21799 1.00000 
392.35501 1.00000 
391.66599 1.00000 
390.69501 1.00000 
389.97501 1.00000 
389.17401 1.00000 
388.87399 1.00000 
388.94199 1.00000 
388.42999 1.00000 
388.42401 1.00000 
388.59100 1.00000 
388.72501 1.00000 
388.78601 1.00000 
388.68301 1.00000 
388.73300 1.00000 
388.72800 1.00000 
388.57599 1.00000 
388.14401 1.00000 
387.80099 1.00000 
386.57101 1.00000 
386.59299 1.00000 
392.30499 1.00000 
392.57901 1.00000 
384.73401 1.00000 
390.10199 1.00000 
393.51199 1.00000 
393.73599 1.00000 
393.46399 1.00000 
394.66699 1.00000 
396.28101 1.00000 
396.72699 1.00000 
397.10300 1.00000 
398.06900 1.00000 
398.92001 1.00000 
401.35300 1.00000 
401.15500 1.00000 
398.45999 1.00000 
397.35999 1.00000 
397.61801 1.00000 
396.37500 1.00000 
395.10699 1.00000 
393.17999 1.00000 
391.72000 1.00000 
388.90601 1.00000 
386.31400 1.00000 
385.39600 1.00000 
386.48001 1.00000 
388.24799 1.00000 
389.42801 1.00000 
390.31400 1.00000 
390.79999 1.00000 
391.57401 1.00000 
393.36401 1.00000 
394.46301 1.00000 
394.71701 1.00000 
395.14301 1.00000 
396.24301 1.00000 
395.68100 1.00000 
394.94000 1.00000 
395.73401 1.00000 
396.01801 1.00000 
396.24799 1.00000 
398.41800 1.00000 
399.92599 1.00000 
399.42001 1.00000 
398.71100 1.00000 
399.71100 1.00000 
398.77301 1.00000 
396.69000 1.00000 
396.35501 1.00000 
391.60300 1.00000 
389.89899 1.00000 
404.86600 1.00000 
415.81400 1.00000 
420.82501 1.00000 
426.82300 1.00000 
433.36401 1.00000 
427.66501 1.00000 
426.92700 1.00000 
426.85400 1.00000 
430.58600 1.00000 
433.82700 1.00000 
435.20499 1.00000 
432.48901 1.00000 
430.58801 1.00000 
430.79700 1.00000 
432.95700 1.00000 
434.12100 1.00000 
432.77301 1.00000 
430.45499 1.00000 
429.36899 1.00000 
430.19000 1.00000 
432.01401 1.00000 
432.70801 1.00000 
431.47900 1.00000 
430.08200 1.00000 
429.47198 1.00000 
429.96701 1.00000 
431.18201 1.00000 
431.79700 1.00000 
429.39600 1.00000 
425.31100 1.00000 
422.25400 1.00000 
423.01300 1.00000 
420.79099 1.00000 
417.02802 1.00000 
415.58701 1.00000 
0.00000 0.00000 
0.00000 0.00000 
0.00000 0.00000 
333.67200 1.00000 
332.22800 1.00000 
332.98401 1.00000 
338.07101 1.00000 
340.14099 1.00000 
341.43900 1.00000 
344.20499 1.00000 
346.33401 1.00000 
347.74701 1.00000 
348.58899 1.00000 
349.76099 1.00000 
348.70599 1.00000 
348.35300 1.00000 
348.43399 1.00000 
348.75201 1.00000 
348.77301 1.00000 
349.56000 1.00000 
349.92801 1.00000 
350.48599 1.00000 
350.62500 1.00000 
350.78299 1.00000 
350.81299 1.00000 
350.52100 1.00000 
350.50800 1.00000 
350.92700 1.00000 
351.20499 1.00000 
350.90100 1.00000 
350.59601 1.00000 
350.70801 1.00000 
351.11499 1.00000 
350.67099 1.00000 
350.07901 1.00000 
350.31299 1.00000 
350.28799 1.00000 
349.93600 1.00000 
349.22601 1.00000 
348.37500 1.00000 
347.89899 1.00000 
346.09799 1.00000 
343.87900 1.00000 
343.00500 1.00000 
346.04501 1.00000 
348.00101 1.00000 
334.92599 1.00000 
330.87900 1.00000 
331.52499 1.00000 
330.91800 1.00000 
333.03201 1.00000 
333.87701 1.00000 
333.49899 1.00000 
332.97299 1.00000 
332.70401 1.00000 
332.08801 1.00000 
331.22101 1.00000 
330.04800 1.00000 
329.30899 1.00000 
328.55399 1.00000 
327.49701 1.00000 
326.97601 1.00000 
326.62000 1.00000 
326.40799 1.00000 
326.65302 1.00000 
326.69000 1.00000 
327.18799 1.00000 
327.57101 1.00000 
327.55701 1.00000 
327.67999 1.00000 
328.00800 1.00000 
329.15799 1.00000 
330.40601 1.00000 
331.48999 1.00000 
332.31799 1.00000 
332.86899 1.00000 
333.33701 1.00000 
333.42300 1.00000 
333.60699 1.00000 
334.13599 1.00000 
334.05301 1.00000 
334.12701 1.00000 
334.44000 1.00000 
334.54501 1.00000 
334.39700 1.00000 
334.31299 1.00000 
334.21600 1.00000 
333.58301 1.00000 
332.41299 1.00000 
331.17300 1.00000 
330.02301 1.00000 
329.04300 1.00000 
328.20001 1.00000 
327.50299 1.00000 
326.33899 1.00000 
325.70499 1.00000 
325.99799 1.00000 
325.54099 1.00000 
325.28299 1.00000 
325.59000 1.00000 
325.89999 1.00000 
326.31201 1.00000 
326.30301 1.00000 
326.35901 1.00000 
326.88199 1.00000 
327.07700 1.00000 
327.25800 1.00000 
327.61401 1.00000 
328.57101 1.00000 
329.35800 1.00000 
331.26300 1.00000 
332.39899 1.00000 
333.09100 1.00000 
333.24500 1.00000 
332.58200 1.00000 
332.88699 1.00000 
333.07901 1.00000 
332.66800 1.00000 
332.61499 1.00000 
333.21899 1.00000 
333.61700 1.00000 
334.19000 1.00000 
334.38501 1.00000 
334.85999 1.00000 
334.51099 1.00000 
333.94000 1.00000 
333.53900 1.00000 
331.92999 1.00000 
331.64301 1.00000 
331.03000 1.00000 
330.19299 1.00000 
329.38501 1.00000 
329.50601 1.00000 
329.29501 1.00000 
327.97299 1.00000 
327.14801 1.00000 
325.51801 1.00000 
324.48801 1.00000 
325.14001 1.00000 
325.25400 1.00000 
325.25800 1.00000 
326.52802 1.00000 
326.05301 1.00000 
326.42200 1.00000 
327.80301 1.00000 
328.44299 1.00000 
329.80701 1.00000 
332.20001 1.00000 
333.83600 1.00000 
334.36801 1.00000 
334.20300 1.00000 
334.87100 1.00000 
334.11301 1.00000 
334.65900 1.00000 
335.16199 1.00000 
335.03201 1.00000 
334.83200 1.00000 
334.48401 1.00000 
332.83899 1.00000 
335.48099 1.00000 
337.63000 1.00000 
329.62399 1.00000 
329.07401 1.00000 
328.73801 1.00000 
327.69699 1.00000 
324.07901 1.00000 
322.91000 1.00000 
326.59201 1.00000 
329.42499 1.00000 
327.57300 1.00000 
328.38800 1.00000 
328.01700 1.00000 
327.87900 1.00000 
328.86099 1.00000 
328.76001 1.00000 
328.90302 1.00000 
329.47101 1.00000 
329.87701 1.00000 
330.64499 1.00000 
331.39200 1.00000 
331.17899 1.00000 
331.56799 1.00000 
331.92001 1.00000 
332.21799 1.00000 
332.16299 1.00000 
332.11899 1.00000 
332.02600 1.00000 
332.17099 1.00000 
332.68799 1.00000 
333.04901 1.00000 
333.79599 1.00000 
334.42899 1.00000 
335.08401 1.00000 
335.56400 1.00000 
335.75500 1.00000 
336.12201 1.00000 
335.45700 1.00000 
334.38199 1.00000 
333.29199 1.00000 
328.20599 1.00000 
327.08600 1.00000 
327.26700 1.00000 
0.00000 0.00000 
0.00000 0.00000 
0.00000 0.00000 
0.00000 0.00000 
0.00000 0.00000 
388.75900 1.00000 
387.73401 1.00000 
388.82001 1.00000 
390.47699 1.00000 
390.50699 1.00000 
391.29300 1.00000 
391.39700 1.00000 
391.22501 1.00000 
391.34299 1.00000 
391.64801 1.00000 
391.82901 1.00000 
391.89401 1.00000 
392.21100 1.00000 
392.36200 1.00000 
392.23199 1.00000 
392.18900 1.00000 
392.07800 1.00000 
391.92899 1.00000 
391.73999 1.00000 
391.78101 1.00000 
391.81601 1.00000 
392.01001 1.00000 
392.24200 1.00000 
392.34900 1.00000 
392.24600 1.00000 
392.29300 1.00000 
392.11899 1.00000 
391.78201 1.00000 
391.58801 1.00000 
391.30301 1.00000 
390.86499 1.00000 
391.03201 1.00000 
390.58899 1.00000 
388.27600 1.00000 
388.74701 1.00000 
390.35999 1.00000 
391.77100 1.00000 
393.45901 1.00000 
407.99899 1.00000 
385.29001 1.00000 
377.05200 1.00000 
386.14700 1.00000 
345.46899 1.00000 
336.09698 1.00000 
329.72000 1.00000 
333.72299 1.00000 
333.56000 1.00000 
330.39899 1.00000 
333.65201 1.00000 
333.84100 1.00000 
331.51501 1.00000 
333.02100 1.00000 
333.29199 1.00000 
331.69199 1.00000 
332.54999 1.00000 
332.88300 1.00000 
331.72900 1.00000 
332.19501 1.00000 
332.79999 1.00000 
332.05099 1.00000 
332.43201 1.00000 
332.96600 1.00000 
332.27802 1.00000 
332.53601 1.00000 
333.11700 1.00000 
332.67700 1.00000 
332.88599 1.00000 
333.29999 1.00000 
333.02100 1.00000 
332.86301 1.00000 
333.40900 1.00000 
333.31299 1.00000 
333.06500 1.00000 
333.57901 1.00000 
333.14499 1.00000 
332.17401 1.00000 
333.97000 1.00000 
331.41199 1.00000 
333.16199 1.00000 
338.07800 1.00000 
337.92899 1.00000 
342.87399 1.00000 
335.86801 1.00000 
0.00000 0.00000 
0.00000 0.00000 
0.00000 0.00000 
0.00000 0.00000 
0.00000 0.00000 
258.79199 1.00000 
259.12399 1.00000 
261.85501 1.00000 
262.09000 1.00000 
261.68201 1.00000 
261.11700 1.00000 
261.44501 1.00000 
261.29901 1.00000 
260.33499 1.00000 
259.20300 1.00000 
258.57999 1.00000 
257.35599 1.00000 
256.48300 1.00000 
255.76100 1.00000 
255.06400 1.00000 
255.00999 1.00000 
255.15199 1.00000 
255.52400 1.00000 
255.94099 1.00000 
256.39499 1.00000 
256.88000 1.00000 
257.05701 1.00000 
257.32501 1.00000 
258.14001 1.00000 
259.11099 1.00000 
260.17300 1.00000 
260.70700 1.00000 
261.47601 1.00000 
261.87299 1.00000 
262.25601 1.00000 
262.18399 1.00000 
262.37201 1.00000 
262.83099 1.00000 
262.92099 1.00000 
262.85300 1.00000 
262.89801 1.00000 
260.35001 1.00000 
263.14499 1.00000 
263.14899 1.00000 
263.15601 1.00000 
262.83499 1.00000 
262.59698 1.00000 
261.94601 1.00000 
261.67999 1.00000 
261.11301 1.00000 
260.88501 1.00000 
260.16299 1.00000 
259.81100 1.00000 
259.41599 1.00000 
259.55499 1.00000 
259.51300 1.00000 
259.23099 1.00000 
259.42801 1.00000 
260.41000 1.00000 
262.03699 1.00000 
265.11099 1.00000 
268.75900 1.00000 
267.81900 1.00000 
270.74399 1.00000 
267.89301 1.00000 
274.06400 1.00000 
265.75900 1.00000 
0.00000 0.00000 
0.00000 0.00000 
0.00000 0.00000 
0.00000 0.00000 
0.00000 0.00000 
0.00000 0.00000 
0.00000 0.00000 
0.00000 0.00000 
0.00000 0.00000 
0.00000 0.00000 
0.00000 0.00000 
0.00000 0.00000 
0.00000 0.00000 
0.00000 0.00000 
0.00000 0.00000 
0.00000 0.00000 
0.00000 0.00000 
0.00000 0.00000 
0.00000 0.00000 
0.00000 0.00000 
0.00000 0.00000 
0.00000 0.00000 
0.00000 0.00000 
0.00000 0.00000 
254.26900 1.00000 
252.81400 1.00000 
254.98399 1.00000 
256.84698 1.00000 
258.61499 1.00000 
259.33200 1.00000 
260.09100 1.00000 
261.00400 1.00000 
261.17401 1.00000 
261.17401 1.00000 
261.24899 1.00000 
260.98700 1.00000 
261.04300 1.00000 
261.07599 1.00000 
260.82901 1.00000 
260.91599 1.00000 
260.70001 1.00000 
260.85400 1.00000 
260.77100 1.00000 
260.70599 1.00000 
260.71600 1.00000 
260.76901 1.00000 
260.62601 1.00000 
260.39200 1.00000 
260.72601 1.00000 
261.25601 1.00000 
260.07901 1.00000 
258.70200 1.00000 
260.36200 1.00000 
256.41800 1.00000 
252.15199 1.00000 
254.10001 1.00000 
255.36501 1.00000 
255.44000 1.00000 
255.71300 1.00000 
259.40701 1.00000 
259.17001 1.00000 
261.04001 1.00000 
260.57501 1.00000 
0.00000 0.00000 
0.00000 0.00000 
0.00000 0.00000 
0.00000 0.00000 
352.17599 1.00000 
353.49500 1.00000 
351.38501 1.00000 
351.08899 1.00000 
350.67999 1.00000 
350.72101 1.00000 
349.63199 1.00000 
349.52200 1.00000 
348.37399 1.00000 
348.64999 1.00000 
348.20300 1.00000 
347.25500 1.00000 
347.41000 1.00000 
346.27899 1.00000 
347.08600 1.00000 
346.88599 1.00000 
347.74600 1.00000 
348.49899 1.00000 
348.78299 1.00000 
349.39899 1.00000 
349.29099 1.00000 
350.61600 1.00000 
350.78101 1.00000 
351.71701 1.00000 
352.69101 1.00000 
353.95300 1.00000 
354.31201 1.00000 
355.10800 1.00000 
354.68301 1.00000 
354.97101 1.00000 
355.07901 1.00000 
355.43600 1.00000 
355.69901 1.00000 
355.66400 1.00000 
355.74100 1.00000 
355.81500 1.00000 
356.37201 1.00000 
356.31799 1.00000 
356.44000 1.00000 
355.76099 1.00000 
355.75699 1.00000 
354.48901 1.00000 
354.32599 1.00000 
352.51700 1.00000 
352.55701 1.00000 
351.63000 1.00000 
351.89700 1.00000 
351.51001 1.00000 
351.63800 1.00000 
351.60001 1.00000 
351.72101 1.00000 
351.82501 1.00000 
351.66101 1.00000 
352.32599 1.00000 
352.14099 1.00000 
352.83401 1.00000 
352.84100 1.00000 
353.76099 1.00000 
353.45801 1.00000 
354.04999 1.00000 
354.25800 1.00000 
355.01599 1.00000 
355.06500 1.00000 
355.61499 1.00000 
355.31601 1.00000 
355.48499 1.00000 
355.83301 1.00000 
356.02802 1.00000 
356.47601 1.00000 
355.82999 1.00000 
356.42200 1.00000 
355.74701 1.00000 
356.64801 1.00000 
359.67599 1.00000 
382.71500 1.00000 
385.42599 1.00000 
384.99100 1.00000 
417.93399 1.00000 
405.79001 1.00000 
405.07101 1.00000 
0.00000 0.00000 
0.00000 0.00000 
422.47198 1.00000 
426.87299 1.00000 
428.95099 1.00000 
431.53299 1.00000 
434.05600 1.00000 
436.37701 1.00000 
438.08499 1.00000 
438.93701 1.00000 
439.42599 1.00000 
439.48499 1.00000 
439.25400 1.00000 
439.92001 1.00000 
439.97400 1.00000 
439.41599 1.00000 
439.08401 1.00000 
439.17099 1.00000 
439.37900 1.00000 
439.65100 1.00000 
439.37500 1.00000 
439.78299 1.00000 
440.12399 1.00000 
440.61200 1.00000 
440.61301 1.00000 
440.56201 1.00000 
440.49500 1.00000 
440.40900 1.00000 
440.56400 1.00000 
440.67200 1.00000 
440.66501 1.00000 
440.77701 1.00000 
440.94601 1.00000 
440.81900 1.00000 
440.71701 1.00000 
440.35501 1.00000 
439.56299 1.00000 
439.64499 1.00000 
429.11200 1.00000 
429.05600 1.00000 
0.00000 0.00000 
0.00000 0.00000 
0.00000 0.00000 
0.00000 0.00000 
287.56699 1.00000 
286.25400 1.00000 
287.35300 1.00000 
291.75101 1.00000 
292.46201 1.00000 
292.92700 1.00000 
292.81299 1.00000 
293.40601 1.00000 
293.33899 1.00000 
293.90399 1.00000 
293.43500 1.00000 
293.59100 1.00000 
293.06299 1.00000 
293.43701 1.00000 
293.28400 1.00000 
293.40399 1.00000 
293.29700 1.00000 
293.43301 1.00000 
293.69501 1.00000 
293.77802 1.00000 
293.71399 1.00000 
293.74600 1.00000 
294.09299 1.00000 
294.10101 1.00000 
294.00201 1.00000 
294.06799 1.00000 
294.06601 1.00000 
294.03799 1.00000 
294.09601 1.00000 
294.10699 1.00000 
294.06100 1.00000 
293.89999 1.00000 
293.81000 1.00000 
293.96701 1.00000 
293.98001 1.00000 
294.00101 1.00000 
294.01099 1.00000 
294.06601 1.00000 
294.08200 1.00000 
294.09601 1.00000 
294.29099 1.00000 
294.18100 1.00000 
294.27899 1.00000 
294.16501 1.00000 
294.22800 1.00000 
294.10599 1.00000 
294.17999 1.00000 
294.05301 1.00000 
294.20099 1.00000 
294.13101 1.00000 
294.07199 1.00000 
294.11200 1.00000 
294.36099 1.00000 
294.20200 1.00000 
294.45801 1.00000 
294.21100 1.00000 
294.42499 1.00000 
294.43701 1.00000 
294.54001 1.00000 
294.48001 1.00000 
294.36600 1.00000 
294.37601 1.00000 
294.42999 1.00000 
294.21701 1.00000 
294.49301 1.00000 
294.25500 1.00000 
294.46301 1.00000 
294.28299 1.00000 
294.52600 1.00000 
294.52701 1.00000 
294.59500 1.00000 
294.49200 1.00000 
294.50699 1.00000 
294.42599 1.00000 
294.65100 1.00000 
294.61899 1.00000 
294.61801 1.00000 
294.52499 1.00000 
294.61499 1.00000 
294.58200 1.00000 
294.74301 1.00000 
294.54300 1.00000 
294.52701 1.00000 
294.42801 1.00000 
294.40601 1.00000 
294.44699 1.00000 
294.44699 1.00000 
294.36801 1.00000 
294.41000 1.00000 
294.26999 1.00000 
294.48001 1.00000 
294.21701 1.00000 
294.42599 1.00000 
294.24899 1.00000 
294.15201 1.00000 
294.14099 1.00000 
294.05200 1.00000 
293.76700 1.00000 
293.70401 1.00000 
293.27899 1.00000 
293.31299 1.00000 
293.19699 1.00000 
292.71100 1.00000 
292.01599 1.00000 
291.85901 1.00000 
292.19400 1.00000 
292.85300 1.00000 
297.25000 1.00000 
0.00000 0.00000 
0.00000 0.00000 
474.04300 1.00000 
477.34299 1.00000 
480.52399 1.00000 
483.94501 1.00000 
484.97198 1.00000 
490.48499 1.00000 
490.96399 1.00000 
492.52301 1.00000 
495.02499 1.00000 
499.11700 1.00000 
500.76599 1.00000 
504.28299 1.00000 
505.22900 1.00000 
507.64700 1.00000 
509.97299 1.00000 
511.28201 1.00000 
512.23602 1.00000 
512.91998 1.00000 
0.00000 0.00000 
511.82800 1.00000 
512.39801 1.00000 
511.29401 1.00000 
511.05801 1.00000 
510.89600 1.00000 
508.67300 1.00000 
506.66199 1.00000 
506.90701 1.00000 
507.09698 1.00000 
506.50299 1.00000 
506.38501 1.00000 
506.47900 1.00000 
506.13300 1.00000 
505.86301 1.00000 
505.20599 1.00000 
505.13599 1.00000 
504.15100 1.00000 
504.48401 1.00000 
504.76999 1.00000 
504.43900 1.00000 
504.28400 1.00000 
504.41199 1.00000 
505.13901 1.00000 
504.82101 1.00000 
504.30099 1.00000 
504.16901 1.00000 
503.46600 1.00000 
502.73199 1.00000 
501.33701 1.00000 
501.19199 1.00000 
499.94901 1.00000 
501.95901 1.00000 
499.23999 1.00000 
493.43100 1.00000 
493.11401 1.00000 
496.00500 1.00000 
495.59399 1.00000 
495.79300 1.00000 
496.06201 1.00000 
496.48599 1.00000 
496.41901 1.00000 
496.41800 1.00000 
496.53201 1.00000 
496.37500 1.00000 
496.66199 1.00000 
496.34399 1.00000 
496.59601 1.00000 
496.77200 1.00000 
497.09900 1.00000 
497.29099 1.00000 
497.26901 1.00000 
497.27200 1.00000 
497.37701 1.00000 
497.53400 1.00000 
497.59900 1.00000 
497.76199 1.00000 
497.82999 1.00000 
497.99799 1.00000 
498.11401 1.00000 
498.22101 1.00000 
497.69501 1.00000 
497.40799 1.00000 
496.73499 1.00000 
496.10599 1.00000 
495.16501 1.00000 
495.32199 1.00000 
494.95599 1.00000 
497.84201 1.00000 
494.23199 1.00000 
496.40701 1.00000 
498.10001 1.00000 
497.35599 1.00000 
498.36600 1.00000 
498.10101 1.00000 
498.27802 1.00000 
498.33200 1.00000 
498.79501 1.00000 
498.54300 1.00000 
498.66400 1.00000 
498.74301 1.00000 
498.62900 1.00000 
498.81000 1.00000 
498.60501 1.00000 
498.77701 1.00000 
498.60999 1.00000 
498.82901 1.00000 
498.57999 1.00000 
498.78201 1.00000 
498.79599 1.00000 
498.90100 1.00000 
498.86401 1.00000 
499.03400 1.00000 
499.15100 1.00000 
499.24500 1.00000 
499.27399 1.00000 
499.39499 1.00000 
499.28799 1.00000 
499.56799 1.00000 
499.46600 1.00000 
499.65500 1.00000 
499.62201 1.00000 
499.78601 1.00000 
499.59799 1.00000 
499.77499 1.00000 
499.67401 1.00000 
499.70999 1.00000 
498.72699 1.00000 
497.80801 1.00000 
498.67200 1.00000 
500.56299 1.00000 
497.57001 1.00000 
495.24500 1.00000 
495.52100 1.00000 
495.85800 1.00000 
495.72400 1.00000 
495.18500 1.00000 
495.39301 1.00000 
494.79800 1.00000 
494.12100 1.00000 
493.47699 1.00000 
493.18301 1.00000 
493.33401 1.00000 
492.90100 1.00000 
492.81601 1.00000 
492.81799 1.00000 
493.02899 1.00000 
492.91400 1.00000 
493.46899 1.00000 
493.57501 1.00000 
493.73901 1.00000 
493.90799 1.00000 
494.01199 1.00000 
494.24701 1.00000 
494.12299 1.00000 
494.09201 1.00000 
494.19199 1.00000 
494.42099 1.00000 
494.87799 1.00000 
495.51801 1.00000 
494.70200 1.00000 
493.32001 1.00000 
491.93399 1.00000 
490.85400 1.00000 
490.48300 1.00000 
486.84799 1.00000 
489.25800 1.00000 
488.77802 1.00000 
490.40500 1.00000 
468.03299 1.00000 
439.49399 1.00000 
442.12100 1.00000 
441.05099 1.00000 
440.93600 1.00000 
442.14499 1.00000 
441.95099 1.00000 
442.10300 1.00000 
442.19601 1.00000 
442.89801 1.00000 
442.13800 1.00000 
442.70801 1.00000 
442.73999 1.00000 
442.67200 1.00000 
442.63101 1.00000 
443.11801 1.00000 
442.67899 1.00000 
442.92401 1.00000 
442.83600 1.00000 
442.84500 1.00000 
442.61099 1.00000 
442.64999 1.00000 
442.80200 1.00000 
442.70901 1.00000 
442.80801 1.00000 
442.57199 1.00000 
442.70200 1.00000 
442.66699 1.00000 
442.86600 1.00000 
442.65302 1.00000 
442.06100 1.00000 
438.61499 1.00000 
427.73099 1.00000 
428.00500 1.00000 
435.59100 1.00000 
437.54300 1.00000 
439.67801 1.00000 
429.16299 1.00000 
430.34601 1.00000 
383.54901 1.00000 
382.96201 1.00000 
379.51901 1.00000 
381.57800 1.00000 
382.74100 1.00000 
384.48001 1.00000 
386.79001 1.00000 
389.77899 1.00000 
390.62000 1.00000 
391.32700 1.00000 
390.91299 1.00000 
390.74399 1.00000 
390.74399 1.00000 
390.28900 1.00000 
389.86801 1.00000 
389.88901 1.00000 
389.83499 1.00000 
390.18500 1.00000 
390.24301 1.00000 
390.42700 1.00000 
390.51901 1.00000 
390.80600 1.00000 
390.73199 1.00000 
390.73599 1.00000 
390.38400 1.00000 
390.15399 1.00000 
390.17001 1.00000 
389.47198 1.00000 
389.27802 1.00000 
389.27802 1.00000 
389.19800 1.00000 
388.89401 1.00000 
388.74600 1.00000 
388.33401 1.00000 
387.13000 1.00000 
386.00699 1.00000 
383.88901 1.00000 
380.85300 1.00000 
374.53299 1.00000 
376.28201 1.00000 
379.85901 1.00000 
383.32401 1.00000 
384.66400 1.00000 
346.22400 1.00000 
349.93701 1.00000 
355.20401 1.00000 
356.00101 1.00000 
352.87799 1.00000 
352.75900 1.00000 
353.71899 1.00000 
354.01300 1.00000 
353.80499 1.00000 
353.18100 1.00000 
352.43799 1.00000 
352.71899 1.00000 
353.80899 1.00000 
353.57001 1.00000 
352.54599 1.00000 
352.65601 1.00000 
353.44601 1.00000 
353.31500 1.00000 
352.95599 1.00000 
352.77100 1.00000 
352.93301 1.00000 
353.48499 1.00000 
353.41901 1.00000 
353.08301 1.00000 
353.16400 1.00000 
353.45901 1.00000 
353.36099 1.00000 
353.14700 1.00000 
352.96701 1.00000 
352.92300 1.00000 
353.04999 1.00000 
352.81100 1.00000 
352.48099 1.00000 
351.82700 1.00000 
352.34201 1.00000 
353.46799 1.00000 
354.33301 1.00000 
356.76700 1.00000 
352.28201 1.00000 
329.70700 1.00000 
330.76700 1.00000 
331.13599 1.00000 
329.19400 1.00000 
332.18201 1.00000 
332.44601 1.00000 
332.12201 1.00000 
332.34799 1.00000 
332.94101 1.00000 
333.11499 1.00000 
333.08200 1.00000 
333.23599 1.00000 
333.00900 1.00000 
332.91400 1.00000 
332.98700 1.00000 
332.86301 1.00000 
332.91800 1.00000 
333.00900 1.00000 
333.00601 1.00000 
333.00201 1.00000 
333.07999 1.00000 
333.38699 1.00000 
333.43701 1.00000 
333.48401 1.00000 
333.48999 1.00000 
333.16599 1.00000 
333.07901 1.00000 
332.88501 1.00000 
332.70999 1.00000 
332.46899 1.00000 
332.06900 1.00000 
331.40201 1.00000 
330.46701 1.00000 
328.93900 1.00000 
327.84601 1.00000 
325.85300 1.00000 
0.00000 0.00000 
0.00000 0.00000 
0.00000 0.00000 
0.00000 0.00000 
0.00000 0.00000 
0.00000 0.00000 
293.47000 1.00000 
290.37100 1.00000 
289.16901 1.00000 
291.12299 1.00000 
289.97101 1.00000 
291.01199 1.00000 
292.24600 1.00000 
293.10501 1.00000 
293.44000 1.00000 
293.43201 1.00000 
293.50900 1.00000 
293.62201 1.00000 
293.92200 1.00000 
293.86899 1.00000 
293.86301 1.00000 
294.13300 1.00000 
294.28101 1.00000 
294.10800 1.00000 
294.25299 1.00000 
294.36600 1.00000 
294.26901 1.00000 
294.47101 1.00000 
294.41400 1.00000 
294.36700 1.00000 
294.36401 1.00000 
294.51700 1.00000 
294.48199 1.00000 
294.43799 1.00000 
294.48499 1.00000 
294.45099 1.00000 
294.42401 1.00000 
294.48001 1.00000 
294.36301 1.00000 
294.49399 1.00000 
294.47101 1.00000 
294.51599 1.00000 
294.41800 1.00000 
294.47101 1.00000 
294.42499 1.00000 
294.43600 1.00000 
294.29599 1.00000 
294.13101 1.00000 
294.12900 1.00000 
295.17999 1.00000 
294.84201 1.00000 
292.64600 1.00000 
292.58600 1.00000 
293.99301 1.00000 
291.86700 1.00000 
292.29901 1.00000 
292.16599 1.00000 
293.00000 1.00000 
292.47000 1.00000 
291.02499 1.00000 
288.30399 1.00000 
288.65601 1.00000 
265.51300 1.00000 
266.02899 1.00000 
267.16000 1.00000 
269.33499 1.00000 
265.86700 1.00000 
266.29599 1.00000 
265.83301 1.00000 
263.39499 1.00000 
261.50500 1.00000 
262.06201 1.00000 
261.94800 1.00000 
259.68399 1.00000 
259.20300 1.00000 
257.34500 1.00000 
257.99200 1.00000 
257.88101 1.00000 
258.13699 1.00000 
258.37701 1.00000 
258.81699 1.00000 
259.10599 1.00000 
260.06201 1.00000 
260.02899 1.00000 
261.16501 1.00000 
261.60699 1.00000 
262.94299 1.00000 
263.76001 1.00000 
264.24600 1.00000 
264.38800 1.00000 
264.95099 1.00000 
265.46899 1.00000 
266.04199 1.00000 
266.67401 1.00000 
266.71899 1.00000 
266.53601 1.00000 
266.11099 1.00000 
265.80801 1.00000 
265.53601 1.00000 
264.99899 1.00000 
264.43701 1.00000 
263.82300 1.00000 
263.09601 1.00000 
262.23801 1.00000 
261.58099 1.00000 
260.98300 1.00000 
260.59399 1.00000 
260.16599 1.00000 
259.43100 1.00000 
258.51599 1.00000 
257.84698 1.00000 
257.28500 1.00000 
256.98901 1.00000 
257.42599 1.00000 
257.60300 1.00000 
258.13501 1.00000 
258.39801 1.00000 
258.74600 1.00000 
259.32800 1.00000 
260.18500 1.00000 
260.68900 1.00000 
261.15799 1.00000 
261.83301 1.00000 
262.38501 1.00000 
262.83701 1.00000 
263.31500 1.00000 
263.94400 1.00000 
264.54199 1.00000 
264.94601 1.00000 
265.32001 1.00000 
264.62000 1.00000 
264.11301 1.00000 
263.62000 1.00000 
263.84500 1.00000 
263.74600 1.00000 
263.99399 1.00000 
263.84698 1.00000 
263.51199 1.00000 
262.75500 1.00000 
261.89499 1.00000 
261.27802 1.00000 
260.27399 1.00000 
260.18900 1.00000 
260.21600 1.00000 
260.02899 1.00000 
259.64999 1.00000 
259.23801 1.00000 
258.94800 1.00000 
258.69501 1.00000 
258.17200 1.00000 
258.29700 1.00000 
258.37100 1.00000 
258.64600 1.00000 
258.99600 1.00000 
259.21201 1.00000 
259.98401 1.00000 
260.48199 1.00000 
261.18799 1.00000 
261.76801 1.00000 
262.50699 1.00000 
262.83200 1.00000 
263.69501 1.00000 
264.11401 1.00000 
264.72501 1.00000 
265.71500 1.00000 
265.83600 1.00000 
265.77399 1.00000 
265.68500 1.00000 
265.35901 1.00000 
265.09399 1.00000 
264.98499 1.00000 
264.36099 1.00000 
264.21399 1.00000 
263.60599 1.00000 
262.85800 1.00000 
262.32001 1.00000 
261.60199 1.00000 
260.28699 1.00000 
260.83701 1.00000 
260.29501 1.00000 
260.51700 1.00000 
259.87000 1.00000 
259.44101 1.00000 
258.91400 1.00000 
258.75699 1.00000 
258.91699 1.00000 
258.72800 1.00000 
258.77301 1.00000 
258.74301 1.00000 
258.71100 1.00000 
258.35901 1.00000 
258.40302 1.00000 
259.09500 1.00000 
259.59500 1.00000 
260.13101 1.00000 
260.98801 1.00000 
261.16000 1.00000 
262.04001 1.00000 
262.51901 1.00000 
261.83600 1.00000 
263.20499 1.00000 
263.24899 1.00000 
265.09000 1.00000 
265.62799 1.00000 
264.57300 1.00000 
0.00000 0.00000 
0.00000 0.00000 
262.56601 1.00000 
263.45801 1.00000 
264.49301 1.00000 
264.42801 1.00000 
261.80801 1.00000 
261.78601 1.00000 
261.58099 1.00000 
262.25101 1.00000 
262.38800 1.00000 
262.62000 1.00000 
259.76001 1.00000 
260.48999 1.00000 
262.94101 1.00000 
259.49200 1.00000 
260.39499 1.00000 
261.82599 1.00000 
259.49799 1.00000 
261.17700 1.00000 
261.65302 1.00000 
262.59201 1.00000 
262.34500 1.00000 
260.78101 1.00000 
262.81400 1.00000 
263.13800 1.00000 
262.58099 1.00000 
262.36200 1.00000 
264.47000 1.00000 
264.47601 1.00000 
266.57401 1.00000 
262.33701 1.00000 
261.67700 1.00000 
267.78299 1.00000 
267.54800 1.00000 
266.91699 1.00000 
265.44400 1.00000 
266.61600 1.00000 
262.79999 1.00000 
262.36700 1.00000 
259.19601 1.00000 
260.32001 1.00000 
268.92401 1.00000 
269.60300 1.00000 
258.62701 1.00000 
258.96301 1.00000 
259.04901 1.00000 
261.48599 1.00000 
260.62701 1.00000 
262.89499 1.00000 
259.07700 1.00000 
259.30801 1.00000 
256.97900 1.00000 
260.77499 1.00000 
264.16599 1.00000 
261.67599 1.00000 
253.66299 1.00000 
251.32800 1.00000 
252.97301 1.00000 
251.90601 1.00000 
255.13499 1.00000 
0.00000 0.00000 
0.00000 0.00000 
0.00000 0.00000 
0.00000 0.00000 
0.00000 0.00000 
0.00000 0.00000 
0.00000 0.00000 
0.00000 0.00000 
0.00000 0.00000 
0.00000 0.00000 
0.00000 0.00000 
0.00000 0.00000 
0.00000 0.00000 
0.00000 0.00000 
0.00000 0.00000 
0.00000 0.00000 
0.00000 0.00000 
0.00000 0.00000 
0.00000 0.00000 
0.00000 0.00000 
0.00000 0.00000 
0.00000 0.00000 
0.00000 0.00000 
0.00000 0.00000 
0.00000 0.00000 
0.00000 0.00000 
0.00000 0.00000 
0.00000 0.00000 
0.00000 0.00000 
0.00000 0.00000 
0.00000 0.00000 
0.00000 0.00000 
0.00000 0.00000 
0.00000 0.00000 
0.00000 0.00000 
0.00000 0.00000 
0.00000 0.00000 
0.00000 0.00000 
0.00000 0.00000 
0.00000 0.00000 
0.00000 0.00000 
0.00000 0.00000 
0.00000 0.00000 
0.00000 0.00000 
0.00000 0.00000 
0.00000 0.00000 
0.00000 0.00000 
0.00000 0.00000 
0.00000 0.00000 
0.00000 0.00000 
0.00000 0.00000 
0.00000 0.00000 
0.00000 0.00000 
0.00000 0.00000 
0.00000 0.00000 
0.00000 0.00000 
0.00000 0.00000 
0.00000 0.00000 
0.00000 0.00000 
0.00000 0.00000 
0.00000 0.00000 
0.00000 0.00000 
0.00000 0.00000 
0.00000 0.00000 
0.00000 0.00000 
0.00000 0.00000 
0.00000 0.00000 
0.00000 0.00000 
0.00000 0.00000 
0.00000 0.00000 
0.00000 0.00000 
0.00000 0.00000 
0.00000 0.00000 
0.00000 0.00000 
0.00000 0.00000 
0.00000 0.00000 
0.00000 0.00000 
0.00000 0.00000 
0.00000 0.00000 
0.00000 0.00000 
0.00000 0.00000 
0.00000 0.00000 
0.00000 0.00000 
0.00000 0.00000 
0.00000 0.00000 
0.00000 0.00000 
0.00000 0.00000 
0.00000 0.00000 
0.00000 0.00000 
0.00000 0.00000 
0.00000 0.00000 
0.00000 0.00000 
0.00000 0.00000 
0.00000 0.00000 
0.00000 0.00000 
0.00000 0.00000 
0.00000 0.00000 
0.00000 0.00000 
0.00000 0.00000 
0.00000 0.00000 
0.00000 0.00000 
0.00000 0.00000 
0.00000 0.00000 
0.00000 0.00000 
0.00000 0.00000 
0.00000 0.00000 
0.00000 0.00000 
0.00000 0.00000 
0.00000 0.00000 
0.00000 0.00000 
0.00000 0.00000 
0.00000 0.00000 
0.00000 0.00000 
0.00000 0.00000 
0.00000 0.00000 
0.00000 0.00000 
0.00000 0.00000 
0.00000 0.00000 
0.00000 0.00000 
0.00000 0.00000 
0.00000 0.00000 
0.00000 0.00000 
0.00000 0.00000 
0.00000 0.00000 
0.00000 0.00000 
0.00000 0.00000 
0.00000 0.00000 
0.00000 0.00000 
0.00000 0.00000 
0.00000 0.00000 
0.00000 0.00000 
0.00000 0.00000 
0.00000 0.00000 
0.00000 0.00000 
0.00000 0.00000 
0.00000 0.00000 
0.00000 0.00000 
0.00000 0.00000 
0.00000 0.00000 
0.00000 0.00000 
0.00000 0.00000 
0.00000 0.00000 
0.00000 0.00000 
0.00000 0.00000 
0.00000 0.00000 
0.00000 0.00000 
0.00000 0.00000 
0.00000 0.00000 
0.00000 0.00000 
0.00000 0.00000 
0.00000 0.00000 
0.00000 0.00000 
0.00000 0.00000 
0.00000 0.00000 
0.00000 0.00000 
0.00000 0.00000 
0.00000 0.00000 
0.00000 0.00000 
0.00000 0.00000 
0.00000 0.00000 
0.00000 0.00000 
0.00000 0.00000 
0.00000 0.00000 
0.00000 0.00000 
0.00000 0.00000 
0.00000 0.00000 
0.00000 0.00000 
0.00000 0.00000 
