 0.00000 0.00000 
0.00000 0.00000 
0.00000 0.00000 
0.00000 0.00000 
0.00000 0.00000 
0.00000 0.00000 
0.00000 0.00000 
0.00000 0.00000 
0.00000 0.00000 
0.00000 0.00000 
0.00000 0.00000 
0.00000 0.00000 
0.00000 0.00000 
0.00000 0.00000 
0.00000 0.00000 
0.00000 0.00000 
0.00000 0.00000 
0.00000 0.00000 
0.00000 0.00000 
0.00000 0.00000 
0.00000 0.00000 
0.00000 0.00000 
0.00000 0.00000 
0.00000 0.00000 
0.00000 0.00000 
0.00000 0.00000 
0.00000 0.00000 
0.00000 0.00000 
0.00000 0.00000 
0.00000 0.00000 
0.00000 0.00000 
0.00000 0.00000 
0.00000 0.00000 
0.00000 0.00000 
0.00000 0.00000 
0.00000 0.00000 
0.00000 0.00000 
0.00000 0.00000 
0.00000 0.00000 
0.00000 0.00000 
0.00000 0.00000 
0.00000 0.00000 
0.00000 0.00000 
0.00000 0.00000 
0.00000 0.00000 
0.00000 0.00000 
0.00000 0.00000 
0.00000 0.00000 
0.00000 0.00000 
0.00000 0.00000 
0.00000 0.00000 
0.00000 0.00000 
0.00000 0.00000 
0.00000 0.00000 
0.00000 0.00000 
0.00000 0.00000 
0.00000 0.00000 
0.00000 0.00000 
0.00000 0.00000 
0.00000 0.00000 
0.00000 0.00000 
0.00000 0.00000 
0.00000 0.00000 
0.00000 0.00000 
0.00000 0.00000 
0.00000 0.00000 
0.00000 0.00000 
0.00000 0.00000 
0.00000 0.00000 
0.00000 0.00000 
0.00000 0.00000 
0.00000 0.00000 
0.00000 0.00000 
0.00000 0.00000 
0.00000 0.00000 
0.00000 0.00000 
0.00000 0.00000 
0.00000 0.00000 
0.00000 0.00000 
0.00000 0.00000 
0.00000 0.00000 
0.00000 0.00000 
0.00000 0.00000 
0.00000 0.00000 
0.00000 0.00000 
0.00000 0.00000 
0.00000 0.00000 
0.00000 0.00000 
0.00000 0.00000 
0.00000 0.00000 
0.00000 0.00000 
0.00000 0.00000 
0.00000 0.00000 
0.00000 0.00000 
0.00000 0.00000 
0.00000 0.00000 
0.00000 0.00000 
0.00000 0.00000 
0.00000 0.00000 
0.00000 0.00000 
0.00000 0.00000 
0.00000 0.00000 
0.00000 0.00000 
0.00000 0.00000 
0.00000 0.00000 
0.00000 0.00000 
0.00000 0.00000 
0.00000 0.00000 
0.00000 0.00000 
0.00000 0.00000 
279.64899 1.00000 
287.01801 1.00000 
286.98300 1.00000 
290.84299 1.00000 
291.54901 1.00000 
292.47101 1.00000 
292.72800 1.00000 
293.09299 1.00000 
293.75699 1.00000 
293.63599 1.00000 
293.86801 1.00000 
294.04599 1.00000 
294.00000 1.00000 
294.23901 1.00000 
294.17899 1.00000 
294.01099 1.00000 
294.17999 1.00000 
294.23001 1.00000 
294.22000 1.00000 
294.20499 1.00000 
294.11700 1.00000 
294.21500 1.00000 
294.28900 1.00000 
294.43500 1.00000 
294.33899 1.00000 
294.17499 1.00000 
294.28500 1.00000 
294.26801 1.00000 
294.02200 1.00000 
293.87000 1.00000 
294.00699 1.00000 
293.90601 1.00000 
293.98499 1.00000 
294.07999 1.00000 
294.03400 1.00000 
293.16400 1.00000 
292.32001 1.00000 
290.87500 1.00000 
290.94800 1.00000 
293.16299 1.00000 
293.46799 1.00000 
296.41101 1.00000 
296.38699 1.00000 
295.79800 1.00000 
294.53500 1.00000 
294.61401 1.00000 
294.67599 1.00000 
294.20401 1.00000 
295.52301 1.00000 
295.16599 1.00000 
294.04700 1.00000 
293.28000 1.00000 
291.65601 1.00000 
325.52600 1.00000 
359.47198 1.00000 
387.50699 1.00000 
388.64700 1.00000 
392.86801 1.00000 
395.67899 1.00000 
395.63000 1.00000 
395.28900 1.00000 
394.27701 1.00000 
392.60999 1.00000 
391.26501 1.00000 
389.85599 1.00000 
388.47400 1.00000 
386.64600 1.00000 
385.28101 1.00000 
384.80200 1.00000 
384.67300 1.00000 
384.40799 1.00000 
384.98700 1.00000 
386.36401 1.00000 
387.83899 1.00000 
389.46799 1.00000 
390.69199 1.00000 
391.43201 1.00000 
392.51801 1.00000 
393.55301 1.00000 
394.70700 1.00000 
395.70001 1.00000 
396.09900 1.00000 
396.07001 1.00000 
396.00699 1.00000 
396.10199 1.00000 
396.22101 1.00000 
395.94000 1.00000 
395.85901 1.00000 
395.54401 1.00000 
395.10300 1.00000 
394.82901 1.00000 
394.29099 1.00000 
393.76801 1.00000 
393.13599 1.00000 
392.94601 1.00000 
392.80801 1.00000 
392.12100 1.00000 
391.40399 1.00000 
391.19400 1.00000 
391.06000 1.00000 
391.34799 1.00000 
390.95499 1.00000 
390.53201 1.00000 
390.51199 1.00000 
390.34799 1.00000 
390.17300 1.00000 
389.80200 1.00000 
390.09500 1.00000 
390.73700 1.00000 
390.76501 1.00000 
391.05301 1.00000 
391.29599 1.00000 
391.97101 1.00000 
392.81299 1.00000 
393.97299 1.00000 
394.38000 1.00000 
394.86700 1.00000 
395.11700 1.00000 
395.27499 1.00000 
395.72900 1.00000 
396.15701 1.00000 
396.69000 1.00000 
396.62500 1.00000 
396.58099 1.00000 
396.68600 1.00000 
396.58801 1.00000 
396.30801 1.00000 
396.13199 1.00000 
395.57501 1.00000 
395.42599 1.00000 
395.06000 1.00000 
394.92700 1.00000 
394.34799 1.00000 
393.95300 1.00000 
393.72699 1.00000 
393.36200 1.00000 
392.95499 1.00000 
392.93399 1.00000 
393.22400 1.00000 
393.54001 1.00000 
392.92801 1.00000 
392.36700 1.00000 
392.22198 1.00000 
391.92001 1.00000 
391.92300 1.00000 
391.46600 1.00000 
391.18201 1.00000 
390.57101 1.00000 
390.49399 1.00000 
391.94901 1.00000 
395.28201 1.00000 
397.07999 1.00000 
391.12701 1.00000 
426.17599 1.00000 
426.79599 1.00000 
426.88599 1.00000 
427.22699 1.00000 
428.54099 1.00000 
431.48300 1.00000 
439.38599 1.00000 
439.12399 1.00000 
439.43600 1.00000 
442.64700 1.00000 
442.38400 1.00000 
441.78799 1.00000 
441.62799 1.00000 
442.17001 1.00000 
442.26001 1.00000 
441.79901 1.00000 
441.83701 1.00000 
442.14499 1.00000 
442.54999 1.00000 
442.38101 1.00000 
442.34601 1.00000 
442.37601 1.00000 
442.59299 1.00000 
442.52802 1.00000 
442.43100 1.00000 
442.28799 1.00000 
442.52499 1.00000 
442.49899 1.00000 
442.50900 1.00000 
442.32001 1.00000 
442.35901 1.00000 
442.63501 1.00000 
442.59799 1.00000 
442.28299 1.00000 
442.10699 1.00000 
442.32700 1.00000 
442.49701 1.00000 
442.33701 1.00000 
442.18600 1.00000 
442.28299 1.00000 
441.94601 1.00000 
441.84201 1.00000 
441.37399 1.00000 
439.04800 1.00000 
438.94199 1.00000 
441.24799 1.00000 
445.84900 1.00000 
441.53601 1.00000 
0.00000 0.00000 
294.93301 1.00000 
295.96899 1.00000 
298.89700 1.00000 
297.46500 1.00000 
0.00000 0.00000 
489.38699 1.00000 
498.26999 1.00000 
500.42401 1.00000 
500.25000 1.00000 
500.02200 1.00000 
499.30600 1.00000 
498.16101 1.00000 
496.91299 1.00000 
495.88901 1.00000 
494.66901 1.00000 
493.88101 1.00000 
493.05600 1.00000 
492.13199 1.00000 
491.14600 1.00000 
490.03500 1.00000 
489.39401 1.00000 
489.73001 1.00000 
489.67599 1.00000 
490.19501 1.00000 
490.79401 1.00000 
491.02100 1.00000 
491.95401 1.00000 
492.99701 1.00000 
493.15302 1.00000 
493.72601 1.00000 
494.76599 1.00000 
496.18301 1.00000 
497.71201 1.00000 
498.64001 1.00000 
499.75201 1.00000 
500.65399 1.00000 
500.99500 1.00000 
501.27802 1.00000 
501.53299 1.00000 
501.70599 1.00000 
501.83600 1.00000 
501.44400 1.00000 
500.69199 1.00000 
499.82999 1.00000 
498.32700 1.00000 
497.07599 1.00000 
496.30099 1.00000 
495.66501 1.00000 
495.24301 1.00000 
494.93900 1.00000 
495.00800 1.00000 
494.06500 1.00000 
493.72699 1.00000 
493.53400 1.00000 
493.16599 1.00000 
492.97101 1.00000 
493.13699 1.00000 
493.72000 1.00000 
493.81601 1.00000 
494.36200 1.00000 
494.79599 1.00000 
494.55701 1.00000 
495.16101 1.00000 
496.12201 1.00000 
497.02802 1.00000 
497.33801 1.00000 
497.59900 1.00000 
498.14301 1.00000 
498.37000 1.00000 
499.25601 1.00000 
499.57800 1.00000 
500.43201 1.00000 
500.77100 1.00000 
501.37799 1.00000 
501.04999 1.00000 
501.41901 1.00000 
501.35199 1.00000 
501.20599 1.00000 
500.79401 1.00000 
501.19901 1.00000 
501.10001 1.00000 
501.11301 1.00000 
500.14001 1.00000 
500.79999 1.00000 
500.26001 1.00000 
500.43600 1.00000 
500.29099 1.00000 
500.17401 1.00000 
500.45901 1.00000 
498.68399 1.00000 
499.63501 1.00000 
499.44800 1.00000 
499.51501 1.00000 
500.12201 1.00000 
505.66699 1.00000 
514.75702 1.00000 
518.86603 1.00000 
520.78998 1.00000 
520.00403 1.00000 
521.02002 1.00000 
519.06702 1.00000 
507.48199 1.00000 
518.47198 1.00000 
524.37402 1.00000 
526.24200 1.00000 
528.50500 1.00000 
528.46802 1.00000 
528.03003 1.00000 
528.44299 1.00000 
528.52502 1.00000 
528.39301 1.00000 
528.69501 1.00000 
528.61499 1.00000 
528.79498 1.00000 
528.57202 1.00000 
528.59802 1.00000 
528.80701 1.00000 
528.60400 1.00000 
528.56702 1.00000 
528.44702 1.00000 
528.81598 1.00000 
528.84698 1.00000 
528.92297 1.00000 
528.73297 1.00000 
528.89801 1.00000 
528.64502 1.00000 
528.71002 1.00000 
528.79102 1.00000 
529.06000 1.00000 
528.87201 1.00000 
528.92401 1.00000 
528.80200 1.00000 
528.76703 1.00000 
528.70300 1.00000 
528.77802 1.00000 
528.91400 1.00000 
529.12402 1.00000 
528.91998 1.00000 
529.21198 1.00000 
529.03003 1.00000 
529.52100 1.00000 
529.34802 1.00000 
527.76300 1.00000 
529.13800 1.00000 
536.73401 1.00000 
532.30200 1.00000 
526.69702 1.00000 
532.95898 1.00000 
560.81097 1.00000 
592.95898 1.00000 
595.71002 1.00000 
600.32001 1.00000 
600.95203 1.00000 
601.33099 1.00000 
600.28497 1.00000 
601.27100 1.00000 
601.27399 1.00000 
600.06500 1.00000 
599.29498 1.00000 
597.42603 1.00000 
595.41302 1.00000 
593.82501 1.00000 
591.11798 1.00000 
587.47998 1.00000 
585.52100 1.00000 
585.26300 1.00000 
584.62500 1.00000 
583.56500 1.00000 
582.43402 1.00000 
582.39203 1.00000 
582.79401 1.00000 
582.59998 1.00000 
581.54498 1.00000 
581.12000 1.00000 
582.47400 1.00000 
583.92999 1.00000 
585.23901 1.00000 
586.68103 1.00000 
588.55701 1.00000 
589.97198 1.00000 
592.16699 1.00000 
595.21301 1.00000 
597.26501 1.00000 
598.57001 1.00000 
598.33099 1.00000 
598.32501 1.00000 
599.26898 1.00000 
600.32098 1.00000 
599.07703 1.00000 
597.97101 1.00000 
597.69702 1.00000 
597.50702 1.00000 
597.35101 1.00000 
597.34900 1.00000 
596.35101 1.00000 
596.12201 1.00000 
595.44202 1.00000 
593.71301 1.00000 
592.87201 1.00000 
591.69000 1.00000 
590.55200 1.00000 
590.29199 1.00000 
590.07001 1.00000 
588.86603 1.00000 
589.54602 1.00000 
589.46399 1.00000 
590.40399 1.00000 
590.18597 1.00000 
591.08502 1.00000 
592.07202 1.00000 
593.12701 1.00000 
594.03900 1.00000 
595.39697 1.00000 
595.62598 1.00000 
594.44299 1.00000 
594.90002 1.00000 
595.50403 1.00000 
595.26300 1.00000 
595.53497 1.00000 
595.20898 1.00000 
595.41302 1.00000 
595.99902 1.00000 
595.36200 1.00000 
594.58301 1.00000 
594.40698 1.00000 
594.00000 1.00000 
591.73798 1.00000 
589.79102 1.00000 
589.20300 1.00000 
583.65997 1.00000 
593.16400 1.00000 
590.85602 1.00000 
587.84100 1.00000 
569.43201 1.00000 
0.00000 0.00000 
0.00000 0.00000 
0.00000 0.00000 
0.00000 0.00000 
0.00000 0.00000 
0.00000 0.00000 
0.00000 0.00000 
0.00000 0.00000 
496.44501 1.00000 
496.32401 1.00000 
495.43701 1.00000 
495.98300 1.00000 
495.67899 1.00000 
496.01001 1.00000 
495.29501 1.00000 
496.02100 1.00000 
496.05099 1.00000 
495.84100 1.00000 
496.05301 1.00000 
495.64899 1.00000 
495.98300 1.00000 
495.55399 1.00000 
496.00400 1.00000 
495.52701 1.00000 
495.72400 1.00000 
495.69901 1.00000 
495.86301 1.00000 
495.80899 1.00000 
495.96600 1.00000 
495.83099 1.00000 
495.72198 1.00000 
495.93701 1.00000 
495.81100 1.00000 
496.12399 1.00000 
495.84399 1.00000 
496.10501 1.00000 
496.01801 1.00000 
496.18600 1.00000 
496.09100 1.00000 
496.06699 1.00000 
496.19901 1.00000 
496.08401 1.00000 
496.51099 1.00000 
496.12299 1.00000 
496.42099 1.00000 
495.49799 1.00000 
496.45599 1.00000 
495.85999 1.00000 
496.92200 1.00000 
496.48401 1.00000 
493.86600 1.00000 
496.96201 1.00000 
497.67801 1.00000 
0.00000 0.00000 
389.78900 1.00000 
390.94199 1.00000 
395.00299 1.00000 
397.67899 1.00000 
399.79501 1.00000 
402.01501 1.00000 
402.88199 1.00000 
402.83301 1.00000 
402.88599 1.00000 
402.05899 1.00000 
401.15302 1.00000 
399.86899 1.00000 
398.71600 1.00000 
397.51300 1.00000 
396.16299 1.00000 
394.88699 1.00000 
393.69901 1.00000 
392.84399 1.00000 
392.52701 1.00000 
392.38199 1.00000 
392.16901 1.00000 
392.05099 1.00000 
391.81400 1.00000 
392.19501 1.00000 
392.60400 1.00000 
393.30399 1.00000 
393.83401 1.00000 
394.50400 1.00000 
395.36401 1.00000 
396.42999 1.00000 
397.10199 1.00000 
397.14600 1.00000 
397.28699 1.00000 
397.47501 1.00000 
397.64999 1.00000 
397.95599 1.00000 
398.27701 1.00000 
398.54999 1.00000 
398.79800 1.00000 
399.03900 1.00000 
399.28799 1.00000 
399.47299 1.00000 
399.68399 1.00000 
399.74500 1.00000 
399.68399 1.00000 
399.60400 1.00000 
399.71701 1.00000 
399.60800 1.00000 
399.22101 1.00000 
398.99200 1.00000 
398.62701 1.00000 
398.14401 1.00000 
397.75500 1.00000 
397.43799 1.00000 
397.17499 1.00000 
397.03000 1.00000 
396.96399 1.00000 
396.68500 1.00000 
396.16299 1.00000 
395.92200 1.00000 
395.86200 1.00000 
395.65601 1.00000 
395.94501 1.00000 
396.52100 1.00000 
396.80399 1.00000 
396.94299 1.00000 
397.14301 1.00000 
397.40799 1.00000 
397.25299 1.00000 
397.76199 1.00000 
398.12500 1.00000 
398.09900 1.00000 
398.37701 1.00000 
398.49100 1.00000 
398.70300 1.00000 
398.75400 1.00000 
398.84799 1.00000 
398.47400 1.00000 
398.40399 1.00000 
398.39200 1.00000 
398.87900 1.00000 
398.77802 1.00000 
395.76599 1.00000 
394.09601 1.00000 
394.99200 1.00000 
395.68799 1.00000 
395.47299 1.00000 
395.44299 1.00000 
394.89801 1.00000 
395.39801 1.00000 
394.77701 1.00000 
394.94800 1.00000 
394.17801 1.00000 
401.40100 1.00000 
399.26999 1.00000 
409.87900 1.00000 
394.17099 1.00000 
404.19699 1.00000 
494.93500 1.00000 
495.13000 1.00000 
496.67899 1.00000 
495.89999 1.00000 
496.60001 1.00000 
496.17499 1.00000 
496.54300 1.00000 
496.32700 1.00000 
496.82700 1.00000 
496.44000 1.00000 
496.59201 1.00000 
496.23099 1.00000 
496.71100 1.00000 
496.21399 1.00000 
496.99701 1.00000 
496.53601 1.00000 
496.71500 1.00000 
496.43600 1.00000 
496.40201 1.00000 
496.35800 1.00000 
496.47501 1.00000 
496.48499 1.00000 
496.51501 1.00000 
496.47000 1.00000 
496.65701 1.00000 
496.44501 1.00000 
496.60599 1.00000 
496.77899 1.00000 
496.59698 1.00000 
496.67200 1.00000 
496.66400 1.00000 
496.75900 1.00000 
496.85800 1.00000 
496.73300 1.00000 
496.98700 1.00000 
497.01001 1.00000 
496.90601 1.00000 
496.73300 1.00000 
496.69000 1.00000 
496.39801 1.00000 
497.72299 1.00000 
503.93600 1.00000 
512.49103 1.00000 
526.87299 1.00000 
519.65900 1.00000 
514.70502 1.00000 
509.66599 1.00000 
515.45398 1.00000 
526.69000 1.00000 
531.95300 1.00000 
532.52899 1.00000 
532.57001 1.00000 
533.00598 1.00000 
532.90302 1.00000 
532.93201 1.00000 
532.63000 1.00000 
532.13202 1.00000 
531.36499 1.00000 
530.55798 1.00000 
529.81702 1.00000 
528.57800 1.00000 
527.70502 1.00000 
526.92999 1.00000 
526.36499 1.00000 
526.07599 1.00000 
525.94000 1.00000 
525.82501 1.00000 
526.03198 1.00000 
526.51001 1.00000 
527.13300 1.00000 
527.87799 1.00000 
528.97900 1.00000 
529.88300 1.00000 
530.77502 1.00000 
531.46100 1.00000 
531.78998 1.00000 
531.67700 1.00000 
531.51801 1.00000 
531.52002 1.00000 
531.49500 1.00000 
531.61401 1.00000 
531.72601 1.00000 
531.90601 1.00000 
532.82300 1.00000 
532.92297 1.00000 
534.27301 1.00000 
535.88202 1.00000 
531.45697 1.00000 
532.38702 1.00000 
528.84998 1.00000 
0.00000 0.00000 
0.00000 0.00000 
0.00000 0.00000 
0.00000 0.00000 
0.00000 0.00000 
0.00000 0.00000 
430.86600 1.00000 
438.42700 1.00000 
437.50699 1.00000 
439.13300 1.00000 
443.57800 1.00000 
440.87000 1.00000 
441.88501 1.00000 
442.31900 1.00000 
441.17801 1.00000 
443.58801 1.00000 
441.59000 1.00000 
441.71301 1.00000 
442.14099 1.00000 
440.69601 1.00000 
441.13800 1.00000 
439.50000 1.00000 
439.70001 1.00000 
439.48300 1.00000 
438.71899 1.00000 
439.36801 1.00000 
437.59299 1.00000 
438.33600 1.00000 
437.70401 1.00000 
437.13000 1.00000 
437.68500 1.00000 
436.60901 1.00000 
437.78900 1.00000 
436.56500 1.00000 
437.90201 1.00000 
438.59201 1.00000 
438.89301 1.00000 
439.84399 1.00000 
439.19699 1.00000 
441.00699 1.00000 
440.84299 1.00000 
441.87500 1.00000 
442.39099 1.00000 
442.15302 1.00000 
442.81799 1.00000 
443.16299 1.00000 
443.01199 1.00000 
443.56400 1.00000 
443.17899 1.00000 
443.78500 1.00000 
443.71799 1.00000 
443.15201 1.00000 
443.61899 1.00000 
442.75400 1.00000 
442.91699 1.00000 
442.05301 1.00000 
441.34399 1.00000 
442.23499 1.00000 
441.33801 1.00000 
441.83701 1.00000 
441.16599 1.00000 
440.78500 1.00000 
441.30399 1.00000 
440.37201 1.00000 
441.14099 1.00000 
441.04001 1.00000 
440.70001 1.00000 
441.28601 1.00000 
441.02802 1.00000 
441.32999 1.00000 
441.48099 1.00000 
441.74200 1.00000 
441.49899 1.00000 
441.39099 1.00000 
441.65799 1.00000 
441.24200 1.00000 
441.90500 1.00000 
441.42999 1.00000 
441.15500 1.00000 
441.95499 1.00000 
441.11200 1.00000 
441.77701 1.00000 
440.66599 1.00000 
440.13800 1.00000 
440.01099 1.00000 
439.60599 1.00000 
440.25699 1.00000 
439.98099 1.00000 
437.26300 1.00000 
433.41299 1.00000 
432.64899 1.00000 
434.84500 1.00000 
439.39001 1.00000 
421.98199 1.00000 
394.03201 1.00000 
387.88901 1.00000 
388.69501 1.00000 
391.48300 1.00000 
391.74399 1.00000 
392.34500 1.00000 
392.32700 1.00000 
392.59601 1.00000 
391.96600 1.00000 
391.37299 1.00000 
390.89001 1.00000 
390.26501 1.00000 
389.54099 1.00000 
388.74701 1.00000 
388.31299 1.00000 
388.44699 1.00000 
388.30200 1.00000 
388.31799 1.00000 
388.61200 1.00000 
389.25500 1.00000 
389.30701 1.00000 
389.96799 1.00000 
390.19400 1.00000 
389.77301 1.00000 
389.99701 1.00000 
390.11600 1.00000 
389.87100 1.00000 
389.31400 1.00000 
389.29901 1.00000 
389.67899 1.00000 
390.41400 1.00000 
390.99701 1.00000 
392.76700 1.00000 
394.03201 1.00000 
394.51801 1.00000 
395.96799 1.00000 
397.06201 1.00000 
397.26001 1.00000 
397.07599 1.00000 
396.53400 1.00000 
395.65500 1.00000 
395.08200 1.00000 
394.47000 1.00000 
394.27899 1.00000 
393.58600 1.00000 
393.06000 1.00000 
392.80099 1.00000 
392.42999 1.00000 
392.41000 1.00000 
392.53601 1.00000 
392.53299 1.00000 
392.56000 1.00000 
392.65399 1.00000 
392.70901 1.00000 
393.15900 1.00000 
393.45801 1.00000 
393.68799 1.00000 
393.88000 1.00000 
394.28601 1.00000 
394.42599 1.00000 
394.67499 1.00000 
394.79099 1.00000 
394.94299 1.00000 
395.21600 1.00000 
395.39301 1.00000 
395.43500 1.00000 
395.55200 1.00000 
395.54199 1.00000 
395.41101 1.00000 
395.23999 1.00000 
395.01001 1.00000 
394.93201 1.00000 
394.96100 1.00000 
395.12500 1.00000 
394.97198 1.00000 
395.21799 1.00000 
395.42200 1.00000 
395.76700 1.00000 
396.00900 1.00000 
395.65100 1.00000 
395.52100 1.00000 
393.77600 1.00000 
393.00299 1.00000 
393.33600 1.00000 
393.64700 1.00000 
399.12900 1.00000 
404.72400 1.00000 
393.19199 1.00000 
387.32700 1.00000 
383.31900 1.00000 
381.08200 1.00000 
378.76300 1.00000 
375.50101 1.00000 
372.10599 1.00000 
371.95999 1.00000 
374.35699 1.00000 
377.13300 1.00000 
378.50000 1.00000 
378.86801 1.00000 
378.67899 1.00000 
378.04199 1.00000 
376.38699 1.00000 
375.03400 1.00000 
373.91400 1.00000 
374.19901 1.00000 
375.36801 1.00000 
376.43600 1.00000 
377.12601 1.00000 
377.16599 1.00000 
376.65900 1.00000 
376.07700 1.00000 
375.38501 1.00000 
374.64099 1.00000 
374.87601 1.00000 
375.32901 1.00000 
375.84299 1.00000 
376.14001 1.00000 
376.06799 1.00000 
375.96301 1.00000 
375.67801 1.00000 
375.48001 1.00000 
375.50299 1.00000 
375.53699 1.00000 
375.80099 1.00000 
376.07599 1.00000 
376.44101 1.00000 
376.71100 1.00000 
376.86499 1.00000 
376.73499 1.00000 
376.68201 1.00000 
376.46301 1.00000 
376.32101 1.00000 
376.30399 1.00000 
375.35199 1.00000 
377.74600 1.00000 
381.88199 1.00000 
382.42700 1.00000 
376.07199 1.00000 
375.71399 1.00000 
380.64200 1.00000 
381.09399 1.00000 
381.26401 1.00000 
384.49899 1.00000 
386.70901 1.00000 
389.97400 1.00000 
390.57401 1.00000 
391.87399 1.00000 
392.44699 1.00000 
393.32001 1.00000 
393.88599 1.00000 
394.02499 1.00000 
393.63901 1.00000 
393.36099 1.00000 
392.70700 1.00000 
391.77499 1.00000 
390.74200 1.00000 
389.89001 1.00000 
388.25699 1.00000 
386.15399 1.00000 
383.43500 1.00000 
382.81100 1.00000 
382.33801 1.00000 
382.51599 1.00000 
383.55200 1.00000 
386.04199 1.00000 
389.32300 1.00000 
390.72400 1.00000 
391.96500 1.00000 
393.14301 1.00000 
394.43900 1.00000 
396.80399 1.00000 
397.85001 1.00000 
397.75500 1.00000 
398.10699 1.00000 
398.96399 1.00000 
398.43399 1.00000 
397.05801 1.00000 
396.30301 1.00000 
396.30301 1.00000 
396.38800 1.00000 
396.37299 1.00000 
396.49500 1.00000 
396.17200 1.00000 
395.92401 1.00000 
395.40900 1.00000 
395.09601 1.00000 
394.73999 1.00000 
394.34698 1.00000 
393.75800 1.00000 
393.06400 1.00000 
392.44699 1.00000 
392.14499 1.00000 
391.75400 1.00000 
391.42499 1.00000 
390.93399 1.00000 
390.93600 1.00000 
391.03000 1.00000 
390.59698 1.00000 
390.68301 1.00000 
391.24500 1.00000 
391.53400 1.00000 
392.00201 1.00000 
392.72000 1.00000 
393.55200 1.00000 
394.50000 1.00000 
395.12201 1.00000 
394.94000 1.00000 
394.80701 1.00000 
394.20200 1.00000 
394.04199 1.00000 
393.72699 1.00000 
393.93701 1.00000 
394.46799 1.00000 
394.93799 1.00000 
395.24600 1.00000 
395.80600 1.00000 
396.19501 1.00000 
396.34201 1.00000 
396.45001 1.00000 
395.91000 1.00000 
395.32999 1.00000 
394.74600 1.00000 
394.20901 1.00000 
393.91599 1.00000 
393.22800 1.00000 
392.48999 1.00000 
391.91699 1.00000 
391.57001 1.00000 
391.17899 1.00000 
391.04501 1.00000 
390.96899 1.00000 
390.78000 1.00000 
390.89099 1.00000 
390.53299 1.00000 
389.95001 1.00000 
389.64001 1.00000 
389.56299 1.00000 
389.70901 1.00000 
389.73801 1.00000 
390.01199 1.00000 
391.31699 1.00000 
391.74301 1.00000 
391.93201 1.00000 
392.38000 1.00000 
392.09799 1.00000 
391.92899 1.00000 
391.61700 1.00000 
391.73099 1.00000 
391.45401 1.00000 
391.42001 1.00000 
391.06299 1.00000 
391.29599 1.00000 
391.31299 1.00000 
392.14099 1.00000 
393.98300 1.00000 
394.52701 1.00000 
394.28201 1.00000 
394.23199 1.00000 
393.29599 1.00000 
392.14600 1.00000 
391.54999 1.00000 
391.09201 1.00000 
389.82999 1.00000 
388.59900 1.00000 
387.39401 1.00000 
387.88101 1.00000 
388.81900 1.00000 
389.38199 1.00000 
389.14899 1.00000 
390.02499 1.00000 
390.40601 1.00000 
390.59900 1.00000 
391.10999 1.00000 
391.17999 1.00000 
391.91599 1.00000 
392.54901 1.00000 
393.16800 1.00000 
393.18399 1.00000 
394.26199 1.00000 
395.67099 1.00000 
397.96701 1.00000 
399.10999 1.00000 
399.58801 1.00000 
398.65701 1.00000 
398.18301 1.00000 
398.53101 1.00000 
397.97198 1.00000 
397.54599 1.00000 
396.91800 1.00000 
396.04401 1.00000 
395.80801 1.00000 
397.19800 1.00000 
396.20599 1.00000 
396.53101 1.00000 
396.56000 1.00000 
395.57700 1.00000 
395.72299 1.00000 
395.50101 1.00000 
396.30600 1.00000 
394.40100 1.00000 
393.48801 1.00000 
394.41901 1.00000 
395.14600 1.00000 
395.69699 1.00000 
395.84601 1.00000 
390.86200 1.00000 
395.71201 1.00000 
394.45499 1.00000 
395.31699 1.00000 
395.88699 1.00000 
393.46701 1.00000 
395.52899 1.00000 
388.02600 1.00000 
389.84698 1.00000 
393.57001 1.00000 
391.08401 1.00000 
385.01999 1.00000 
392.36700 1.00000 
397.29300 1.00000 
392.87500 1.00000 
391.66901 1.00000 
392.49200 1.00000 
394.63599 1.00000 
405.45901 1.00000 
401.48499 1.00000 
396.49701 1.00000 
391.46600 1.00000 
390.01801 1.00000 
391.53601 1.00000 
393.14401 1.00000 
393.83301 1.00000 
392.44299 1.00000 
395.61801 1.00000 
399.65399 1.00000 
396.75201 1.00000 
391.32700 1.00000 
401.53601 1.00000 
391.99701 1.00000 
400.51999 1.00000 
394.20300 1.00000 
388.37701 1.00000 
383.74799 1.00000 
388.41299 1.00000 
390.20300 1.00000 
389.66101 1.00000 
0.00000 0.00000 
0.00000 0.00000 
0.00000 0.00000 
0.00000 0.00000 
0.00000 0.00000 
0.00000 0.00000 
0.00000 0.00000 
0.00000 0.00000 
0.00000 0.00000 
0.00000 0.00000 
0.00000 0.00000 
0.00000 0.00000 
0.00000 0.00000 
0.00000 0.00000 
0.00000 0.00000 
0.00000 0.00000 
0.00000 0.00000 
0.00000 0.00000 
0.00000 0.00000 
0.00000 0.00000 
0.00000 0.00000 
0.00000 0.00000 
0.00000 0.00000 
292.89499 1.00000 
294.65799 1.00000 
295.77600 1.00000 
295.17300 1.00000 
295.26901 1.00000 
295.34799 1.00000 
295.36499 1.00000 
295.86700 1.00000 
295.31201 1.00000 
293.28000 1.00000 
293.73599 1.00000 
292.98099 1.00000 
293.11801 1.00000 
293.23199 1.00000 
293.92099 1.00000 
293.64999 1.00000 
293.57101 1.00000 
293.35400 1.00000 
294.49200 1.00000 
292.20700 1.00000 
290.74600 1.00000 
290.54700 1.00000 
290.09399 1.00000 
290.63199 1.00000 
295.69400 1.00000 
297.91501 1.00000 
299.46600 1.00000 
293.38199 1.00000 
299.31699 1.00000 
299.26099 1.00000 
297.35001 1.00000 
297.01099 1.00000 
297.90201 1.00000 
0.00000 0.00000 
0.00000 0.00000 
0.00000 0.00000 
0.00000 0.00000 
0.00000 0.00000 
0.00000 0.00000 
0.00000 0.00000 
0.00000 0.00000 
0.00000 0.00000 
0.00000 0.00000 
0.00000 0.00000 
0.00000 0.00000 
0.00000 0.00000 
0.00000 0.00000 
0.00000 0.00000 
0.00000 0.00000 
0.00000 0.00000 
392.40601 1.00000 
392.81699 1.00000 
390.49600 1.00000 
394.64600 1.00000 
396.05801 1.00000 
397.16501 1.00000 
398.13699 1.00000 
397.58801 1.00000 
397.13101 1.00000 
396.62701 1.00000 
395.86499 1.00000 
394.97299 1.00000 
393.12601 1.00000 
391.55499 1.00000 
390.27301 1.00000 
388.88699 1.00000 
387.00000 1.00000 
385.13101 1.00000 
384.80399 1.00000 
385.13599 1.00000 
385.38300 1.00000 
386.20801 1.00000 
387.46100 1.00000 
388.62701 1.00000 
389.78101 1.00000 
390.71600 1.00000 
391.54700 1.00000 
392.58600 1.00000 
394.04401 1.00000 
396.07599 1.00000 
398.64700 1.00000 
399.16101 1.00000 
399.31601 1.00000 
399.00900 1.00000 
398.80399 1.00000 
398.78400 1.00000 
398.98901 1.00000 
398.88199 1.00000 
398.60599 1.00000 
398.14600 1.00000 
397.79099 1.00000 
397.65201 1.00000 
397.17300 1.00000 
396.69400 1.00000 
396.18100 1.00000 
395.66199 1.00000 
394.94901 1.00000 
394.44901 1.00000 
394.11700 1.00000 
393.60501 1.00000 
393.14999 1.00000 
392.59000 1.00000 
392.29501 1.00000 
392.08499 1.00000 
391.92401 1.00000 
392.02100 1.00000 
392.03601 1.00000 
392.37500 1.00000 
392.35699 1.00000 
392.82800 1.00000 
393.19601 1.00000 
393.48401 1.00000 
394.10501 1.00000 
394.49899 1.00000 
394.88699 1.00000 
395.22800 1.00000 
395.06000 1.00000 
395.22198 1.00000 
395.11200 1.00000 
395.06299 1.00000 
395.05200 1.00000 
395.47800 1.00000 
396.04300 1.00000 
396.36200 1.00000 
396.39200 1.00000 
396.57999 1.00000 
396.77100 1.00000 
396.66101 1.00000 
396.58899 1.00000 
396.11600 1.00000 
395.82101 1.00000 
395.79999 1.00000 
396.13199 1.00000 
396.31000 1.00000 
395.83801 1.00000 
395.38101 1.00000 
394.97900 1.00000 
394.50101 1.00000 
394.56699 1.00000 
394.55899 1.00000 
394.54099 1.00000 
394.74600 1.00000 
396.04300 1.00000 
400.43900 1.00000 
402.51700 1.00000 
400.07599 1.00000 
394.77499 1.00000 
392.05899 1.00000 
402.84399 1.00000 
406.64099 1.00000 
391.86401 1.00000 
389.81799 1.00000 
403.21899 1.00000 
404.29700 1.00000 
390.48499 1.00000 
400.56601 1.00000 
420.28101 1.00000 
426.83401 1.00000 
415.59299 1.00000 
426.89200 1.00000 
435.37201 1.00000 
438.95499 1.00000 
440.68100 1.00000 
438.91699 1.00000 
444.55899 1.00000 
449.86401 1.00000 
450.15100 1.00000 
446.53699 1.00000 
448.15100 1.00000 
452.26099 1.00000 
450.07199 1.00000 
447.68100 1.00000 
450.08499 1.00000 
452.39700 1.00000 
449.62601 1.00000 
448.60400 1.00000 
451.39401 1.00000 
451.54099 1.00000 
449.00299 1.00000 
448.28201 1.00000 
450.21600 1.00000 
449.90399 1.00000 
447.67300 1.00000 
447.94501 1.00000 
451.38101 1.00000 
450.77701 1.00000 
447.86499 1.00000 
429.79700 1.00000 
467.65201 1.00000 
487.16101 1.00000 
485.54999 1.00000 
493.19000 1.00000 
498.01801 1.00000 
500.32901 1.00000 
502.86200 1.00000 
502.59500 1.00000 
502.79401 1.00000 
502.02499 1.00000 
501.65399 1.00000 
500.87701 1.00000 
500.14301 1.00000 
498.06799 1.00000 
496.96899 1.00000 
494.95700 1.00000 
493.91800 1.00000 
492.96100 1.00000 
491.63000 1.00000 
490.54199 1.00000 
490.96799 1.00000 
491.00699 1.00000 
491.52499 1.00000 
492.60999 1.00000 
493.93701 1.00000 
495.40302 1.00000 
496.86899 1.00000 
498.62100 1.00000 
500.92899 1.00000 
502.74701 1.00000 
503.89499 1.00000 
504.40302 1.00000 
505.48401 1.00000 
506.18900 1.00000 
506.25900 1.00000 
506.35901 1.00000 
506.53000 1.00000 
506.37601 1.00000 
505.56500 1.00000 
504.06500 1.00000 
503.39099 1.00000 
501.48099 1.00000 
499.63000 1.00000 
497.80899 1.00000 
496.29099 1.00000 
493.47400 1.00000 
491.78400 1.00000 
491.58301 1.00000 
490.73001 1.00000 
489.64001 1.00000 
489.80200 1.00000 
489.95499 1.00000 
489.77701 1.00000 
490.07001 1.00000 
491.29401 1.00000 
492.92499 1.00000 
494.65900 1.00000 
496.10501 1.00000 
497.93701 1.00000 
500.10400 1.00000 
502.84201 1.00000 
504.52200 1.00000 
505.50699 1.00000 
507.32300 1.00000 
508.47900 1.00000 
509.03500 1.00000 
510.18500 1.00000 
510.32199 1.00000 
509.20001 1.00000 
508.47000 1.00000 
507.93701 1.00000 
507.56299 1.00000 
506.80499 1.00000 
505.65500 1.00000 
504.91000 1.00000 
503.12799 1.00000 
502.55200 1.00000 
501.66400 1.00000 
501.53101 1.00000 
501.19101 1.00000 
501.44400 1.00000 
502.51700 1.00000 
503.19000 1.00000 
503.39801 1.00000 
503.75699 1.00000 
504.51099 1.00000 
505.43500 1.00000 
515.20502 1.00000 
528.79102 1.00000 
530.94299 1.00000 
537.02899 1.00000 
541.78802 1.00000 
542.06702 1.00000 
543.86902 1.00000 
543.83899 1.00000 
543.19202 1.00000 
542.93500 1.00000 
543.16101 1.00000 
542.34302 1.00000 
541.21100 1.00000 
540.48499 1.00000 
539.86603 1.00000 
539.13800 1.00000 
538.65399 1.00000 
537.72498 1.00000 
537.58801 1.00000 
536.47400 1.00000 
536.62598 1.00000 
536.06598 1.00000 
536.49701 1.00000 
536.00098 1.00000 
536.04401 1.00000 
535.75800 1.00000 
535.66699 1.00000 
535.94397 1.00000 
535.54401 1.00000 
535.97302 1.00000 
535.87097 1.00000 
536.66400 1.00000 
536.31201 1.00000 
536.56000 1.00000 
536.34302 1.00000 
536.33197 1.00000 
536.20502 1.00000 
535.18903 1.00000 
534.70801 1.00000 
532.45300 1.00000 
529.28101 1.00000 
529.29700 1.00000 
527.20801 1.00000 
0.00000 0.00000 
0.00000 0.00000 
570.59198 1.00000 
578.38202 1.00000 
584.74597 1.00000 
588.41699 1.00000 
590.87201 1.00000 
593.16901 1.00000 
594.40399 1.00000 
595.06097 1.00000 
595.74799 1.00000 
596.45697 1.00000 
597.47101 1.00000 
598.62097 1.00000 
600.40198 1.00000 
602.72601 1.00000 
604.58600 1.00000 
606.36603 1.00000 
608.66199 1.00000 
611.09100 1.00000 
613.81598 1.00000 
615.76099 1.00000 
616.43597 1.00000 
616.72900 1.00000 
616.22900 1.00000 
616.52002 1.00000 
617.19098 1.00000 
617.46899 1.00000 
618.92401 1.00000 
619.96198 1.00000 
620.02197 1.00000 
619.01202 1.00000 
618.95801 1.00000 
619.97302 1.00000 
621.63702 1.00000 
623.01001 1.00000 
622.67603 1.00000 
621.31799 1.00000 
620.97699 1.00000 
622.33099 1.00000 
624.37201 1.00000 
624.20203 1.00000 
622.74597 1.00000 
621.20801 1.00000 
621.42200 1.00000 
622.05103 1.00000 
623.36798 1.00000 
623.24298 1.00000 
622.02802 1.00000 
621.57501 1.00000 
622.67902 1.00000 
624.46600 1.00000 
624.52899 1.00000 
623.09698 1.00000 
621.83801 1.00000 
621.58002 1.00000 
622.11499 1.00000 
622.44501 1.00000 
621.96301 1.00000 
620.18799 1.00000 
619.48199 1.00000 
618.93701 1.00000 
618.80798 1.00000 
618.50598 1.00000 
618.37097 1.00000 
618.16101 1.00000 
617.46600 1.00000 
617.48102 1.00000 
617.46002 1.00000 
618.06500 1.00000 
618.17401 1.00000 
617.96899 1.00000 
617.33698 1.00000 
616.75500 1.00000 
616.78497 1.00000 
616.77802 1.00000 
616.86200 1.00000 
617.10999 1.00000 
616.94800 1.00000 
616.76099 1.00000 
616.54498 1.00000 
616.21100 1.00000 
616.43597 1.00000 
616.40503 1.00000 
616.42297 1.00000 
615.90698 1.00000 
614.87598 1.00000 
614.72803 1.00000 
615.93201 1.00000 
616.52197 1.00000 
615.33002 1.00000 
613.76202 1.00000 
609.68903 1.00000 
0.00000 0.00000 
0.00000 0.00000 
0.00000 0.00000 
0.00000 0.00000 
0.00000 0.00000 
0.00000 0.00000 
0.00000 0.00000 
500.06900 1.00000 
500.24899 1.00000 
500.99301 1.00000 
500.50400 1.00000 
0.00000 0.00000 
499.53699 1.00000 
498.45901 1.00000 
497.40799 1.00000 
496.68900 1.00000 
495.63101 1.00000 
494.73999 1.00000 
494.17300 1.00000 
494.20901 1.00000 
493.63901 1.00000 
493.50299 1.00000 
495.17099 1.00000 
496.40701 1.00000 
498.38599 1.00000 
499.42001 1.00000 
500.61499 1.00000 
501.88199 1.00000 
503.32001 1.00000 
504.21201 1.00000 
504.72900 1.00000 
505.44699 1.00000 
506.43799 1.00000 
507.21201 1.00000 
507.60199 1.00000 
508.01300 1.00000 
507.79001 1.00000 
507.50201 1.00000 
507.61600 1.00000 
507.48199 1.00000 
507.42599 1.00000 
507.07800 1.00000 
506.76801 1.00000 
506.65399 1.00000 
506.54800 1.00000 
506.43100 1.00000 
506.44800 1.00000 
506.08899 1.00000 
506.16101 1.00000 
505.29001 1.00000 
504.49200 1.00000 
503.55301 1.00000 
495.39700 1.00000 
378.21399 1.00000 
379.17801 1.00000 
379.01300 1.00000 
380.44901 1.00000 
383.68201 1.00000 
387.21301 1.00000 
392.08200 1.00000 
396.56601 1.00000 
398.71799 1.00000 
399.18900 1.00000 
399.55801 1.00000 
399.07700 1.00000 
398.89001 1.00000 
398.28000 1.00000 
397.01300 1.00000 
395.56100 1.00000 
394.36801 1.00000 
393.17499 1.00000 
392.55899 1.00000 
391.77499 1.00000 
391.26999 1.00000 
390.82300 1.00000 
390.31299 1.00000 
390.38800 1.00000 
391.09698 1.00000 
391.74500 1.00000 
391.81400 1.00000 
391.78799 1.00000 
391.86200 1.00000 
392.29001 1.00000 
392.70499 1.00000 
393.09799 1.00000 
393.93301 1.00000 
394.82999 1.00000 
396.28000 1.00000 
397.54300 1.00000 
398.19800 1.00000 
398.42599 1.00000 
398.57901 1.00000 
398.14200 1.00000 
397.40100 1.00000 
396.95901 1.00000 
396.42801 1.00000 
396.29700 1.00000 
396.34601 1.00000 
396.52701 1.00000 
396.82199 1.00000 
396.72400 1.00000 
396.07199 1.00000 
395.46600 1.00000 
394.64499 1.00000 
393.96701 1.00000 
393.27499 1.00000 
392.35999 1.00000 
391.76599 1.00000 
391.51199 1.00000 
391.22900 1.00000 
391.40500 1.00000 
391.73700 1.00000 
391.82599 1.00000 
391.70801 1.00000 
391.63800 1.00000 
391.67700 1.00000 
392.01099 1.00000 
392.53299 1.00000 
393.28799 1.00000 
393.98499 1.00000 
394.80701 1.00000 
395.40201 1.00000 
395.92099 1.00000 
395.78699 1.00000 
395.48099 1.00000 
395.26099 1.00000 
394.84698 1.00000 
395.01901 1.00000 
394.78400 1.00000 
396.54099 1.00000 
397.73801 1.00000 
396.68100 1.00000 
395.35599 1.00000 
393.20001 1.00000 
393.50101 1.00000 
395.07599 1.00000 
392.81299 1.00000 
402.84299 1.00000 
392.82501 1.00000 
398.63000 1.00000 
396.12399 1.00000 
399.20599 1.00000 
398.81500 1.00000 
400.20999 1.00000 
496.02200 1.00000 
496.25201 1.00000 
496.61401 1.00000 
496.63101 1.00000 
496.67001 1.00000 
496.81000 1.00000 
496.83899 1.00000 
496.79401 1.00000 
496.70099 1.00000 
496.79999 1.00000 
496.89099 1.00000 
496.82300 1.00000 
496.95099 1.00000 
497.05600 1.00000 
496.94400 1.00000 
497.08301 1.00000 
496.95200 1.00000 
497.23300 1.00000 
497.01401 1.00000 
497.27200 1.00000 
497.04700 1.00000 
497.30301 1.00000 
497.03000 1.00000 
497.40399 1.00000 
497.14001 1.00000 
497.30200 1.00000 
497.30801 1.00000 
497.56500 1.00000 
497.32101 1.00000 
497.53799 1.00000 
497.47900 1.00000 
497.58301 1.00000 
497.78299 1.00000 
497.78799 1.00000 
497.88501 1.00000 
497.94400 1.00000 
498.03699 1.00000 
497.98599 1.00000 
498.09698 1.00000 
497.99701 1.00000 
497.84399 1.00000 
497.97400 1.00000 
498.10300 1.00000 
502.69800 1.00000 
513.24799 1.00000 
517.85901 1.00000 
519.56000 1.00000 
514.43298 1.00000 
516.64203 1.00000 
0.00000 0.00000 
529.62000 1.00000 
531.46399 1.00000 
532.04199 1.00000 
532.94299 1.00000 
533.31598 1.00000 
532.64099 1.00000 
532.54602 1.00000 
531.97601 1.00000 
530.30499 1.00000 
528.58502 1.00000 
527.09497 1.00000 
525.28003 1.00000 
523.54498 1.00000 
521.90002 1.00000 
520.76599 1.00000 
520.13000 1.00000 
519.23199 1.00000 
519.05701 1.00000 
518.66803 1.00000 
519.50897 1.00000 
520.48700 1.00000 
521.73401 1.00000 
523.38898 1.00000 
524.38501 1.00000 
525.99103 1.00000 
527.84100 1.00000 
529.38098 1.00000 
530.72400 1.00000 
531.49701 1.00000 
532.36499 1.00000 
533.77002 1.00000 
534.17102 1.00000 
534.14502 1.00000 
533.59497 1.00000 
533.23700 1.00000 
533.04303 1.00000 
532.78497 1.00000 
532.65399 1.00000 
532.39502 1.00000 
532.08099 1.00000 
531.60797 1.00000 
531.00000 1.00000 
530.19598 1.00000 
529.13702 1.00000 
528.50598 1.00000 
527.50500 1.00000 
526.30902 1.00000 
525.19897 1.00000 
523.84003 1.00000 
523.28601 1.00000 
523.42102 1.00000 
524.00299 1.00000 
524.74902 1.00000 
525.77197 1.00000 
526.76099 1.00000 
527.64697 1.00000 
528.45898 1.00000 
529.35602 1.00000 
529.94501 1.00000 
530.19501 1.00000 
530.21600 1.00000 
530.16998 1.00000 
530.67200 1.00000 
530.81897 1.00000 
530.84198 1.00000 
531.17297 1.00000 
530.84399 1.00000 
531.00598 1.00000 
531.22998 1.00000 
531.53900 1.00000 
532.69702 1.00000 
534.78900 1.00000 
532.72900 1.00000 
529.60602 1.00000 
530.14899 1.00000 
529.44800 1.00000 
527.41803 1.00000 
526.82703 1.00000 
431.36401 1.00000 
430.26801 1.00000 
429.84100 1.00000 
426.65799 1.00000 
422.08801 1.00000 
430.23199 1.00000 
443.47699 1.00000 
449.09201 1.00000 
446.97400 1.00000 
446.09500 1.00000 
447.11401 1.00000 
447.42899 1.00000 
448.03601 1.00000 
447.02200 1.00000 
445.98401 1.00000 
447.28000 1.00000 
447.02899 1.00000 
446.28400 1.00000 
446.70200 1.00000 
446.27200 1.00000 
446.69601 1.00000 
446.38699 1.00000 
446.02200 1.00000 
446.92300 1.00000 
446.68201 1.00000 
446.35599 1.00000 
446.64999 1.00000 
446.44800 1.00000 
446.81699 1.00000 
446.80099 1.00000 
446.13800 1.00000 
446.66901 1.00000 
446.47501 1.00000 
446.26599 1.00000 
446.34399 1.00000 
446.06601 1.00000 
446.21500 1.00000 
446.12799 1.00000 
446.02600 1.00000 
446.12900 1.00000 
445.71100 1.00000 
445.78601 1.00000 
445.78699 1.00000 
445.18301 1.00000 
445.23599 1.00000 
445.06400 1.00000 
444.51401 1.00000 
444.07199 1.00000 
442.82501 1.00000 
443.23599 1.00000 
442.09399 1.00000 
427.88101 1.00000 
426.92200 1.00000 
444.83801 1.00000 
416.26599 1.00000 
383.63599 1.00000 
389.53900 1.00000 
391.76901 1.00000 
392.55499 1.00000 
392.87900 1.00000 
393.09299 1.00000 
392.82101 1.00000 
391.60300 1.00000 
390.83499 1.00000 
389.96600 1.00000 
389.06000 1.00000 
387.85800 1.00000 
386.74701 1.00000 
385.55600 1.00000 
385.01599 1.00000 
385.21500 1.00000 
385.86801 1.00000 
386.93399 1.00000 
388.03500 1.00000 
388.68399 1.00000 
389.22198 1.00000 
389.54401 1.00000 
390.02301 1.00000 
390.86401 1.00000 
391.80399 1.00000 
392.30600 1.00000 
392.85199 1.00000 
393.41199 1.00000 
393.68100 1.00000 
393.53000 1.00000 
393.89099 1.00000 
394.35101 1.00000 
394.59201 1.00000 
394.72601 1.00000 
394.57599 1.00000 
394.51099 1.00000 
394.20599 1.00000 
393.96201 1.00000 
393.54999 1.00000 
393.12201 1.00000 
392.53900 1.00000 
391.99701 1.00000 
391.47000 1.00000 
390.79599 1.00000 
390.11600 1.00000 
389.47900 1.00000 
388.84500 1.00000 
388.17401 1.00000 
387.79599 1.00000 
387.43799 1.00000 
387.22900 1.00000 
386.84601 1.00000 
386.65399 1.00000 
386.67499 1.00000 
386.34799 1.00000 
386.54001 1.00000 
386.79901 1.00000 
387.10001 1.00000 
387.52899 1.00000 
388.18301 1.00000 
388.90900 1.00000 
389.27399 1.00000 
389.78601 1.00000 
390.67200 1.00000 
391.56299 1.00000 
391.91599 1.00000 
392.35101 1.00000 
392.52100 1.00000 
392.63000 1.00000 
392.25299 1.00000 
392.70200 1.00000 
392.83200 1.00000 
392.46701 1.00000 
391.91901 1.00000 
391.96301 1.00000 
391.55499 1.00000 
391.55899 1.00000 
391.55499 1.00000 
391.12701 1.00000 
390.67999 1.00000 
389.99200 1.00000 
389.48099 1.00000 
388.85001 1.00000 
387.95099 1.00000 
386.25900 1.00000 
384.83099 1.00000 
383.95001 1.00000 
382.30301 1.00000 
379.97198 1.00000 
378.74301 1.00000 
376.58899 1.00000 
375.36600 1.00000 
373.50500 1.00000 
373.22601 1.00000 
374.79800 1.00000 
376.08499 1.00000 
377.16101 1.00000 
377.24301 1.00000 
376.82401 1.00000 
375.84601 1.00000 
375.04001 1.00000 
374.44699 1.00000 
374.59601 1.00000 
374.89801 1.00000 
375.34601 1.00000 
376.03299 1.00000 
375.78601 1.00000 
375.66101 1.00000 
375.34601 1.00000 
374.84900 1.00000 
374.20300 1.00000 
374.25601 1.00000 
374.51501 1.00000 
375.36401 1.00000 
375.36899 1.00000 
375.14099 1.00000 
375.46301 1.00000 
374.88300 1.00000 
375.06799 1.00000 
374.91901 1.00000 
374.85001 1.00000 
374.98199 1.00000 
374.95099 1.00000 
374.77600 1.00000 
375.17401 1.00000 
375.33499 1.00000 
375.42499 1.00000 
375.23999 1.00000 
374.89700 1.00000 
375.07501 1.00000 
374.94101 1.00000 
374.95801 1.00000 
375.37299 1.00000 
375.50299 1.00000 
376.20099 1.00000 
381.28201 1.00000 
386.27701 1.00000 
392.19299 1.00000 
389.10199 1.00000 
386.64700 1.00000 
369.35400 1.00000 
390.64700 1.00000 
394.82001 1.00000 
396.21701 1.00000 
397.24500 1.00000 
399.19800 1.00000 
400.48801 1.00000 
401.60300 1.00000 
401.62100 1.00000 
400.47501 1.00000 
400.19299 1.00000 
399.82999 1.00000 
399.68799 1.00000 
398.93500 1.00000 
398.18600 1.00000 
397.33701 1.00000 
396.85800 1.00000 
395.54800 1.00000 
394.68100 1.00000 
393.50800 1.00000 
392.87900 1.00000 
391.95099 1.00000 
391.05499 1.00000 
390.44699 1.00000 
390.43799 1.00000 
390.93100 1.00000 
390.39301 1.00000 
390.44601 1.00000 
390.34601 1.00000 
391.88101 1.00000 
393.19101 1.00000 
394.29901 1.00000 
395.00500 1.00000 
396.65601 1.00000 
397.99399 1.00000 
399.11700 1.00000 
400.21201 1.00000 
400.46301 1.00000 
400.25500 1.00000 
400.38000 1.00000 
400.39899 1.00000 
399.90799 1.00000 
399.59900 1.00000 
399.54901 1.00000 
399.38599 1.00000 
399.21500 1.00000 
398.58301 1.00000 
398.03500 1.00000 
397.51999 1.00000 
396.95001 1.00000 
396.53400 1.00000 
395.64401 1.00000 
394.89899 1.00000 
393.91400 1.00000 
393.15100 1.00000 
392.51700 1.00000 
391.72699 1.00000 
391.00500 1.00000 
390.71701 1.00000 
390.89301 1.00000 
390.83801 1.00000 
390.74100 1.00000 
390.82599 1.00000 
391.52499 1.00000 
392.28400 1.00000 
393.07001 1.00000 
393.79700 1.00000 
394.81400 1.00000 
395.98199 1.00000 
396.63199 1.00000 
397.77802 1.00000 
398.55801 1.00000 
399.46100 1.00000 
399.22000 1.00000 
399.29901 1.00000 
399.18799 1.00000 
399.17200 1.00000 
398.64801 1.00000 
398.67001 1.00000 
397.90701 1.00000 
397.43399 1.00000 
397.44101 1.00000 
397.52701 1.00000 
397.01199 1.00000 
396.76401 1.00000 
396.16299 1.00000 
395.73401 1.00000 
395.19101 1.00000 
394.60599 1.00000 
393.88101 1.00000 
393.18600 1.00000 
392.58401 1.00000 
391.68799 1.00000 
391.37601 1.00000 
391.32599 1.00000 
391.09100 1.00000 
391.02100 1.00000 
391.01999 1.00000 
391.38199 1.00000 
391.76999 1.00000 
392.20099 1.00000 
392.92499 1.00000 
393.50601 1.00000 
394.34698 1.00000 
395.49200 1.00000 
396.46201 1.00000 
397.06201 1.00000 
397.88000 1.00000 
398.16599 1.00000 
398.10699 1.00000 
398.18900 1.00000 
398.24701 1.00000 
398.28799 1.00000 
398.28500 1.00000 
398.50601 1.00000 
398.03101 1.00000 
397.84100 1.00000 
397.75500 1.00000 
397.69400 1.00000 
397.42599 1.00000 
397.04700 1.00000 
396.65500 1.00000 
396.19699 1.00000 
395.97800 1.00000 
395.38599 1.00000 
395.01401 1.00000 
394.30801 1.00000 
393.65100 1.00000 
392.84399 1.00000 
392.05801 1.00000 
391.58499 1.00000 
391.04901 1.00000 
390.85199 1.00000 
390.81900 1.00000 
391.14999 1.00000 
391.73801 1.00000 
391.71500 1.00000 
392.44199 1.00000 
393.00900 1.00000 
393.42599 1.00000 
394.12100 1.00000 
394.89899 1.00000 
395.58899 1.00000 
396.31299 1.00000 
397.12799 1.00000 
397.47101 1.00000 
397.67300 1.00000 
398.09000 1.00000 
398.15302 1.00000 
398.01199 1.00000 
398.01401 1.00000 
397.78299 1.00000 
397.74100 1.00000 
397.23901 1.00000 
397.05801 1.00000 
396.87399 1.00000 
396.67401 1.00000 
396.22198 1.00000 
395.80899 1.00000 
395.36700 1.00000 
394.76999 1.00000 
394.29501 1.00000 
393.73499 1.00000 
393.10199 1.00000 
392.39099 1.00000 
391.81100 1.00000 
391.46701 1.00000 
391.32300 1.00000 
391.19101 1.00000 
391.38699 1.00000 
391.45401 1.00000 
391.13300 1.00000 
391.51199 1.00000 
391.83701 1.00000 
392.19000 1.00000 
392.62000 1.00000 
392.79099 1.00000 
393.09399 1.00000 
393.32800 1.00000 
393.37701 1.00000 
393.50500 1.00000 
393.62299 1.00000 
393.44699 1.00000 
393.27301 1.00000 
393.92700 1.00000 
393.82501 1.00000 
394.58099 1.00000 
395.01901 1.00000 
395.46899 1.00000 
395.85699 1.00000 
395.11899 1.00000 
396.51001 1.00000 
396.26700 1.00000 
396.01599 1.00000 
395.19800 1.00000 
393.31201 1.00000 
391.00201 1.00000 
391.89999 1.00000 
393.00400 1.00000 
394.19000 1.00000 
394.86401 1.00000 
395.81900 1.00000 
396.86301 1.00000 
397.74100 1.00000 
394.52301 1.00000 
393.19101 1.00000 
397.03201 1.00000 
399.25101 1.00000 
399.07401 1.00000 
397.76099 1.00000 
394.34100 1.00000 
395.61801 1.00000 
397.32501 1.00000 
405.17401 1.00000 
393.41400 1.00000 
392.12399 1.00000 
395.38599 1.00000 
399.94199 1.00000 
405.87299 1.00000 
400.64200 1.00000 
400.93799 1.00000 
406.68500 1.00000 
399.85800 1.00000 
400.67401 1.00000 
398.73300 1.00000 
400.00000 1.00000 
396.63599 1.00000 
393.46201 1.00000 
395.93100 1.00000 
395.21799 1.00000 
0.00000 0.00000 
0.00000 0.00000 
0.00000 0.00000 
0.00000 0.00000 
481.04800 1.00000 
492.17999 1.00000 
493.94501 1.00000 
495.67801 1.00000 
498.22000 1.00000 
499.92001 1.00000 
500.19901 1.00000 
500.49200 1.00000 
500.60199 1.00000 
500.51401 1.00000 
500.78201 1.00000 
500.78101 1.00000 
500.82401 1.00000 
500.73801 1.00000 
500.70499 1.00000 
500.33301 1.00000 
500.69501 1.00000 
500.35199 1.00000 
500.68701 1.00000 
500.51099 1.00000 
500.94000 1.00000 
500.68500 1.00000 
500.93900 1.00000 
500.91901 1.00000 
501.20999 1.00000 
501.17300 1.00000 
501.01599 1.00000 
501.01599 1.00000 
500.93201 1.00000 
500.69000 1.00000 
500.61600 1.00000 
500.70401 1.00000 
501.23001 1.00000 
500.81699 1.00000 
500.86700 1.00000 
500.83200 1.00000 
500.53201 1.00000 
499.13000 1.00000 
495.41599 1.00000 
495.17300 1.00000 
496.19601 1.00000 
0.00000 0.00000 
0.00000 0.00000 
0.00000 0.00000 
0.00000 0.00000 
0.00000 0.00000 
0.00000 0.00000 
521.82800 1.00000 
527.89398 1.00000 
530.03400 1.00000 
531.73401 1.00000 
533.09399 1.00000 
534.60999 1.00000 
535.22998 1.00000 
535.12701 1.00000 
535.43103 1.00000 
535.12799 1.00000 
534.64001 1.00000 
533.72998 1.00000 
532.37299 1.00000 
530.91199 1.00000 
529.47498 1.00000 
528.26703 1.00000 
526.97900 1.00000 
525.38599 1.00000 
524.17902 1.00000 
523.31299 1.00000 
522.79102 1.00000 
522.40900 1.00000 
522.58398 1.00000 
522.73999 1.00000 
523.35699 1.00000 
523.90198 1.00000 
524.67102 1.00000 
525.45203 1.00000 
526.76898 1.00000 
528.61603 1.00000 
530.58398 1.00000 
532.07300 1.00000 
533.89301 1.00000 
535.85400 1.00000 
536.72900 1.00000 
535.64301 1.00000 
534.77502 1.00000 
534.55103 1.00000 
535.10400 1.00000 
535.85303 1.00000 
536.93298 1.00000 
537.54401 1.00000 
536.61700 1.00000 
535.18298 1.00000 
533.76898 1.00000 
532.13800 1.00000 
530.76300 1.00000 
529.86401 1.00000 
529.21002 1.00000 
528.57501 1.00000 
527.51599 1.00000 
526.80798 1.00000 
526.35400 1.00000 
525.95398 1.00000 
525.50800 1.00000 
525.20001 1.00000 
525.29303 1.00000 
525.75897 1.00000 
526.14801 1.00000 
526.55402 1.00000 
526.95001 1.00000 
527.69202 1.00000 
528.22498 1.00000 
529.09003 1.00000 
530.22400 1.00000 
531.65302 1.00000 
533.23499 1.00000 
534.51099 1.00000 
534.55603 1.00000 
534.18298 1.00000 
534.11499 1.00000 
534.53101 1.00000 
535.36102 1.00000 
536.63702 1.00000 
537.86200 1.00000 
538.31097 1.00000 
537.15601 1.00000 
535.75201 1.00000 
535.25500 1.00000 
534.92401 1.00000 
534.78400 1.00000 
534.10303 1.00000 
533.20801 1.00000 
532.34998 1.00000 
531.36200 1.00000 
530.89600 1.00000 
531.02301 1.00000 
530.52197 1.00000 
528.90198 1.00000 
525.16602 1.00000 
509.54800 1.00000 
0.00000 0.00000 
0.00000 0.00000 
0.00000 0.00000 
0.00000 0.00000 
0.00000 0.00000 
0.00000 0.00000 
0.00000 0.00000 
426.75699 1.00000 
437.81299 1.00000 
438.24600 1.00000 
439.70901 1.00000 
442.50699 1.00000 
442.43399 1.00000 
442.07800 1.00000 
442.48199 1.00000 
442.37601 1.00000 
442.57001 1.00000 
442.50800 1.00000 
442.18100 1.00000 
442.64700 1.00000 
442.42300 1.00000 
442.46799 1.00000 
442.31500 1.00000 
442.17801 1.00000 
442.47900 1.00000 
442.26700 1.00000 
442.11801 1.00000 
442.10800 1.00000 
442.18100 1.00000 
442.39600 1.00000 
442.46500 1.00000 
442.20099 1.00000 
442.10901 1.00000 
442.29001 1.00000 
442.33200 1.00000 
442.14401 1.00000 
442.55099 1.00000 
442.63501 1.00000 
442.62100 1.00000 
442.62701 1.00000 
442.43100 1.00000 
442.45001 1.00000 
442.37201 1.00000 
442.50500 1.00000 
442.30801 1.00000 
442.28601 1.00000 
441.96301 1.00000 
439.37799 1.00000 
440.75400 1.00000 
441.69901 1.00000 
442.02499 1.00000 
443.38699 1.00000 
295.30499 1.00000 
294.29501 1.00000 
293.81000 1.00000 
292.60699 1.00000 
293.16800 1.00000 
292.58499 1.00000 
440.64801 1.00000 
439.19699 1.00000 
440.14499 1.00000 
439.15601 1.00000 
440.19400 1.00000 
439.20099 1.00000 
439.21799 1.00000 
439.94601 1.00000 
440.58701 1.00000 
439.69699 1.00000 
439.13300 1.00000 
439.91000 1.00000 
440.89001 1.00000 
441.38800 1.00000 
440.85699 1.00000 
441.43500 1.00000 
442.44101 1.00000 
442.46100 1.00000 
442.45700 1.00000 
442.40302 1.00000 
442.37601 1.00000 
442.23999 1.00000 
442.08200 1.00000 
441.95499 1.00000 
442.06601 1.00000 
442.20401 1.00000 
442.32501 1.00000 
442.33099 1.00000 
442.31201 1.00000 
442.29001 1.00000 
442.21301 1.00000 
442.20499 1.00000 
442.28299 1.00000 
442.34399 1.00000 
442.16000 1.00000 
442.17401 1.00000 
442.20901 1.00000 
442.27399 1.00000 
442.34799 1.00000 
442.29001 1.00000 
442.31799 1.00000 
442.43900 1.00000 
442.22501 1.00000 
442.26599 1.00000 
442.23001 1.00000 
442.16901 1.00000 
442.25500 1.00000 
442.13699 1.00000 
442.36099 1.00000 
442.05301 1.00000 
442.07101 1.00000 
442.07300 1.00000 
442.15302 1.00000 
442.08099 1.00000 
442.02499 1.00000 
442.05701 1.00000 
441.87100 1.00000 
442.04099 1.00000 
441.96600 1.00000 
441.89499 1.00000 
441.79001 1.00000 
441.78000 1.00000 
441.71301 1.00000 
441.77200 1.00000 
441.59399 1.00000 
442.05301 1.00000 
442.13599 1.00000 
442.07001 1.00000 
442.13501 1.00000 
442.14301 1.00000 
442.40201 1.00000 
442.25500 1.00000 
442.40201 1.00000 
442.24899 1.00000 
442.34000 1.00000 
442.39600 1.00000 
442.44901 1.00000 
442.50800 1.00000 
442.46701 1.00000 
442.58099 1.00000 
442.72900 1.00000 
443.33200 1.00000 
429.79199 1.00000 
443.59601 1.00000 
443.76999 1.00000 
443.95499 1.00000 
0.00000 0.00000 
0.00000 0.00000 
592.12299 1.00000 
591.37500 1.00000 
592.16602 1.00000 
592.91699 1.00000 
593.21399 1.00000 
593.63202 1.00000 
593.59302 1.00000 
593.17499 1.00000 
593.15399 1.00000 
593.06299 1.00000 
593.45398 1.00000 
593.77502 1.00000 
593.92297 1.00000 
594.14099 1.00000 
594.01501 1.00000 
593.80499 1.00000 
593.73901 1.00000 
594.11401 1.00000 
593.57800 1.00000 
593.29901 1.00000 
592.95697 1.00000 
592.03003 1.00000 
591.68597 1.00000 
590.84399 1.00000 
590.21600 1.00000 
589.65698 1.00000 
589.11401 1.00000 
589.53400 1.00000 
587.03003 1.00000 
585.59601 1.00000 
576.28601 1.00000 
565.34399 1.00000 
541.34601 1.00000 
535.29602 1.00000 
534.52502 1.00000 
534.58698 1.00000 
534.66302 1.00000 
535.50098 1.00000 
535.44800 1.00000 
536.01099 1.00000 
535.56000 1.00000 
535.30701 1.00000 
535.69202 1.00000 
535.93799 1.00000 
536.78003 1.00000 
536.69299 1.00000 
537.26703 1.00000 
536.67999 1.00000 
536.22699 1.00000 
531.83197 1.00000 
527.83600 1.00000 
528.49103 1.00000 
536.27899 1.00000 
521.83002 1.00000 
518.29303 1.00000 
520.11298 1.00000 
515.86700 1.00000 
511.15799 1.00000 
508.47400 1.00000 
508.95599 1.00000 
509.71799 1.00000 
508.33499 1.00000 
508.52399 1.00000 
508.95099 1.00000 
509.36200 1.00000 
509.92300 1.00000 
510.05399 1.00000 
509.95099 1.00000 
509.95200 1.00000 
509.64200 1.00000 
509.50400 1.00000 
508.74301 1.00000 
507.82599 1.00000 
507.12500 1.00000 
506.13901 1.00000 
505.24200 1.00000 
503.65500 1.00000 
502.23199 1.00000 
500.85101 1.00000 
499.20401 1.00000 
497.99100 1.00000 
496.94601 1.00000 
496.01801 1.00000 
495.47699 1.00000 
495.21399 1.00000 
495.69800 1.00000 
496.37799 1.00000 
497.14001 1.00000 
498.13800 1.00000 
498.92401 1.00000 
499.85400 1.00000 
501.16699 1.00000 
502.90302 1.00000 
504.80801 1.00000 
506.43399 1.00000 
506.65201 1.00000 
507.79599 1.00000 
508.85699 1.00000 
509.67401 1.00000 
509.78000 1.00000 
509.36801 1.00000 
509.18900 1.00000 
509.11301 1.00000 
508.82300 1.00000 
508.32901 1.00000 
507.29901 1.00000 
505.85199 1.00000 
503.71600 1.00000 
502.29700 1.00000 
501.79599 1.00000 
501.09100 1.00000 
500.14301 1.00000 
499.90100 1.00000 
499.96100 1.00000 
499.76501 1.00000 
499.53201 1.00000 
499.94601 1.00000 
500.21899 1.00000 
500.68900 1.00000 
500.97601 1.00000 
501.10101 1.00000 
501.20901 1.00000 
501.53699 1.00000 
501.38800 1.00000 
501.44601 1.00000 
502.05301 1.00000 
502.41101 1.00000 
504.32300 1.00000 
504.41400 1.00000 
505.31799 1.00000 
505.68201 1.00000 
505.06100 1.00000 
504.72501 1.00000 
502.94400 1.00000 
502.00101 1.00000 
502.03799 1.00000 
501.47800 1.00000 
502.52301 1.00000 
504.04901 1.00000 
505.87799 1.00000 
506.73999 1.00000 
508.08301 1.00000 
509.51001 1.00000 
0.00000 0.00000 
0.00000 0.00000 
0.00000 0.00000 
0.00000 0.00000 
0.00000 0.00000 
0.00000 0.00000 
0.00000 0.00000 
395.17300 1.00000 
397.95099 1.00000 
397.94400 1.00000 
399.23700 1.00000 
399.81100 1.00000 
400.16101 1.00000 
400.63000 1.00000 
400.95599 1.00000 
400.73099 1.00000 
400.83401 1.00000 
400.61301 1.00000 
400.60199 1.00000 
400.40399 1.00000 
400.35699 1.00000 
400.30200 1.00000 
400.21201 1.00000 
400.13800 1.00000 
400.06100 1.00000 
399.92801 1.00000 
399.86200 1.00000 
399.82901 1.00000 
399.70099 1.00000 
399.68201 1.00000 
399.64001 1.00000 
399.51999 1.00000 
399.56201 1.00000 
399.62900 1.00000 
399.49399 1.00000 
399.51300 1.00000 
399.53601 1.00000 
399.53101 1.00000 
399.55899 1.00000 
399.60999 1.00000 
399.60999 1.00000 
399.62601 1.00000 
399.71201 1.00000 
399.77301 1.00000 
399.83401 1.00000 
399.81699 1.00000 
399.76401 1.00000 
399.76801 1.00000 
399.74500 1.00000 
399.37900 1.00000 
398.87201 1.00000 
399.12100 1.00000 
398.88599 1.00000 
397.18799 1.00000 
395.81201 1.00000 
395.56601 1.00000 
395.54901 1.00000 
394.57401 1.00000 
394.63699 1.00000 
394.35800 1.00000 
394.23499 1.00000 
393.99301 1.00000 
393.52802 1.00000 
392.68701 1.00000 
391.95999 1.00000 
390.80099 1.00000 
390.19000 1.00000 
389.04700 1.00000 
388.45801 1.00000 
388.07901 1.00000 
388.37601 1.00000 
389.14200 1.00000 
389.71701 1.00000 
390.55301 1.00000 
391.45401 1.00000 
392.62701 1.00000 
394.21600 1.00000 
395.69501 1.00000 
396.94101 1.00000 
397.97501 1.00000 
398.23801 1.00000 
398.06799 1.00000 
397.84900 1.00000 
397.54501 1.00000 
397.57401 1.00000 
397.84601 1.00000 
397.83899 1.00000 
397.87399 1.00000 
397.64401 1.00000 
397.36200 1.00000 
396.95999 1.00000 
396.08401 1.00000 
395.44800 1.00000 
394.90201 1.00000 
394.14600 1.00000 
393.82999 1.00000 
393.23901 1.00000 
392.98801 1.00000 
392.40701 1.00000 
391.80399 1.00000 
391.40302 1.00000 
390.97299 1.00000 
390.72000 1.00000 
390.23300 1.00000 
390.00101 1.00000 
389.95401 1.00000 
390.51501 1.00000 
390.91101 1.00000 
391.18500 1.00000 
391.91400 1.00000 
392.92200 1.00000 
393.86600 1.00000 
394.84601 1.00000 
395.68500 1.00000 
396.70401 1.00000 
397.46600 1.00000 
398.09000 1.00000 
398.64801 1.00000 
398.96399 1.00000 
398.73199 1.00000 
398.67801 1.00000 
398.58600 1.00000 
398.04401 1.00000 
398.10901 1.00000 
397.85199 1.00000 
397.67999 1.00000 
397.59000 1.00000 
397.76199 1.00000 
397.83499 1.00000 
397.82501 1.00000 
397.76801 1.00000 
397.68500 1.00000 
397.62900 1.00000 
397.42200 1.00000 
397.16199 1.00000 
397.28400 1.00000 
397.14099 1.00000 
397.36099 1.00000 
397.36401 1.00000 
397.41901 1.00000 
397.37399 1.00000 
397.72000 1.00000 
397.33301 1.00000 
398.02899 1.00000 
397.60699 1.00000 
397.76001 1.00000 
397.63400 1.00000 
397.10001 1.00000 
396.89499 1.00000 
396.07501 1.00000 
396.37500 1.00000 
400.26801 1.00000 
401.63000 1.00000 
397.47400 1.00000 
396.62500 1.00000 
397.39600 1.00000 
398.42700 1.00000 
398.80701 1.00000 
398.56000 1.00000 
398.50101 1.00000 
398.24799 1.00000 
398.73901 1.00000 
399.13101 1.00000 
399.61700 1.00000 
399.67899 1.00000 
399.54999 1.00000 
399.25699 1.00000 
399.12900 1.00000 
398.66101 1.00000 
398.13599 1.00000 
397.66000 1.00000 
397.36099 1.00000 
397.30099 1.00000 
396.68900 1.00000 
397.24399 1.00000 
398.13901 1.00000 
398.70499 1.00000 
398.44901 1.00000 
400.16599 1.00000 
400.33600 1.00000 
394.67599 1.00000 
391.13699 1.00000 
388.39999 1.00000 
386.59799 1.00000 
385.48001 1.00000 
384.55099 1.00000 
383.11600 1.00000 
381.16901 1.00000 
378.68500 1.00000 
379.35999 1.00000 
379.63300 1.00000 
380.24701 1.00000 
380.97400 1.00000 
381.42499 1.00000 
380.71301 1.00000 
380.13400 1.00000 
379.49799 1.00000 
378.25101 1.00000 
377.08200 1.00000 
375.88199 1.00000 
375.19101 1.00000 
374.66101 1.00000 
375.04800 1.00000 
375.44699 1.00000 
374.52802 1.00000 
368.99500 1.00000 
310.42001 1.00000 
359.97601 1.00000 
380.85400 1.00000 
372.03799 1.00000 
376.56799 1.00000 
340.32401 1.00000 
335.99899 1.00000 
336.76001 1.00000 
339.78699 1.00000 
340.87701 1.00000 
339.48099 1.00000 
339.83701 1.00000 
340.96100 1.00000 
341.51300 1.00000 
340.98001 1.00000 
341.03299 1.00000 
340.16400 1.00000 
338.65900 1.00000 
337.35599 1.00000 
336.05301 1.00000 
334.52600 1.00000 
333.59000 1.00000 
333.22299 1.00000 
332.84900 1.00000 
333.28201 1.00000 
333.58301 1.00000 
334.33899 1.00000 
335.14600 1.00000 
336.11801 1.00000 
336.59500 1.00000 
336.78799 1.00000 
337.56900 1.00000 
338.36700 1.00000 
338.32599 1.00000 
338.69601 1.00000 
339.11700 1.00000 
339.43701 1.00000 
339.79501 1.00000 
340.41199 1.00000 
340.53601 1.00000 
340.75000 1.00000 
341.05899 1.00000 
341.57199 1.00000 
341.36801 1.00000 
341.38800 1.00000 
341.11301 1.00000 
340.69901 1.00000 
339.58301 1.00000 
338.58099 1.00000 
337.40399 1.00000 
336.61200 1.00000 
336.68399 1.00000 
336.67300 1.00000 
336.35101 1.00000 
335.88901 1.00000 
335.42700 1.00000 
334.96500 1.00000 
335.04901 1.00000 
334.82999 1.00000 
334.48401 1.00000 
334.48001 1.00000 
334.60501 1.00000 
334.80200 1.00000 
335.03201 1.00000 
335.60199 1.00000 
335.83401 1.00000 
335.99799 1.00000 
336.63501 1.00000 
337.41599 1.00000 
337.92499 1.00000 
338.34601 1.00000 
339.18399 1.00000 
339.26300 1.00000 
339.35699 1.00000 
339.74301 1.00000 
339.77600 1.00000 
340.00699 1.00000 
340.62500 1.00000 
340.65900 1.00000 
340.60999 1.00000 
340.95901 1.00000 
340.38599 1.00000 
339.63400 1.00000 
339.43399 1.00000 
339.09698 1.00000 
338.57901 1.00000 
338.51501 1.00000 
338.48599 1.00000 
338.18301 1.00000 
337.28000 1.00000 
337.10599 1.00000 
335.94699 1.00000 
335.50601 1.00000 
334.40799 1.00000 
333.71899 1.00000 
332.29501 1.00000 
332.80399 1.00000 
333.05200 1.00000 
335.01700 1.00000 
329.70700 1.00000 
326.68701 1.00000 
323.98801 1.00000 
325.44501 1.00000 
331.63199 1.00000 
331.19101 1.00000 
332.32001 1.00000 
333.36401 1.00000 
334.20001 1.00000 
334.18500 1.00000 
334.53299 1.00000 
335.14401 1.00000 
335.24100 1.00000 
335.39001 1.00000 
335.64200 1.00000 
335.74600 1.00000 
335.73099 1.00000 
336.06900 1.00000 
336.13400 1.00000 
336.43100 1.00000 
336.63199 1.00000 
336.97501 1.00000 
337.14099 1.00000 
337.17300 1.00000 
337.03500 1.00000 
337.21701 1.00000 
337.51300 1.00000 
337.39301 1.00000 
337.59900 1.00000 
337.93201 1.00000 
338.00101 1.00000 
338.01501 1.00000 
337.96899 1.00000 
337.99200 1.00000 
337.53699 1.00000 
337.49799 1.00000 
337.89700 1.00000 
337.95599 1.00000 
337.69101 1.00000 
337.91800 1.00000 
338.19299 1.00000 
338.91400 1.00000 
339.07999 1.00000 
346.81299 1.00000 
360.80701 1.00000 
350.79300 1.00000 
350.28201 1.00000 
353.61600 1.00000 
367.89899 1.00000 
0.00000 0.00000 
0.00000 0.00000 
0.00000 0.00000 
424.35699 1.00000 
446.36301 1.00000 
445.92001 1.00000 
450.37100 1.00000 
454.44601 1.00000 
451.44800 1.00000 
455.06601 1.00000 
452.08301 1.00000 
452.42001 1.00000 
450.20901 1.00000 
449.62701 1.00000 
448.99899 1.00000 
447.34399 1.00000 
446.88000 1.00000 
445.91400 1.00000 
445.00500 1.00000 
443.88101 1.00000 
443.60800 1.00000 
443.91699 1.00000 
444.49799 1.00000 
444.27301 1.00000 
444.57001 1.00000 
445.14301 1.00000 
446.07401 1.00000 
446.80801 1.00000 
447.41400 1.00000 
448.34698 1.00000 
449.17801 1.00000 
450.76901 1.00000 
451.79901 1.00000 
452.88101 1.00000 
453.38901 1.00000 
454.01199 1.00000 
454.17801 1.00000 
454.49899 1.00000 
454.94199 1.00000 
454.97101 1.00000 
455.12701 1.00000 
454.55801 1.00000 
454.23901 1.00000 
453.54599 1.00000 
453.18500 1.00000 
452.26001 1.00000 
450.99500 1.00000 
449.50000 1.00000 
448.17001 1.00000 
446.96799 1.00000 
445.87299 1.00000 
445.16599 1.00000 
444.11899 1.00000 
443.41199 1.00000 
443.17999 1.00000 
443.54501 1.00000 
443.81799 1.00000 
443.32199 1.00000 
443.85400 1.00000 
444.05899 1.00000 
444.83600 1.00000 
445.34698 1.00000 
446.04099 1.00000 
446.82800 1.00000 
447.46201 1.00000 
448.22000 1.00000 
449.10400 1.00000 
449.69800 1.00000 
450.37399 1.00000 
450.02701 1.00000 
450.61200 1.00000 
451.22000 1.00000 
451.33899 1.00000 
451.53601 1.00000 
452.03699 1.00000 
452.29199 1.00000 
452.17599 1.00000 
451.76599 1.00000 
451.99799 1.00000 
451.69000 1.00000 
451.05200 1.00000 
450.91800 1.00000 
450.69400 1.00000 
449.92099 1.00000 
449.48999 1.00000 
448.95401 1.00000 
448.71799 1.00000 
449.14499 1.00000 
448.90799 1.00000 
448.69199 1.00000 
447.48700 1.00000 
447.89200 1.00000 
439.08099 1.00000 
435.77301 1.00000 
441.45999 1.00000 
443.49899 1.00000 
446.20401 1.00000 
448.76401 1.00000 
450.29001 1.00000 
450.04999 1.00000 
448.66599 1.00000 
449.57101 1.00000 
450.38699 1.00000 
450.04199 1.00000 
449.34100 1.00000 
450.10901 1.00000 
450.42099 1.00000 
449.38400 1.00000 
449.36099 1.00000 
449.76199 1.00000 
449.89499 1.00000 
449.47400 1.00000 
449.54099 1.00000 
449.59000 1.00000 
448.90100 1.00000 
447.79199 1.00000 
447.40601 1.00000 
446.64401 1.00000 
444.89401 1.00000 
445.27899 1.00000 
446.93600 1.00000 
445.33099 1.00000 
426.96399 1.00000 
409.67001 1.00000 
401.62701 1.00000 
399.50800 1.00000 
399.15900 1.00000 
399.81601 1.00000 
399.23199 1.00000 
400.54501 1.00000 
399.49399 1.00000 
399.65900 1.00000 
399.18799 1.00000 
398.96799 1.00000 
398.84299 1.00000 
398.61499 1.00000 
399.03500 1.00000 
398.72000 1.00000 
398.84299 1.00000 
399.15799 1.00000 
399.10199 1.00000 
398.92099 1.00000 
399.03799 1.00000 
398.95801 1.00000 
398.62601 1.00000 
397.44800 1.00000 
394.81299 1.00000 
390.51801 1.00000 
389.68500 1.00000 
387.27899 1.00000 
384.87201 1.00000 
386.99200 1.00000 
390.68701 1.00000 
359.58899 1.00000 
382.53799 1.00000 
377.20599 1.00000 
378.59399 1.00000 
379.44800 1.00000 
378.70901 1.00000 
377.57800 1.00000 
377.82901 1.00000 
377.92401 1.00000 
378.42401 1.00000 
378.35001 1.00000 
378.18701 1.00000 
378.31299 1.00000 
377.80701 1.00000 
377.42099 1.00000 
376.56299 1.00000 
375.82300 1.00000 
375.03400 1.00000 
373.69199 1.00000 
373.35101 1.00000 
371.75500 1.00000 
370.60599 1.00000 
370.81100 1.00000 
371.18201 1.00000 
370.21799 1.00000 
370.03699 1.00000 
369.91599 1.00000 
370.59698 1.00000 
371.01901 1.00000 
371.72501 1.00000 
372.62201 1.00000 
373.22198 1.00000 
373.57901 1.00000 
373.89200 1.00000 
374.19601 1.00000 
374.95401 1.00000 
374.85800 1.00000 
375.65900 1.00000 
376.29800 1.00000 
376.95599 1.00000 
377.15701 1.00000 
376.82700 1.00000 
376.14600 1.00000 
375.70801 1.00000 
375.20901 1.00000 
374.93900 1.00000 
374.60001 1.00000 
374.30499 1.00000 
374.42599 1.00000 
374.35599 1.00000 
374.73700 1.00000 
375.05301 1.00000 
375.37799 1.00000 
375.51199 1.00000 
375.39899 1.00000 
375.60999 1.00000 
375.69299 1.00000 
375.34601 1.00000 
375.20700 1.00000 
375.43799 1.00000 
374.96600 1.00000 
375.12000 1.00000 
375.37701 1.00000 
375.53900 1.00000 
375.65799 1.00000 
375.79599 1.00000 
375.67999 1.00000 
375.70200 1.00000 
375.48999 1.00000 
375.01001 1.00000 
374.32001 1.00000 
373.90302 1.00000 
374.07101 1.00000 
374.04800 1.00000 
374.12299 1.00000 
374.32300 1.00000 
374.16400 1.00000 
374.13101 1.00000 
374.15302 1.00000 
373.63800 1.00000 
373.12601 1.00000 
372.71100 1.00000 
372.42401 1.00000 
372.46201 1.00000 
372.46899 1.00000 
372.08200 1.00000 
371.54501 1.00000 
371.18900 1.00000 
370.91101 1.00000 
369.53000 1.00000 
367.49500 1.00000 
362.07300 1.00000 
351.96799 1.00000 
347.33200 1.00000 
352.92700 1.00000 
361.14401 1.00000 
362.60400 1.00000 
379.37000 1.00000 
380.19299 1.00000 
351.67700 1.00000 
327.45401 1.00000 
325.22699 1.00000 
328.19699 1.00000 
330.64200 1.00000 
331.81699 1.00000 
333.07101 1.00000 
332.27399 1.00000 
331.76401 1.00000 
331.77499 1.00000 
331.48599 1.00000 
331.34399 1.00000 
331.12701 1.00000 
330.57401 1.00000 
330.86301 1.00000 
331.51001 1.00000 
331.34399 1.00000 
331.50000 1.00000 
331.95999 1.00000 
332.19699 1.00000 
332.45700 1.00000 
332.75201 1.00000 
333.24799 1.00000 
333.38699 1.00000 
333.64301 1.00000 
334.04501 1.00000 
334.43301 1.00000 
334.49701 1.00000 
334.84900 1.00000 
335.10699 1.00000 
335.58801 1.00000 
335.72900 1.00000 
335.89401 1.00000 
335.90500 1.00000 
335.77399 1.00000 
335.67300 1.00000 
335.53000 1.00000 
335.42401 1.00000 
335.30099 1.00000 
335.19800 1.00000 
335.12399 1.00000 
334.82501 1.00000 
334.53500 1.00000 
334.42599 1.00000 
334.34500 1.00000 
334.15701 1.00000 
333.82901 1.00000 
334.02200 1.00000 
333.57999 1.00000 
333.18799 1.00000 
333.44800 1.00000 
333.70401 1.00000 
333.07599 1.00000 
332.01199 1.00000 
328.74399 1.00000 
335.09299 1.00000 
336.78400 1.00000 
336.54599 1.00000 
328.90100 1.00000 
309.88501 1.00000 
297.79199 1.00000 
290.87399 1.00000 
292.68500 1.00000 
293.89899 1.00000 
293.56601 1.00000 
293.40201 1.00000 
293.39099 1.00000 
293.90601 1.00000 
293.59201 1.00000 
293.35999 1.00000 
293.01099 1.00000 
292.96100 1.00000 
292.95200 1.00000 
292.86200 1.00000 
292.22900 1.00000 
292.44400 1.00000 
292.52701 1.00000 
293.01401 1.00000 
293.23199 1.00000 
292.84900 1.00000 
292.95901 1.00000 
293.60001 1.00000 
293.73700 1.00000 
293.35800 1.00000 
293.92899 1.00000 
293.85501 1.00000 
293.64301 1.00000 
293.79901 1.00000 
293.84601 1.00000 
293.45099 1.00000 
293.84500 1.00000 
294.08200 1.00000 
294.05301 1.00000 
293.94901 1.00000 
293.96399 1.00000 
294.25299 1.00000 
294.35400 1.00000 
294.21600 1.00000 
294.09100 1.00000 
294.26700 1.00000 
294.32199 1.00000 
294.20700 1.00000 
294.06601 1.00000 
294.15701 1.00000 
294.26999 1.00000 
294.17001 1.00000 
294.25000 1.00000 
294.22699 1.00000 
294.16901 1.00000 
294.20200 1.00000 
294.24100 1.00000 
294.17700 1.00000 
294.19000 1.00000 
294.19699 1.00000 
294.17200 1.00000 
294.03900 1.00000 
293.94400 1.00000 
294.22101 1.00000 
294.22501 1.00000 
294.06799 1.00000 
293.84399 1.00000 
293.94901 1.00000 
294.17200 1.00000 
294.13501 1.00000 
294.33499 1.00000 
294.34399 1.00000 
294.14001 1.00000 
294.38699 1.00000 
294.29901 1.00000 
294.32700 1.00000 
294.21600 1.00000 
294.05399 1.00000 
294.14401 1.00000 
294.25201 1.00000 
294.20700 1.00000 
294.37399 1.00000 
294.30499 1.00000 
294.37701 1.00000 
294.26700 1.00000 
294.40500 1.00000 
294.30600 1.00000 
294.18600 1.00000 
294.03201 1.00000 
294.27701 1.00000 
293.99799 1.00000 
293.93600 1.00000 
294.33499 1.00000 
294.26999 1.00000 
294.26300 1.00000 
294.44901 1.00000 
293.89200 1.00000 
294.06500 1.00000 
294.08899 1.00000 
294.20200 1.00000 
294.12900 1.00000 
293.86099 1.00000 
293.57700 1.00000 
293.37601 1.00000 
293.27802 1.00000 
292.82300 1.00000 
293.22501 1.00000 
293.55200 1.00000 
295.77399 1.00000 
297.39401 1.00000 
294.60001 1.00000 
292.68399 1.00000 
291.98099 1.00000 
291.63199 1.00000 
292.71600 1.00000 
292.41901 1.00000 
292.65399 1.00000 
293.26001 1.00000 
293.31601 1.00000 
293.41101 1.00000 
293.42401 1.00000 
293.41599 1.00000 
293.59900 1.00000 
293.79700 1.00000 
293.86801 1.00000 
293.85699 1.00000 
293.78500 1.00000 
293.92700 1.00000 
293.92999 1.00000 
294.05499 1.00000 
293.97699 1.00000 
294.14099 1.00000 
294.32101 1.00000 
294.19501 1.00000 
294.19000 1.00000 
294.16400 1.00000 
294.24600 1.00000 
294.23801 1.00000 
294.19101 1.00000 
294.15100 1.00000 
294.26999 1.00000 
294.09500 1.00000 
294.14401 1.00000 
294.18201 1.00000 
294.18500 1.00000 
294.01501 1.00000 
293.79800 1.00000 
293.61600 1.00000 
293.94800 1.00000 
294.23901 1.00000 
294.31000 1.00000 
294.21600 1.00000 
294.04501 1.00000 
295.05399 1.00000 
296.80701 1.00000 
303.65399 1.00000 
304.50601 1.00000 
298.41501 1.00000 
295.37299 1.00000 
298.85199 1.00000 
293.70999 1.00000 
0.00000 0.00000 
0.00000 0.00000 
386.37399 1.00000 
393.12601 1.00000 
394.69299 1.00000 
397.70599 1.00000 
399.68301 1.00000 
400.25400 1.00000 
400.21301 1.00000 
399.99600 1.00000 
399.10001 1.00000 
398.17999 1.00000 
397.08099 1.00000 
395.48300 1.00000 
393.99100 1.00000 
392.65100 1.00000 
391.26700 1.00000 
390.14499 1.00000 
389.12799 1.00000 
387.85999 1.00000 
386.49399 1.00000 
386.28799 1.00000 
388.22501 1.00000 
389.91000 1.00000 
390.53900 1.00000 
390.84500 1.00000 
390.86200 1.00000 
390.45499 1.00000 
390.71701 1.00000 
391.32300 1.00000 
391.97299 1.00000 
392.36600 1.00000 
392.63101 1.00000 
393.30801 1.00000 
393.46799 1.00000 
392.65100 1.00000 
391.05099 1.00000 
390.28500 1.00000 
389.94501 1.00000 
389.73099 1.00000 
390.28900 1.00000 
390.91400 1.00000 
392.12799 1.00000 
393.40399 1.00000 
394.01300 1.00000 
393.87201 1.00000 
394.02499 1.00000 
394.19299 1.00000 
393.93600 1.00000 
393.38400 1.00000 
393.08401 1.00000 
392.32501 1.00000 
392.07501 1.00000 
391.52499 1.00000 
390.59100 1.00000 
389.38501 1.00000 
388.50400 1.00000 
388.04199 1.00000 
387.59299 1.00000 
387.77499 1.00000 
387.85101 1.00000 
388.20401 1.00000 
388.79300 1.00000 
389.33801 1.00000 
389.81500 1.00000 
390.44400 1.00000 
391.47699 1.00000 
392.91299 1.00000 
394.34601 1.00000 
395.32001 1.00000 
396.13699 1.00000 
397.14200 1.00000 
398.23901 1.00000 
398.63199 1.00000 
397.88101 1.00000 
397.50101 1.00000 
397.74100 1.00000 
397.99200 1.00000 
397.69501 1.00000 
397.40399 1.00000 
397.22601 1.00000 
397.29099 1.00000 
397.37299 1.00000 
397.35901 1.00000 
397.72601 1.00000 
398.48801 1.00000 
399.33600 1.00000 
400.44501 1.00000 
400.78000 1.00000 
402.03601 1.00000 
400.11099 1.00000 
398.62000 1.00000 
397.26099 1.00000 
396.04401 1.00000 
395.24899 1.00000 
398.62701 1.00000 
400.38000 1.00000 
417.15100 1.00000 
416.02100 1.00000 
427.67499 1.00000 
427.77200 1.00000 
428.34299 1.00000 
418.72400 1.00000 
419.92200 1.00000 
429.35300 1.00000 
428.92599 1.00000 
429.71399 1.00000 
422.51099 1.00000 
430.52100 1.00000 
439.15701 1.00000 
439.10699 1.00000 
439.83600 1.00000 
442.43201 1.00000 
439.45300 1.00000 
439.10501 1.00000 
442.07599 1.00000 
442.75900 1.00000 
442.43900 1.00000 
441.87399 1.00000 
441.99200 1.00000 
442.82999 1.00000 
442.89099 1.00000 
442.14801 1.00000 
442.06900 1.00000 
442.60101 1.00000 
443.01099 1.00000 
442.70999 1.00000 
442.27600 1.00000 
442.51001 1.00000 
442.75400 1.00000 
442.88599 1.00000 
442.60800 1.00000 
442.54599 1.00000 
442.88699 1.00000 
442.94101 1.00000 
442.67001 1.00000 
442.56201 1.00000 
442.69000 1.00000 
442.77200 1.00000 
442.81601 1.00000 
442.55801 1.00000 
442.55200 1.00000 
442.74100 1.00000 
442.68900 1.00000 
442.57001 1.00000 
442.66501 1.00000 
442.89801 1.00000 
439.58600 1.00000 
442.63199 1.00000 
445.77600 1.00000 
449.09698 1.00000 
447.80200 1.00000 
443.94699 1.00000 
499.45599 1.00000 
506.24500 1.00000 
507.55600 1.00000 
508.87799 1.00000 
509.94199 1.00000 
509.90799 1.00000 
509.43399 1.00000 
509.36600 1.00000 
508.61499 1.00000 
506.84000 1.00000 
505.40701 1.00000 
502.92300 1.00000 
502.19601 1.00000 
500.72101 1.00000 
499.59399 1.00000 
498.34399 1.00000 
497.17001 1.00000 
496.01099 1.00000 
496.27200 1.00000 
496.83200 1.00000 
496.88599 1.00000 
497.20700 1.00000 
498.26001 1.00000 
499.39200 1.00000 
500.31799 1.00000 
501.72198 1.00000 
503.48700 1.00000 
505.03201 1.00000 
506.51801 1.00000 
507.83801 1.00000 
509.23099 1.00000 
511.03400 1.00000 
511.32999 1.00000 
511.31799 1.00000 
511.54401 1.00000 
511.70300 1.00000 
511.75800 1.00000 
511.48999 1.00000 
511.15799 1.00000 
510.54901 1.00000 
509.44699 1.00000 
507.91599 1.00000 
505.41101 1.00000 
503.06601 1.00000 
502.60300 1.00000 
502.23599 1.00000 
501.29001 1.00000 
499.97601 1.00000 
499.85599 1.00000 
499.39301 1.00000 
499.29599 1.00000 
498.96201 1.00000 
499.02701 1.00000 
499.18399 1.00000 
499.84399 1.00000 
500.10501 1.00000 
500.77499 1.00000 
501.27899 1.00000 
502.06299 1.00000 
502.94501 1.00000 
503.91501 1.00000 
504.60001 1.00000 
505.78000 1.00000 
506.90201 1.00000 
508.67899 1.00000 
509.73999 1.00000 
509.70001 1.00000 
510.32800 1.00000 
510.56100 1.00000 
509.96301 1.00000 
510.29800 1.00000 
510.64099 1.00000 
510.95200 1.00000 
510.62601 1.00000 
510.63400 1.00000 
510.81400 1.00000 
509.90302 1.00000 
509.58200 1.00000 
509.31500 1.00000 
509.18201 1.00000 
510.36899 1.00000 
511.01300 1.00000 
511.13000 1.00000 
510.47800 1.00000 
509.92300 1.00000 
509.08801 1.00000 
506.56000 1.00000 
499.66800 1.00000 
494.67599 1.00000 
417.61301 1.00000 
435.97601 1.00000 
440.44299 1.00000 
441.02200 1.00000 
440.57700 1.00000 
441.87299 1.00000 
441.19901 1.00000 
440.87601 1.00000 
440.64099 1.00000 
441.19501 1.00000 
440.71201 1.00000 
440.18701 1.00000 
440.19501 1.00000 
440.92200 1.00000 
441.41501 1.00000 
441.82599 1.00000 
441.48099 1.00000 
441.64200 1.00000 
442.01501 1.00000 
442.00400 1.00000 
441.61401 1.00000 
441.10199 1.00000 
440.90701 1.00000 
441.60901 1.00000 
441.88000 1.00000 
442.01901 1.00000 
441.78900 1.00000 
441.76501 1.00000 
441.98199 1.00000 
441.95599 1.00000 
441.86200 1.00000 
441.88300 1.00000 
441.81201 1.00000 
441.93500 1.00000 
442.02200 1.00000 
442.56299 1.00000 
442.27100 1.00000 
442.42599 1.00000 
442.45801 1.00000 
442.60001 1.00000 
442.57401 1.00000 
442.68600 1.00000 
442.58701 1.00000 
442.53900 1.00000 
442.63300 1.00000 
442.63400 1.00000 
442.47000 1.00000 
442.69699 1.00000 
442.75900 1.00000 
443.03000 1.00000 
444.06000 1.00000 
456.62201 1.00000 
496.32001 1.00000 
491.75201 1.00000 
454.62500 1.00000 
443.62299 1.00000 
428.97400 1.00000 
496.99301 1.00000 
505.96899 1.00000 
508.08200 1.00000 
508.25101 1.00000 
508.43600 1.00000 
509.35599 1.00000 
509.84500 1.00000 
510.13000 1.00000 
509.96301 1.00000 
509.88199 1.00000 
508.85999 1.00000 
508.03601 1.00000 
506.59601 1.00000 
504.32101 1.00000 
502.47000 1.00000 
501.74399 1.00000 
500.32101 1.00000 
498.74200 1.00000 
498.62900 1.00000 
497.99899 1.00000 
497.96100 1.00000 
497.91501 1.00000 
498.40302 1.00000 
498.96201 1.00000 
499.79199 1.00000 
500.57501 1.00000 
501.08899 1.00000 
501.91800 1.00000 
503.60199 1.00000 
505.51999 1.00000 
506.84100 1.00000 
507.30301 1.00000 
507.82199 1.00000 
508.81100 1.00000 
509.29401 1.00000 
509.41199 1.00000 
509.26401 1.00000 
509.39499 1.00000 
509.29700 1.00000 
508.92300 1.00000 
508.71600 1.00000 
508.01901 1.00000 
507.19400 1.00000 
505.99399 1.00000 
504.79901 1.00000 
503.13300 1.00000 
502.56900 1.00000 
501.47000 1.00000 
500.95099 1.00000 
499.75699 1.00000 
499.19501 1.00000 
498.60001 1.00000 
498.23499 1.00000 
497.96100 1.00000 
497.98700 1.00000 
498.25101 1.00000 
498.53699 1.00000 
499.01300 1.00000 
499.30899 1.00000 
499.65100 1.00000 
499.89001 1.00000 
500.46100 1.00000 
501.23700 1.00000 
502.72198 1.00000 
504.40500 1.00000 
506.01001 1.00000 
506.96701 1.00000 
507.14700 1.00000 
507.55899 1.00000 
508.46600 1.00000 
508.91000 1.00000 
508.60300 1.00000 
508.65900 1.00000 
508.67801 1.00000 
508.46399 1.00000 
507.97699 1.00000 
507.55801 1.00000 
507.47198 1.00000 
507.03601 1.00000 
506.83301 1.00000 
506.68500 1.00000 
506.93100 1.00000 
507.04099 1.00000 
507.23099 1.00000 
507.53699 1.00000 
507.91800 1.00000 
507.78601 1.00000 
511.15601 1.00000 
518.02698 1.00000 
526.14398 1.00000 
527.86200 1.00000 
527.52002 1.00000 
520.21698 1.00000 
519.22302 1.00000 
529.97400 1.00000 
532.96100 1.00000 
535.12500 1.00000 
537.38898 1.00000 
537.93903 1.00000 
537.78101 1.00000 
538.12799 1.00000 
537.75897 1.00000 
537.28900 1.00000 
537.03003 1.00000 
536.73499 1.00000 
536.52600 1.00000 
536.32098 1.00000 
535.92999 1.00000 
535.57202 1.00000 
535.30298 1.00000 
535.03101 1.00000 
534.99500 1.00000 
534.83502 1.00000 
534.80200 1.00000 
534.98901 1.00000 
535.12500 1.00000 
535.17102 1.00000 
535.38501 1.00000 
535.53400 1.00000 
535.72198 1.00000 
535.75800 1.00000 
535.55603 1.00000 
535.54602 1.00000 
535.54999 1.00000 
535.21503 1.00000 
534.97101 1.00000 
534.89203 1.00000 
534.38000 1.00000 
534.08899 1.00000 
533.70398 1.00000 
533.68701 1.00000 
533.50598 1.00000 
533.58099 1.00000 
533.30298 1.00000 
533.45300 1.00000 
533.49298 1.00000 
533.64203 1.00000 
534.23499 1.00000 
535.03400 1.00000 
536.07202 1.00000 
537.19897 1.00000 
538.04498 1.00000 
538.31097 1.00000 
535.45001 1.00000 
533.23499 1.00000 
0.00000 0.00000 
0.00000 0.00000 
589.62402 1.00000 
601.70300 1.00000 
606.61798 1.00000 
607.98602 1.00000 
606.18799 1.00000 
607.12299 1.00000 
607.15198 1.00000 
606.20398 1.00000 
605.60901 1.00000 
604.49200 1.00000 
603.84900 1.00000 
602.38501 1.00000 
600.02600 1.00000 
598.18701 1.00000 
595.37201 1.00000 
593.50403 1.00000 
590.85303 1.00000 
588.84900 1.00000 
587.51202 1.00000 
586.57599 1.00000 
585.43201 1.00000 
584.99200 1.00000 
585.57703 1.00000 
586.07898 1.00000 
586.90802 1.00000 
587.84900 1.00000 
589.53998 1.00000 
591.66199 1.00000 
593.94800 1.00000 
597.08801 1.00000 
600.97101 1.00000 
603.68799 1.00000 
603.82202 1.00000 
605.31702 1.00000 
606.94202 1.00000 
606.74902 1.00000 
606.59601 1.00000 
606.70898 1.00000 
607.26001 1.00000 
606.95697 1.00000 
606.49799 1.00000 
605.29498 1.00000 
604.40601 1.00000 
603.44299 1.00000 
601.40601 1.00000 
598.91302 1.00000 
596.28003 1.00000 
594.85797 1.00000 
593.45001 1.00000 
591.41803 1.00000 
587.78802 1.00000 
585.34998 1.00000 
583.77899 1.00000 
582.13000 1.00000 
582.02100 1.00000 
580.72803 1.00000 
579.97803 1.00000 
580.46600 1.00000 
580.18402 1.00000 
581.69897 1.00000 
583.82202 1.00000 
585.70697 1.00000 
587.13501 1.00000 
588.37097 1.00000 
590.26801 1.00000 
591.96399 1.00000 
592.98199 1.00000 
594.57397 1.00000 
596.38300 1.00000 
598.36902 1.00000 
598.67200 1.00000 
598.36298 1.00000 
598.71002 1.00000 
599.03802 1.00000 
598.04700 1.00000 
596.90900 1.00000 
595.98199 1.00000 
595.35498 1.00000 
594.76001 1.00000 
593.55902 1.00000 
591.94598 1.00000 
586.57800 1.00000 
578.19501 1.00000 
547.85400 1.00000 
0.00000 0.00000 
0.00000 0.00000 
0.00000 0.00000 
0.00000 0.00000 
0.00000 0.00000 
531.86798 1.00000 
530.17401 1.00000 
529.53699 1.00000 
530.72803 1.00000 
530.83899 1.00000 
531.03003 1.00000 
530.70697 1.00000 
530.43799 1.00000 
530.40503 1.00000 
530.50299 1.00000 
530.68298 1.00000 
530.51703 1.00000 
530.61102 1.00000 
530.76398 1.00000 
530.68701 1.00000 
530.60498 1.00000 
530.49597 1.00000 
530.62402 1.00000 
530.58801 1.00000 
530.46600 1.00000 
530.63702 1.00000 
530.60699 1.00000 
530.81201 1.00000 
531.13000 1.00000 
531.33600 1.00000 
531.31897 1.00000 
531.39099 1.00000 
531.67902 1.00000 
531.76599 1.00000 
531.61401 1.00000 
531.54999 1.00000 
531.59601 1.00000 
531.58698 1.00000 
531.54498 1.00000 
531.65601 1.00000 
531.57202 1.00000 
531.47198 1.00000 
531.54797 1.00000 
531.40698 1.00000 
531.28101 1.00000 
530.84100 1.00000 
529.92200 1.00000 
528.35303 1.00000 
525.67499 1.00000 
519.96100 1.00000 
515.76599 1.00000 
517.08899 1.00000 
521.81598 1.00000 
525.54498 1.00000 
522.75000 1.00000 
501.58099 1.00000 
501.72601 1.00000 
503.29300 1.00000 
503.13300 1.00000 
504.61099 1.00000 
504.27200 1.00000 
504.46500 1.00000 
504.58701 1.00000 
503.40601 1.00000 
503.98801 1.00000 
504.16599 1.00000 
504.35300 1.00000 
504.67899 1.00000 
504.19400 1.00000 
504.51801 1.00000 
504.42499 1.00000 
504.39099 1.00000 
504.44199 1.00000 
504.16599 1.00000 
504.52301 1.00000 
504.56601 1.00000 
504.57800 1.00000 
504.47400 1.00000 
504.42499 1.00000 
504.67300 1.00000 
504.76801 1.00000 
504.59698 1.00000 
504.66699 1.00000 
504.31799 1.00000 
504.16501 1.00000 
503.75900 1.00000 
503.21701 1.00000 
502.39200 1.00000 
501.13599 1.00000 
499.54599 1.00000 
496.89801 1.00000 
495.52200 1.00000 
497.84698 1.00000 
501.19699 1.00000 
426.71301 1.00000 
429.01199 1.00000 
430.32199 1.00000 
434.45700 1.00000 
439.02301 1.00000 
440.91299 1.00000 
442.12601 1.00000 
442.30801 1.00000 
442.12601 1.00000 
442.33600 1.00000 
442.65201 1.00000 
442.54501 1.00000 
442.34201 1.00000 
442.43500 1.00000 
442.52802 1.00000 
442.48300 1.00000 
442.36499 1.00000 
442.51199 1.00000 
442.51999 1.00000 
442.54300 1.00000 
442.64301 1.00000 
442.57501 1.00000 
442.48099 1.00000 
442.35901 1.00000 
442.47601 1.00000 
442.34000 1.00000 
442.24200 1.00000 
442.24399 1.00000 
442.18399 1.00000 
442.37701 1.00000 
442.25101 1.00000 
442.27100 1.00000 
442.09799 1.00000 
441.73499 1.00000 
441.63400 1.00000 
441.24399 1.00000 
441.11301 1.00000 
440.79800 1.00000 
440.69199 1.00000 
440.73499 1.00000 
439.56100 1.00000 
438.56500 1.00000 
439.33701 1.00000 
438.60001 1.00000 
429.48499 1.00000 
419.35400 1.00000 
428.08301 1.00000 
420.58099 1.00000 
405.06100 1.00000 
399.36499 1.00000 
401.63599 1.00000 
402.26401 1.00000 
404.06500 1.00000 
404.06000 1.00000 
404.03299 1.00000 
404.31500 1.00000 
404.32800 1.00000 
404.79199 1.00000 
404.48001 1.00000 
404.28500 1.00000 
404.13599 1.00000 
404.35901 1.00000 
404.35699 1.00000 
404.23401 1.00000 
404.06201 1.00000 
404.04001 1.00000 
403.89899 1.00000 
404.20999 1.00000 
404.38599 1.00000 
404.75699 1.00000 
405.30399 1.00000 
405.47400 1.00000 
405.18301 1.00000 
404.74100 1.00000 
404.46201 1.00000 
403.94199 1.00000 
403.55399 1.00000 
402.58401 1.00000 
401.64401 1.00000 
401.16400 1.00000 
401.31500 1.00000 
402.57401 1.00000 
404.17099 1.00000 
404.46799 1.00000 
401.79401 1.00000 
399.76901 1.00000 
397.82401 1.00000 
397.02802 1.00000 
397.35699 1.00000 
399.11401 1.00000 
398.56900 1.00000 
399.27899 1.00000 
400.36099 1.00000 
399.89600 1.00000 
399.84900 1.00000 
0.00000 0.00000 
0.00000 0.00000 
0.00000 0.00000 
0.00000 0.00000 
0.00000 0.00000 
0.00000 0.00000 
604.45697 1.00000 
603.98401 1.00000 
602.59900 1.00000 
601.11200 1.00000 
600.21698 1.00000 
599.34601 1.00000 
597.42401 1.00000 
595.07001 1.00000 
592.94299 1.00000 
590.32703 1.00000 
587.94897 1.00000 
586.78302 1.00000 
586.05902 1.00000 
585.19098 1.00000 
584.17200 1.00000 
584.91199 1.00000 
586.35699 1.00000 
589.12799 1.00000 
590.87799 1.00000 
593.32202 1.00000 
595.22400 1.00000 
597.00403 1.00000 
597.42798 1.00000 
598.80701 1.00000 
600.88098 1.00000 
603.12500 1.00000 
604.09698 1.00000 
604.58801 1.00000 
605.64398 1.00000 
605.55798 1.00000 
604.99799 1.00000 
605.03802 1.00000 
605.16302 1.00000 
605.31897 1.00000 
605.55298 1.00000 
604.39203 1.00000 
601.61200 1.00000 
599.83099 1.00000 
597.88202 1.00000 
595.18597 1.00000 
593.15601 1.00000 
591.71899 1.00000 
590.27002 1.00000 
589.44897 1.00000 
590.00702 1.00000 
589.35101 1.00000 
588.59302 1.00000 
588.51202 1.00000 
588.50702 1.00000 
589.26898 1.00000 
590.24500 1.00000 
590.91101 1.00000 
591.74597 1.00000 
592.52802 1.00000 
593.20203 1.00000 
593.93103 1.00000 
594.29901 1.00000 
595.69598 1.00000 
597.25500 1.00000 
597.96899 1.00000 
597.81702 1.00000 
597.30603 1.00000 
596.35602 1.00000 
595.89301 1.00000 
595.86902 1.00000 
595.71399 1.00000 
595.36298 1.00000 
593.68298 1.00000 
590.89899 1.00000 
589.97803 1.00000 
586.90802 1.00000 
583.28699 1.00000 
546.21997 1.00000 
536.08801 1.00000 
532.33899 1.00000 
529.37903 1.00000 
528.67798 1.00000 
527.10400 1.00000 
528.49902 1.00000 
518.62201 1.00000 
525.93201 1.00000 
525.97498 1.00000 
526.55200 1.00000 
527.51501 1.00000 
528.54102 1.00000 
529.28302 1.00000 
529.56299 1.00000 
529.65900 1.00000 
529.87598 1.00000 
529.99597 1.00000 
529.98700 1.00000 
530.36798 1.00000 
530.98401 1.00000 
531.51801 1.00000 
531.59802 1.00000 
531.84900 1.00000 
532.25201 1.00000 
532.63898 1.00000 
533.04199 1.00000 
532.70203 1.00000 
531.81097 1.00000 
531.78400 1.00000 
531.87000 1.00000 
531.69598 1.00000 
531.76501 1.00000 
531.71802 1.00000 
532.07001 1.00000 
532.20203 1.00000 
532.31897 1.00000 
532.45001 1.00000 
532.55603 1.00000 
532.68500 1.00000 
532.78900 1.00000 
532.76898 1.00000 
532.87500 1.00000 
533.12201 1.00000 
532.98901 1.00000 
533.03198 1.00000 
532.98499 1.00000 
532.74799 1.00000 
532.65900 1.00000 
532.56702 1.00000 
532.37701 1.00000 
532.00702 1.00000 
530.84497 1.00000 
529.21899 1.00000 
532.44501 1.00000 
529.73798 1.00000 
521.59698 1.00000 
508.80301 1.00000 
505.69901 1.00000 
504.14200 1.00000 
503.17001 1.00000 
502.73300 1.00000 
501.28900 1.00000 
500.09500 1.00000 
499.28000 1.00000 
498.29300 1.00000 
497.39700 1.00000 
496.86600 1.00000 
495.60501 1.00000 
495.28201 1.00000 
494.79501 1.00000 
494.53101 1.00000 
494.58600 1.00000 
494.55200 1.00000 
495.29999 1.00000 
495.73199 1.00000 
496.89899 1.00000 
497.26501 1.00000 
498.54999 1.00000 
499.32700 1.00000 
500.15799 1.00000 
500.32401 1.00000 
501.02701 1.00000 
501.80499 1.00000 
502.36499 1.00000 
503.11899 1.00000 
503.82401 1.00000 
503.60599 1.00000 
503.85199 1.00000 
503.96100 1.00000 
503.57001 1.00000 
503.16800 1.00000 
502.95200 1.00000 
502.39499 1.00000 
501.61301 1.00000 
500.87100 1.00000 
500.53799 1.00000 
499.57401 1.00000 
498.53000 1.00000 
498.16101 1.00000 
497.37900 1.00000 
496.95200 1.00000 
496.65100 1.00000 
496.59000 1.00000 
496.49200 1.00000 
496.26501 1.00000 
496.40601 1.00000 
496.20001 1.00000 
496.14301 1.00000 
496.17999 1.00000 
496.27200 1.00000 
497.10699 1.00000 
497.74100 1.00000 
498.16501 1.00000 
498.64301 1.00000 
498.56201 1.00000 
499.12000 1.00000 
499.83401 1.00000 
500.82800 1.00000 
501.23099 1.00000 
501.66000 1.00000 
502.31299 1.00000 
502.95901 1.00000 
503.08200 1.00000 
503.65799 1.00000 
503.53000 1.00000 
503.82401 1.00000 
504.03699 1.00000 
504.16400 1.00000 
504.17801 1.00000 
504.51901 1.00000 
503.88300 1.00000 
502.91299 1.00000 
502.92300 1.00000 
502.17801 1.00000 
502.28799 1.00000 
502.69901 1.00000 
502.69601 1.00000 
501.64401 1.00000 
499.69101 1.00000 
499.44000 1.00000 
497.75299 1.00000 
464.79401 1.00000 
439.20401 1.00000 
438.53299 1.00000 
429.39801 1.00000 
438.62399 1.00000 
437.37500 1.00000 
447.27301 1.00000 
436.75400 1.00000 
437.48599 1.00000 
439.26401 1.00000 
440.57999 1.00000 
441.56299 1.00000 
441.58801 1.00000 
441.31699 1.00000 
442.12000 1.00000 
441.89099 1.00000 
442.16901 1.00000 
442.19101 1.00000 
442.21301 1.00000 
442.47000 1.00000 
442.37601 1.00000 
442.39099 1.00000 
442.35999 1.00000 
442.15302 1.00000 
442.48300 1.00000 
442.53699 1.00000 
442.42001 1.00000 
442.59299 1.00000 
442.44000 1.00000 
442.66901 1.00000 
442.55099 1.00000 
442.53500 1.00000 
442.53201 1.00000 
442.63501 1.00000 
442.80301 1.00000 
442.76099 1.00000 
442.71600 1.00000 
442.71301 1.00000 
442.83600 1.00000 
442.72501 1.00000 
442.63101 1.00000 
442.72000 1.00000 
442.79901 1.00000 
442.74500 1.00000 
442.70099 1.00000 
442.74301 1.00000 
442.73700 1.00000 
442.87201 1.00000 
442.82700 1.00000 
439.71899 1.00000 
439.23700 1.00000 
442.11899 1.00000 
441.94400 1.00000 
441.34100 1.00000 
439.39499 1.00000 
439.05499 1.00000 
0.00000 0.00000 
0.00000 0.00000 
442.18301 1.00000 
441.47501 1.00000 
428.16901 1.00000 
0.00000 0.00000 
0.00000 0.00000 
389.40900 1.00000 
387.98599 1.00000 
390.43301 1.00000 
391.62399 1.00000 
393.75900 1.00000 
395.79300 1.00000 
398.05399 1.00000 
397.27301 1.00000 
397.03900 1.00000 
395.88400 1.00000 
394.79800 1.00000 
393.58200 1.00000 
392.98999 1.00000 
392.25400 1.00000 
392.12399 1.00000 
392.57700 1.00000 
392.74899 1.00000 
392.59201 1.00000 
393.31601 1.00000 
393.66199 1.00000 
394.70200 1.00000 
395.31601 1.00000 
396.39301 1.00000 
397.52200 1.00000 
397.98401 1.00000 
397.93301 1.00000 
398.28000 1.00000 
398.60400 1.00000 
398.70099 1.00000 
399.04199 1.00000 
399.11700 1.00000 
399.74701 1.00000 
400.32901 1.00000 
400.65302 1.00000 
400.60999 1.00000 
400.42999 1.00000 
400.72000 1.00000 
400.98099 1.00000 
401.16599 1.00000 
401.16699 1.00000 
400.94299 1.00000 
400.51401 1.00000 
399.70999 1.00000 
398.94299 1.00000 
397.35199 1.00000 
395.88300 1.00000 
394.57199 1.00000 
393.75601 1.00000 
393.26801 1.00000 
392.78101 1.00000 
392.56201 1.00000 
392.19400 1.00000 
391.64899 1.00000 
391.41800 1.00000 
391.70099 1.00000 
392.38501 1.00000 
393.43399 1.00000 
394.57101 1.00000 
395.42099 1.00000 
395.93799 1.00000 
396.71399 1.00000 
397.12201 1.00000 
397.33200 1.00000 
397.26999 1.00000 
397.11499 1.00000 
397.11600 1.00000 
397.54599 1.00000 
397.95499 1.00000 
398.20499 1.00000 
398.63501 1.00000 
398.82001 1.00000 
398.81900 1.00000 
398.65500 1.00000 
398.74799 1.00000 
398.97900 1.00000 
398.70099 1.00000 
398.59900 1.00000 
398.66901 1.00000 
398.32599 1.00000 
398.02399 1.00000 
397.49799 1.00000 
397.20200 1.00000 
396.79999 1.00000 
396.23700 1.00000 
395.06100 1.00000 
394.60199 1.00000 
394.13501 1.00000 
394.02802 1.00000 
393.67001 1.00000 
393.31500 1.00000 
392.83899 1.00000 
393.75000 1.00000 
394.37201 1.00000 
393.70700 1.00000 
393.39600 1.00000 
393.78500 1.00000 
395.61600 1.00000 
396.62900 1.00000 
398.15601 1.00000 
398.82700 1.00000 
399.42899 1.00000 
399.98401 1.00000 
399.28500 1.00000 
398.61899 1.00000 
398.47501 1.00000 
398.37201 1.00000 
398.98901 1.00000 
399.29001 1.00000 
399.29901 1.00000 
399.36401 1.00000 
399.26801 1.00000 
399.27802 1.00000 
399.27200 1.00000 
399.48801 1.00000 
399.05600 1.00000 
399.18799 1.00000 
399.48300 1.00000 
399.52499 1.00000 
399.44199 1.00000 
399.28000 1.00000 
398.86801 1.00000 
398.31500 1.00000 
398.24799 1.00000 
397.88599 1.00000 
397.91400 1.00000 
397.87500 1.00000 
398.21701 1.00000 
398.91699 1.00000 
398.89200 1.00000 
398.70001 1.00000 
399.02899 1.00000 
398.51199 1.00000 
399.22900 1.00000 
397.77499 1.00000 
397.20599 1.00000 
395.17300 1.00000 
392.34601 1.00000 
393.69101 1.00000 
393.98999 1.00000 
396.09500 1.00000 
401.54401 1.00000 
400.85699 1.00000 
399.62701 1.00000 
399.28500 1.00000 
398.73700 1.00000 
399.37799 1.00000 
398.68701 1.00000 
400.26599 1.00000 
399.18301 1.00000 
399.37701 1.00000 
398.13199 1.00000 
397.58301 1.00000 
398.37701 1.00000 
396.92001 1.00000 
396.93500 1.00000 
384.39999 1.00000 
398.01599 1.00000 
397.01501 1.00000 
405.46500 1.00000 
399.55301 1.00000 
394.69400 1.00000 
399.72501 1.00000 
397.82401 1.00000 
397.20401 1.00000 
400.36700 1.00000 
400.13901 1.00000 
398.09100 1.00000 
398.67200 1.00000 
398.71799 1.00000 
394.90601 1.00000 
399.39401 1.00000 
398.13599 1.00000 
389.64499 1.00000 
391.04700 1.00000 
396.34698 1.00000 
392.84900 1.00000 
396.72000 1.00000 
398.15799 1.00000 
400.09299 1.00000 
399.14801 1.00000 
406.65302 1.00000 
414.75800 1.00000 
410.06601 1.00000 
408.95001 1.00000 
404.81699 1.00000 
400.31900 1.00000 
396.79599 1.00000 
392.81900 1.00000 
388.72101 1.00000 
388.69101 1.00000 
390.75101 1.00000 
412.59601 1.00000 
409.36801 1.00000 
408.32199 1.00000 
0.00000 0.00000 
0.00000 0.00000 
0.00000 0.00000 
0.00000 0.00000 
0.00000 0.00000 
0.00000 0.00000 
0.00000 0.00000 
0.00000 0.00000 
0.00000 0.00000 
0.00000 0.00000 
0.00000 0.00000 
0.00000 0.00000 
0.00000 0.00000 
0.00000 0.00000 
0.00000 0.00000 
0.00000 0.00000 
0.00000 0.00000 
0.00000 0.00000 
0.00000 0.00000 
0.00000 0.00000 
0.00000 0.00000 
0.00000 0.00000 
0.00000 0.00000 
0.00000 0.00000 
0.00000 0.00000 
0.00000 0.00000 
0.00000 0.00000 
0.00000 0.00000 
0.00000 0.00000 
0.00000 0.00000 
0.00000 0.00000 
0.00000 0.00000 
0.00000 0.00000 
0.00000 0.00000 
0.00000 0.00000 
0.00000 0.00000 
0.00000 0.00000 
0.00000 0.00000 
0.00000 0.00000 
0.00000 0.00000 
0.00000 0.00000 
0.00000 0.00000 
0.00000 0.00000 
0.00000 0.00000 
0.00000 0.00000 
0.00000 0.00000 
0.00000 0.00000 
0.00000 0.00000 
0.00000 0.00000 
0.00000 0.00000 
0.00000 0.00000 
0.00000 0.00000 
0.00000 0.00000 
0.00000 0.00000 
0.00000 0.00000 
0.00000 0.00000 
0.00000 0.00000 
0.00000 0.00000 
0.00000 0.00000 
0.00000 0.00000 
0.00000 0.00000 
0.00000 0.00000 
0.00000 0.00000 
0.00000 0.00000 
0.00000 0.00000 
0.00000 0.00000 
0.00000 0.00000 
0.00000 0.00000 
0.00000 0.00000 
0.00000 0.00000 
0.00000 0.00000 
0.00000 0.00000 
0.00000 0.00000 
0.00000 0.00000 
0.00000 0.00000 
0.00000 0.00000 
0.00000 0.00000 
0.00000 0.00000 
0.00000 0.00000 
0.00000 0.00000 
0.00000 0.00000 
0.00000 0.00000 
0.00000 0.00000 
0.00000 0.00000 
0.00000 0.00000 
0.00000 0.00000 
0.00000 0.00000 
0.00000 0.00000 
0.00000 0.00000 
0.00000 0.00000 
0.00000 0.00000 
0.00000 0.00000 
0.00000 0.00000 
0.00000 0.00000 
0.00000 0.00000 
0.00000 0.00000 
0.00000 0.00000 
0.00000 0.00000 
0.00000 0.00000 
0.00000 0.00000 
0.00000 0.00000 
0.00000 0.00000 
0.00000 0.00000 
0.00000 0.00000 
0.00000 0.00000 
0.00000 0.00000 
0.00000 0.00000 
0.00000 0.00000 
0.00000 0.00000 
0.00000 0.00000 
0.00000 0.00000 
0.00000 0.00000 
0.00000 0.00000 
0.00000 0.00000 
0.00000 0.00000 
0.00000 0.00000 
0.00000 0.00000 
0.00000 0.00000 
0.00000 0.00000 
0.00000 0.00000 
0.00000 0.00000 
0.00000 0.00000 
0.00000 0.00000 
0.00000 0.00000 
0.00000 0.00000 
0.00000 0.00000 
0.00000 0.00000 
0.00000 0.00000 
0.00000 0.00000 
0.00000 0.00000 
0.00000 0.00000 
0.00000 0.00000 
0.00000 0.00000 
0.00000 0.00000 
0.00000 0.00000 
0.00000 0.00000 
0.00000 0.00000 
0.00000 0.00000 
0.00000 0.00000 
0.00000 0.00000 
0.00000 0.00000 
0.00000 0.00000 
0.00000 0.00000 
0.00000 0.00000 
0.00000 0.00000 
0.00000 0.00000 
0.00000 0.00000 
0.00000 0.00000 
0.00000 0.00000 
0.00000 0.00000 
0.00000 0.00000 
0.00000 0.00000 
0.00000 0.00000 
0.00000 0.00000 
0.00000 0.00000 
0.00000 0.00000 
0.00000 0.00000 
0.00000 0.00000 
0.00000 0.00000 
0.00000 0.00000 
0.00000 0.00000 
0.00000 0.00000 
0.00000 0.00000 
0.00000 0.00000 
0.00000 0.00000 
0.00000 0.00000 
0.00000 0.00000 
0.00000 0.00000 
0.00000 0.00000 
0.00000 0.00000 
0.00000 0.00000 
0.00000 0.00000 
0.00000 0.00000 
0.00000 0.00000 
0.00000 0.00000 
0.00000 0.00000 
0.00000 0.00000 
0.00000 0.00000 
0.00000 0.00000 
0.00000 0.00000 
0.00000 0.00000 
0.00000 0.00000 
0.00000 0.00000 
0.00000 0.00000 
0.00000 0.00000 
0.00000 0.00000 
0.00000 0.00000 
0.00000 0.00000 
0.00000 0.00000 
